,x,y,pNG
0,0.0,1.4371666798510698,0.12533111851005752
1,0.005025125628140704,1.4377138477153288,0.12515540962561222
2,0.010050251256281407,1.4393353815009637,0.1249781500566417
3,0.01507537688442211,1.4419731384851044,0.12479932818649064
4,0.020100502512562814,1.4455358817158896,0.12461893296737915
5,0.02512562814070352,1.4499070377347885,0.12443695397445895
6,0.03015075376884422,1.4549541777702257,0.12425338145851585
7,0.035175879396984924,1.4605390770378675,0.12406820639699535
8,0.04020100502512563,1.4665271734898677,0.12388142054303285
9,0.04522613065326633,1.4727953711731367,0.12369301647220945
10,0.05025125628140704,1.4792373926627025,0.12350298762673405
11,0.05527638190954774,1.4857662401643397,0.12331132835682103
12,0.06030150753768844,1.4923137246393245,0.1231180339589969
13,0.06532663316582915,1.4988274116060403,0.12292310071116595
14,0.07035175879396985,1.5052656597011305,0.12272652590422704
15,0.07537688442211056,1.5115916524213155,0.12252830787009028
16,0.08040201005025126,1.5177674185439485,0.12232844600604753
17,0.08542713567839195,1.523748794165408,0.12212694079534304
18,0.09045226130653267,1.5294821090223651,0.1219237938239991
19,0.09547738693467336,1.5349031082296303,0.12171900779393485
20,0.10050251256281408,1.5399382869769709,0.12151258653245768
21,0.10552763819095477,1.5445084665736184,0.12130453499835248
22,0.11055276381909548,1.5485341229073215,0.1210948592848652
23,0.11557788944723618,1.5519417346795585,0.12088356661995835
24,0.12060301507537688,1.5546702791988765,0.12067066536440985
25,0.12562814070351758,1.5566769833712581,0.12045616500843292
26,0.1306532663316583,1.5579415353410357,0.1202400761677177
27,0.135678391959799,1.5584681607273527,0.12002241057999675
28,0.1407035175879397,1.5582852367834206,0.11980318110348898
29,0.1457286432160804,1.5574424207666886,0.1195824017189202
30,0.15075376884422112,1.556005566240766,0.11936008753706615
31,0.15577889447236182,1.5540499575186202,0.1191362548142778
32,0.16080402010050251,1.5516525806269117,0.1189109209787792
33,0.1658291457286432,1.5488842523025814,0.11868410467114188
34,0.1708542713567839,1.5458024412052596,0.11845582580279435
35,0.17587939698492464,1.5424455424824564,0.1182261056371522
36,0.18090452261306533,1.5388292205660603,0.1179949668986211
37,0.18592964824120603,1.5349452329780344,0.11776243391542572
38,0.19095477386934673,1.5307629095512059,0.11752853280320265
39,0.19597989949748745,1.5262332067682032,0.11729329169701475
40,0.20100502512562815,1.5212950054122412,0.11705674104058085
41,0.20603015075376885,1.5158830905532383,0.11681891394243205
42,0.21105527638190955,1.509937065155298,0.11657984660985075
43,0.21608040201005024,1.5034103211414518,0.1163395788725864
44,0.22110552763819097,1.4962781419574638,0.11609815480945407
45,0.22613065326633167,1.4885440518279545,0.1158556234922622
46,0.23115577889447236,1.4802436646971022,0.1156120398625594
47,0.23618090452261306,1.4714455148707009,0.1153674657580489
48,0.24120603015075376,1.4622486527957104,0.1151219711066208
49,0.24623115577889448,1.4527771311465265,0.11487563530711398
50,0.25125628140703515,1.4431718463594028,0.11462854881696805
51,0.2562814070351759,1.4335804931109035,0.11438081496789175
52,0.2613065326633166,1.4241465924106762,0.11413255203147656
53,0.2663316582914573,1.4149986388541704,0.11388389555729815
54,0.271356783919598,1.4062403686754785,0.11363500100649936
55,0.2763819095477387,1.397942988263974,0.11338604670395536
56,0.2814070351758794,1.3901399527229688,0.1131372371320074
57,0.2864321608040201,1.382824588944466,0.11288880658817445
58,0.2914572864321608,1.375950564842272,0.11264102322838533
59,0.2964824120603015,1.3694349577011165,0.11239419351578904
60,0.30150753768844224,1.363163498508444,0.11214866709333073
61,0.3065326633165829,1.3569974760962884,0.11190484209570706
62,0.31155778894472363,1.350781767245765,0.11166317091314236
63,0.3165829145728643,1.3443534948419662,0.11142416641552877
64,0.32160804020100503,1.3375508769906919,0.11118840864076962
65,0.32663316582914576,1.3302218882771584,0.11095655194568088
66,0.3316582914572864,1.3222323911674814,0.1107293326113018
67,0.33668341708542715,1.313473405133079,0.11050757688713576
68,0.3417085427135678,1.303867171515842,0.11029220945039253
69,0.34673366834170855,1.293371662378639,0.11008426224684564
70,0.35175879396984927,1.2819831953837317,0.10988488366936576
71,0.35678391959798994,1.2697368753720844,0.10969534801851323
72,0.36180904522613067,1.2567046987416683,0.10951706517674598
73,0.36683417085427134,1.242991327117263,0.10935159041393172
74,0.37185929648241206,1.2287277455405123,0.10920063422684534
75,0.3768844221105528,1.2140632387851304,0.10906607209932496
76,0.38190954773869346,1.1991563124174256,0.10894995405287576
77,0.3869346733668342,1.1841653189868968,0.1088545138397854
78,0.3919597989949749,1.1692395986915187,0.10878217761253528
79,0.3969849246231156,1.1545118961503502,0.10873557188463034
80,0.4020100502512563,1.1400926746744304,0.10871753057917456
81,0.40703517587939697,1.1260667357803351,0.10873110094304883
82,0.4120603015075377,1.112492294816157,0.10877954808671796
83,0.4170854271356784,1.0994023990101216,0.10886635789297183
84,0.4221105527638191,1.0868083367784653,0.10899523802302813
85,0.4271356783919598,1.0747045054131121,0.10917011673571808
86,0.4321608040201005,1.0630740971810346,0.10939513922597832
87,0.4371859296482412,1.0518949387347252,0.1096746611831072
88,0.44221105527638194,1.0411448714681542,0.1100132392681622
89,0.4472361809045226,1.0308061771786174,0.11041561821425283
90,0.45226130653266333,1.0208687131332286,0.11088671426440078
91,0.457286432160804,1.0113315986428038,0.11143159467965902
92,0.4623115577889447,1.0022034666252033,0.11205545307647324
93,0.46733668341708545,0.9935014368955398,0.1127635803874426
94,0.4723618090452261,0.9852490679832066,0.11356133128421694
95,0.47738693467336685,0.9774735945549315,0.11445408595608042
96,0.4824120603015075,0.9702027605206509,0.11544720720254242
97,0.48743718592964824,0.9634615241266214,0.11654599287345345
98,0.49246231155778897,0.9572688566003728,0.117755623774926
99,0.49748743718592964,0.951634797456933,0.11908110725319955
100,0.5025125628140703,0.9465578819690038,0.12052721677006205
101,0.507537688442211,0.9420230280347405,0.12209842789098245
102,0.5125628140703518,0.9379999614116302,0.12379885121833545
103,0.5175879396984925,0.9344422632872533,0.12563216291441948
104,0.5226130653266332,0.9312871307848347,0.12760153356923798
105,0.5276381909547738,0.9284559366153676,0.12970955627252634
106,0.5326633165829145,0.925855649254939,0.13195817484470873
107,0.5376884422110553,0.9233811267625018,0.13434861326305114
108,0.542713567839196,0.9209182304246626,0.1368813073834806
109,0.5477386934673367,0.9183476302249025,0.13955584010144073
110,0.5527638190954774,0.9155491074977761,0.1423708811131864
111,0.5577889447236181,0.9124061148447525,0.1453241324295086
112,0.5628140703517588,0.9088103379987899,0.14841228075456006
113,0.5678391959798995,0.9046660193999685,0.15163095777250968
114,0.5728643216080402,0.8998938411630629,0.1549747092838224
115,0.577889447236181,0.8944342125146788,0.15843697400270595
116,0.5829145728643216,0.8882498490106554,0.16201007266985767
117,0.5879396984924623,0.8813275570767186,0.16568520795418973
118,0.592964824120603,0.8736791446555754,0.1694524754185429
119,0.5979899497487438,0.8653413733757324,0.17330088561364154
120,0.6030150753768845,0.8563748637722804,0.17721839714846155
121,0.6080402010050251,0.846861879916002,0.1811919603710369
122,0.6130653266331658,0.8369029675747488,0.18520757108933072
123,0.6180904522613065,0.8266125061861858,0.1892503335740391
124,0.6231155778894473,0.816113352650798,0.19330453192140215
125,0.628140703517588,0.8055308853258595,0.19735370872003188
126,0.6331658291457286,0.7949868725270147,0.20138074986659396
127,0.6381909547738693,0.7845936628670641,0.20536797431433074
128,0.6432160804020101,0.77444920272391,0.2092972275184716
129,0.6482412060301508,0.7646333194738862,0.21314997736388666
130,0.6532663316582915,0.755205573957909,0.21690741142250247
131,0.6582914572864321,0.746204802689258,0.22055053448866524
132,0.6633165829145728,0.7376502700986866,0.22406026547646585
133,0.6683417085427136,0.729544166896897,0.22741753292995426
134,0.6733668341708543,0.7218750510232738,0.2306033685893444
135,0.678391959798995,0.7146217509798198,0.233598998668879
136,0.6834170854271356,0.7077572430881254,0.23638593272802666
137,0.6884422110552764,0.7012520677056542,0.23894605025154825
138,0.6934673366834171,0.695076949333497,0.2412616852891576
139,0.6984924623115578,0.6892044124753711,0.2433157097357681
140,0.7035175879396985,0.6836093201989983,0.24509161605291385
141,0.7085427135678392,0.678268390350229,0.2465736004344138
142,0.7135678391959799,0.6731588548420222,0.24774664759887066
143,0.7185929648241206,0.6682565142680627,0.2485966185414891
144,0.7236180904522613,0.6635334999897324,0.24911034269116986
145,0.7286432160804021,0.6589560868018254,0.2492757159882157
146,0.7336683417085427,0.6544828996657757,0.2490818064137271
147,0.7386934673366834,0.6500638266662045,0.24851896845498844
148,0.7437185929648241,0.6456398875873964,0.2475789678683956
149,0.7487437185929648,0.6411442163039368,0.24625511789090335
150,0.7537688442211056,0.6365042021399749,0.2445424277363064
151,0.7587939698492463,0.6316447107886912,0.24243776377850726
152,0.7638190954773869,0.6264921823764397,0.2399400232529377
153,0.7688442211055276,0.6209792968624336,0.2370503195834825
154,0.7738693467336684,0.6150498180618165,0.2337721775514936
155,0.7788944723618091,0.6086631868940332,0.2301117354564768
156,0.7839195979899498,0.6017984372328395,0.22607795017285534
157,0.7889447236180904,0.5944570542304458,0.22168279959380788
158,0.7939698492462312,0.586664480727436,0.21694147539682795
159,0.7989949748743719,0.5784700938474906,0.2118725574130479
160,0.8040201005025126,0.5699456095026934,0.2064981592052149
161,0.8090452261306533,0.5611820135077414,0.2008440328596801
162,0.8140703517587939,0.55228524933196,0.194939619610122
163,0.8190954773869347,0.5433709992659759,0.1888180319019902
164,0.8241206030150754,0.5345589647159257,0.1825159520720826
165,0.8291457286432161,0.5259670730208194,0.17607343317081306
166,0.8341708542713568,0.5177060091304637,0.1695335888117271
167,0.8391959798994975,0.5098743947993143,0.16294216148824936
168,0.8442211055276382,0.5025548278051067,0.15634696269461812
169,0.8492462311557789,0.49581086798567875,0.1497971834834172
170,0.8542713567839196,0.48968493811243324,0.1433425807208546
171,0.8592964824120604,0.48419701747711885,0.13703255204532394
172,0.864321608040201,0.4793439607165736,0.13091512100491332
173,0.8693467336683417,0.4750992807077961,0.12503586248435938
174,0.8743718592964824,0.4714132882245746,0.11943680662398724
175,0.8793969849246231,0.4682135682777834,0.11415536618348955
176,0.8844221105527639,0.4654058727193948,0.10922333690199904
177,0.8894472361809045,0.46287559784071586,0.10466602213240496
178,0.8944723618090452,0.4604900743164011,0.10050153135718733
179,0.8994974874371859,0.4581019115350626,0.09674029688777784
180,0.9045226130653267,0.45555360395727856,0.09338484422211757
181,0.9095477386934674,0.4526835261464961,0.09042983966160399
182,0.914572864321608,0.4493333234484069,0.08786242466728755
183,0.9195979899497487,0.4453565575509929,0.08566283109420503
184,0.9246231155778895,0.4406283015335454,0.0838052560069793
185,0.9296482412060302,0.43505520867880654,0.08225896032641611
186,0.9346733668341709,0.42858541540671846,0.08098954298003336
187,0.9396984924623115,0.42121749619565335,0.07996033214943754
188,0.9447236180904522,0.41300758679552596,0.07913382793555679
189,0.949748743718593,0.4040737553764365,0.07847312634076997
190,0.9547738693467337,0.39459675523118853,0.07794325277116987
191,0.9597989949748744,0.3848164592626473,0.07751233416656977
192,0.964824120603015,0.3750235666430996,0.0771525424385342
193,0.9698492462311558,0.36554657819651426,0.07684074860983857
194,0.9748743718592965,0.3567345283261303,0.07655883797161889
195,0.9798994974874372,0.3489364831315337,0.07629365352868599
196,0.9849246231155779,0.34247929412231,0.07603656066154085
197,0.9899497487437187,0.3376454552584947,0.07578266386546995
198,0.9949748743718593,0.3346530768339396,0.07552976114480614
199,1.0,0.33363991573932933,0.07527719885202377
