,x,y,pNG
0,0.0,1.6311825369873514,0.0
1,0.005025125628140704,1.632464832804238,0.0
2,0.010050251256281407,1.63627674325699,0.0
3,0.01507537688442211,1.6425143198257712,0.0
4,0.020100502512562814,1.6510075731297238,0.0
5,0.02512562814070352,1.6615253006156507,0.0
6,0.03015075376884422,1.673781723578572,2.220446049250313e-16
7,0.035175879396984924,1.687444807004223,1.1102230246251563e-15
8,0.04020100502512563,1.7021460953826029,7.549516567451064e-15
9,0.04522613065326633,1.7174918563444135,3.486100297322992e-14
10,0.05025125628140704,1.7330752808329928,1.383337888682945e-13
11,0.05527638190954774,1.7484894406097615,4.785061236134425e-13
12,0.06030150753768844,1.7633406471001634,1.4841461393189093e-12
13,0.06532663316582915,1.777261787114418,4.199973702156966e-12
14,0.07035175879396985,1.7899251326655286,1.0992984300628448e-11
15,0.07537688442211056,1.8010540433007756,2.6898927529828146e-11
16,0.08040201005025126,1.8104329176959693,6.207279135139743e-11
17,0.08542713567839195,1.8179147303203151,1.3604450899151743e-10
18,0.09045226130653267,1.8234255328169877,2.8486080161371774e-10
19,0.09547738693467336,1.826965425488453,5.726588092613838e-10
20,0.10050251256281408,1.828605715029398,1.1098912899853983e-09
21,0.10552763819095477,1.8284822551854996,2.0812813694703887e-09
22,0.11055276381909548,1.8267852841531962,3.7877010417020066e-09
23,0.11557788944723618,1.8237463808093088,6.707588262599984e-09
24,0.12060301507537688,1.8196234133768638,1.1585287951199064e-08
25,0.12562814070351758,1.8146845100716098,1.955589989943718e-08
26,0.1306532663316583,1.8091921216991347,3.231887280019663e-08
27,0.135678391959799,1.8033881750922054,5.237580780192985e-08
28,0.1407035175879397,1.7974811600861473,8.335175805118665e-08
29,0.1457286432160804,1.7916357921452217,1.304238063104535e-07
30,0.15075376884422112,1.785965690404542,2.0088598262635318e-07
31,0.15577889447236182,1.7805293382554679,3.048856501708386e-07
32,0.16080402010050251,1.7753294614749422,4.56373452140113e-07
33,0.1658291457286432,1.77031585475995,6.743168279310653e-07
34,0.1708542713567839,1.7653915811511387,9.84236007472994e-07
35,0.17587939698492464,1.760422324856323,1.4201313316419828e-06
36,0.18090452261306533,1.7552484717657701,2.0268817668700483e-06
37,0.18592964824120603,1.7496992234774746,2.8632065637301807e-06
38,0.19095477386934673,1.7436077515648236,4.005295189735136e-06
39,0.19597989949748745,1.7368261292872802,5.551224879773997e-06
40,0.20100502512562815,1.7292386131814592,7.626300381979868e-06
41,0.20603015075376885,1.720771856576276,1.0389466603921704e-05
42,0.21105527638190955,1.7114008629467052,1.404096181234493e-05
43,0.21608040201005024,1.7011499265446433,1.8831396625285105e-05
44,0.22110552763819097,1.6900884079669256,2.5072462055297784e-05
45,0.22613065326633167,1.678321857727353,3.314948808097462e-05
46,0.23115577889447236,1.6659796136074911,4.3536092309781615e-05
47,0.23618090452261306,1.6532004447823108,5.681117585598638e-05
48,0.24120603015075376,1.6401180170278398,7.367854016515629e-05
49,0.24623115577889448,1.6268478799890105,9.498941356755886e-05
50,0.25125628140703515,1.6134773582890038,0.00012176818921816324
51,0.2562814070351759,1.6000592401291969,0.0001552416859715855
52,0.2613065326633166,1.5866096034459096,0.00019687224973952144
53,0.2663316582914573,1.5731096033759813,0.00024839501389539714
54,0.271356783919598,1.5595106428955725,0.0003118596320621503
55,0.2763819095477387,1.5457420975078866,0.0003896767836720771
56,0.2814070351758794,1.5317206590619223,0.00048466973030514277
57,0.2864321608040201,1.517360366725803,0.0006001311670300603
58,0.2914572864321608,1.5025824571072974,0.0007398855655190718
59,0.2964824120603015,1.4873242517390861,0.0009083571420223092
60,0.30150753768844224,1.4715463924235446,0.0011106435004868411
61,0.3065326633165829,1.455237842103627,0.001352594895956072
62,0.31155778894472363,1.4384182158818968,0.0016408989323892784
63,0.3165829145728643,1.4211372179418624,0.0019831703484334273
64,0.32160804020100503,1.4034712419893831,0.002388045350483425
65,0.32663316582914576,1.3855175230616934,0.002865279720645764
66,0.3316582914572864,1.3673865557491836,0.0034258496541164085
67,0.33668341708542715,1.3491937492204524,0.004082053962641163
68,0.3417085427135678,1.3310514064413181,0.004847615915588244
69,0.34673366834170855,1.313062050799714,0.005737782576480721
70,0.35175879396984927,1.295313874523896,0.0067694190313284395
71,0.35678391959798994,1.2778786904120234,0.007961094399166924
72,0.36180904522613067,1.2608123081537268,0.009333155971870122
73,0.36683417085427134,1.2441568233427276,0.010907787261231872
74,0.37185929648241206,1.2279439902027194,0.012709045153906471
75,0.3768844221105528,1.2121987105112475,0.014762870813390228
76,0.38190954773869346,1.1969417333737407,0.017097068455051878
77,0.3869346733668342,1.1821909022235577,0.01974124569636193
78,0.3919597989949749,1.167960649605301,0.02272670890008477
79,0.3969849246231156,1.1542598486696323,0.02608630684242097
80,0.4020100502512563,1.1410885012197265,0.029854216217591656
81,0.40703517587939697,1.1284340068961818,0.0340656630069478
82,0.4120603015075377,1.1162678725697237,0.03875657466706151
83,0.4170854271356784,1.1045436712013033,0.04396315949513308
84,0.4221105527638191,1.0931968608203402,0.049721411466245535
85,0.4271356783919598,1.0821467665598694,0.05606654133791822
86,0.4321608040201005,1.0713006674390504,0.06303233788205452
87,0.4371859296482412,1.0605595765763767,0.07065046668727748
88,0.44221105527638194,1.0498250171353136,0.07894971797521633
89,0.4472361809045226,1.039005923036186,0.08795521912972826
90,0.45226130653266333,1.028024761310426,0.09768763192004892
91,0.457286432160804,1.0168220873984983,0.1081623584180399
92,0.4623115577889447,1.0053589876957751,0.11938878302838417
93,0.46733668341708545,0.9936171961646022,0.13136958050521352
94,0.4723618090452261,0.9815970394198533,0.1441001209619175
95,0.47738693467336685,0.9693137059529594,0.1575680023811027
96,0.4824120603015075,0.9567925916893474,0.1717527387756841
97,0.48743718592964824,0.944064600516722,0.18662562784702966
98,0.49246231155778897,0.9311622507769018,0.20214981580098268
99,0.49748743718592964,0.9181172593609277,0.21828056916742367
100,0.5025125628140703,0.9049599733197604,0.2349657544500421
101,0.507537688442211,0.8917206468717517,0.2521465167880159
102,0.5125628140703518,0.8784321856443067,0.26975813921982283
103,0.5175879396984925,0.8651336689780802,0.2877310553166181
104,0.5226130653266332,0.8518737744562598,0.3059919805741333
105,0.5276381909547738,0.8387132047538477,0.32446512257864146
106,0.5326633165829145,0.8257253645847138,0.3430734269796969
107,0.5376884422110553,0.8129948319171516,0.3617398158786821
108,0.542713567839196,0.8006135603110504,0.38038837731832265
109,0.5477386934673367,0.7886751651287106,0.3989454688605991
110,0.5527638190954774,0.7772680053051456,0.4173407043239209
111,0.5577889447236181,0.7664680031453142,0.4355078000548676
112,0.5628140703517588,0.7563322005621766,0.4533852650272802
113,0.5678391959798995,0.7468939204193966,0.4709169270004547
114,0.5728643216080402,0.7381601151131658,0.4880522944081132
115,0.577889447236181,0.7301111047010868,0.5047467601792219
116,0.5829145728643216,0.7227025177850183,0.5209616590310353
117,0.5879396984924623,0.7158689345666471,0.5366641937770232
118,0.592964824120603,0.7095285571333468,0.551827248834457
119,0.5979899497487438,0.703588224374671,0.5664291104762944
120,0.6030150753768845,0.6979482315924649,0.5804531136023
121,0.6080402010050251,0.6925066529164642,0.5938872341031469
122,0.6130653266331658,0.6871631205342172,0.6067236444786309
123,0.6180904522613065,0.6818222106960211,0.6189582484633316
124,0.6231155778894473,0.6763966666120055,0.6305902082109183
125,0.628140703517588,0.6708106342663506,0.6416214752632088
126,0.6331658291457286,0.665002921969008,0.6520563342206792
127,0.6381909547738693,0.6589300748286422,0.6619009658412491
128,0.6432160804020101,0.6525688540507253,0.6711630342953384
129,0.6482412060301508,0.64591759571924,0.679851301540131
130,0.6532663316582915,0.6389959385233713,0.6879752702635287
131,0.6582914572864321,0.6318425643370966,0.6955448555896078
132,0.6633165829145728,0.6245108641597803,0.7025700847191154
133,0.6683417085427136,0.6170627725113269,0.7090608228798867
134,0.6733668341708543,0.6095613410203652,0.7150265233553559
135,0.678391959798995,0.6020628838316131,0.7204759989167833
136,0.6834170854271356,0.5946096747928591,0.7254172116764129
137,0.6884422110552764,0.5872241812890548,0.7298570781782585
138,0.6934673366834171,0.5799056770277291,0.733801286425678
139,0.6984924623115578,0.5726298022284536,0.7372541214892109
140,0.7035175879396985,0.5653512686173798,0.7402182963274583
141,0.7085427135678392,0.5580094864593211,0.7426947844745945
142,0.7135678391959799,0.5505364791381786,0.7446826512918109
143,0.7185929648241206,0.5428661086381437,0.7461788805422188
144,0.7236180904522613,0.5349434192660208,0.7471781931305788
145,0.7286432160804021,0.5267328591765361,0.7476728549572064
146,0.7336683417085427,0.5182242772429296,0.7476524709825764
147,0.7386934673366834,0.5094359023309181,0.7471037628083135
148,0.7437185929648241,0.5004139459216745,0.7460103273827712
149,0.7487437185929648,0.4912289538984053,0.7443523748819951
150,0.7537688442211056,0.4819694837251178,0.742106444463035
151,0.7587939698492463,0.47273402032159156,0.7392450975221717
152,0.7638190954773869,0.46362221342782217,0.7357365894316727
153,0.7688442211055276,0.45472650384634467,0.7315445226273437
154,0.7738693467336684,0.4461250280439135,0.7266274865750821
155,0.7788944723618091,0.43787640458736465,0.7209386938140533
156,0.7839195979899498,0.4300166824104363,0.7144256262813014
157,0.7889447236180904,0.42255843777221475,0.7070297128680165
158,0.7939698492462312,0.4154917923677714,0.6986860681208962
159,0.7989949748743719,0.40878700883983143,0.6893233337323723
160,0.8040201005025126,0.40239829212351225,0.6788636795458769
161,0.8090452261306533,0.396268454619965,0.6672230397853499
162,0.8140703517587939,0.39033415089403306,0.6543116834735379
163,0.8190954773869347,0.3845314194047656,0.6400352454858719
164,0.8241206030150754,0.37880126577390394,0.6242963755498581
165,0.8291457286432161,0.37309498432992694,0.6069971945137906
166,0.8341708542713568,0.36737885889039223,0.5880427759526633
167,0.8391959798994975,0.36163783661592125,0.5673458890044445
168,0.8442211055276382,0.3558777581495516,0.5448332332234866
169,0.8492462311557789,0.3501257742847353,0.5204533509071371
170,0.8542713567839196,0.3444286931510809,0.4941862941991742
171,0.8592964824120604,0.33884917734519715,0.4660549273956464
172,0.864321608040201,0.33345992954702364,0.43613743565287655
173,0.8693467336683417,0.32833624036831877,0.4045801792333803
174,0.8743718592964824,0.32354749115572845,0.3716094969763633
175,0.8793969849246231,0.31914837549185665,0.33754049391353225
176,0.8844221105527639,0.3151707001971829,0.3027803836903397
177,0.8894472361809045,0.311616633641635,0.2678238018503152
178,0.8944723618090452,0.30845418255571816,0.23323789751017565
179,0.8994974874371859,0.3056155076829266,0.19963613235643365
180,0.9045226130653267,0.3029984539254172,0.16764157775709798
181,0.9095477386934674,0.30047139935344513,0.13784283067831282
182,0.914572864321608,0.2978812482791026,0.11074789201271662
183,0.9195979899497487,0.295064131377884,0.0867427268022195
184,0.9246231155778895,0.29185814783776826,0.06606113519491362
185,0.9296482412060302,0.2881172994330528,0.04877081983731424
186,0.9346733668341709,0.2837256265468912,0.034777543246586114
187,0.9396984924623115,0.2786104619121483,0.023845896092320015
188,0.9447236180904522,0.2727536730439779,0.01563241741503818
189,0.949748743718593,0.26619978016219253,0.009725299483936745
190,0.9547738693467337,0.2590599317867626,0.005684835019158285
191,0.9597989949748744,0.2515109177371102,0.0030798082938461317
192,0.964824120603015,0.24378871689522422,0.0015166329420850386
193,0.9698492462311558,0.23617651746471938,0.0006596546314946439
194,0.9748743718592965,0.22898768844355133,0.0002423165238953917
195,0.9798994974874372,0.22254477092161665,6.972449989328666e-05
196,0.9849246231155779,0.21715611820594988,1.3643579832356426e-05
197,0.9899497487437187,0.2130922510671692,1.321543143473214e-06
198,0.9949748743718593,0.21056421832781994,2.299478685241496e-08
199,1.0,0.20970619803493185,0.0
