,x,y,pNG
0,0.0,1.6180776688876828,0.0
1,0.005025125628140704,1.6186123922152367,0.0
2,0.010050251256281407,1.6201998199291108,0.0
3,0.01507537688442211,1.6227903877024328,0.0
4,0.020100502512562814,1.6263036846788839,0.0
5,0.02512562814070352,1.630631701878305,0.0
6,0.03015075376884422,1.6356432731119002,2.220446049250313e-16
7,0.035175879396984924,1.641189572280647,1.1102230246251563e-15
8,0.04020100502512563,1.6471104613439123,7.549516567451064e-15
9,0.04522613065326633,1.6532414070915122,3.486100297322992e-14
10,0.05025125628140704,1.6594206135979102,1.383337888682945e-13
11,0.05527638190954774,1.6654959640362972,4.785061236134425e-13
12,0.06030150753768844,1.6713313421363334,1.4841461393189093e-12
13,0.06532663316582915,1.676811917499991,4.199973702156966e-12
14,0.07035175879396985,1.6818480318076994,1.0992984300628448e-11
15,0.07537688442211056,1.6863774101520022,2.6898927529828146e-11
16,0.08040201005025126,1.6903655343113113,6.207279135139743e-11
17,0.08542713567839195,1.6938041418099554,1.3604450899151743e-10
18,0.09045226130653267,1.6967079460032408,2.8486080161371774e-10
19,0.09547738693467336,1.6991098006493959,5.726588092613838e-10
20,0.10050251256281408,1.701054652585651,1.1098912899853983e-09
21,0.10552763819095477,1.7025927343152025,2.0812813694703887e-09
22,0.11055276381909548,1.7037725390124852,3.7877010417020066e-09
23,0.11557788944723618,1.7046341842423145,6.707588262599984e-09
24,0.12060301507537688,1.7052037936702626,1.1585287951199064e-08
25,0.12562814070351758,1.7054894919150094,1.955589989943718e-08
26,0.1306532663316583,1.7054795023843952,3.231887280019663e-08
27,0.135678391959799,1.7051426556757379,5.237580780192985e-08
28,0.1407035175879397,1.7044313649836293,8.335175805118665e-08
29,0.1457286432160804,1.7032868296958914,1.304238063104535e-07
30,0.15075376884422112,1.7016459288863728,2.0088598262635318e-07
31,0.15577889447236182,1.6994490115790843,3.048856501708386e-07
32,0.16080402010050251,1.6966476284151537,4.56373452140113e-07
33,0.1658291457286432,1.693211215740003,6.743168279310653e-07
34,0.1708542713567839,1.6891318530930306,9.84236007472994e-07
35,0.17587939698492464,1.6844264577787296,1.4201313316419828e-06
36,0.18090452261306533,1.6791361202136923,2.0268817668700483e-06
37,0.18592964824120603,1.6733226679882003,2.8632065637301807e-06
38,0.19095477386934673,1.667062914964637,4.005295189735136e-06
39,0.19597989949748745,1.6604413488207048,5.551224879773997e-06
40,0.20100502512562815,1.6535421951410632,7.626300381979868e-06
41,0.20603015075376885,1.6464418474598101,1.0389466603921704e-05
42,0.21105527638190955,1.639202570716257,1.404096181234493e-05
43,0.21608040201005024,1.6318681888978137,1.8831396625285105e-05
44,0.22110552763819097,1.6244621878546694,2.5072462055297784e-05
45,0.22613065326633167,1.6169883404567293,3.314948808097462e-05
46,0.23115577889447236,1.609433634871437,4.3536092309781615e-05
47,0.23618090452261306,1.6017729976244706,5.681117585598638e-05
48,0.24120603015075376,1.5939750863056106,7.367854016515629e-05
49,0.24623115577889448,1.5860083094579414,9.498941356755886e-05
50,0.25125628140703515,1.5778462293066786,0.00012176818921816324
51,0.2562814070351759,1.5694716180994597,0.0001552416859715855
52,0.2613065326633166,1.5608786558906385,0.00019687224973952144
53,0.2663316582914573,1.5520730450844498,0.00024839501389539714
54,0.271356783919598,1.5430701304115233,0.0003118596320621503
55,0.2763819095477387,1.5338914016124683,0.0003896767836720771
56,0.2814070351758794,1.5245599726036447,0.00048466973030514277
57,0.2864321608040201,1.515095741063736,0.0006001311670300603
58,0.2914572864321608,1.5055109227463597,0.0007398855655190718
59,0.2964824120603015,1.49580653594606,0.0009083571420223092
60,0.30150753768844224,1.4859702155999417,0.0011106435004868411
61,0.3065326633165829,1.4759755095118108,0.001352594895956072
62,0.31155778894472363,1.4657825997120606,0.0016408989323892784
63,0.3165829145728643,1.4553402392848382,0.0019831703484334273
64,0.32160804020100503,1.4445886198451134,0.002388045350483425
65,0.32663316582914576,1.4334628854098646,0.002865279720645764
66,0.3316582914572864,1.4218970625335132,0.0034258496541164085
67,0.33668341708542715,1.409828249601684,0.004082053962641163
68,0.3417085427135678,1.397200963973244,0.004847615915588244
69,0.34673366834170855,1.3839715576763332,0.005737782576480721
70,0.35175879396984927,1.3701125714243232,0.0067694190313284395
71,0.35678391959798994,1.3556168133759616,0.007961094399166924
72,0.36180904522613067,1.3405008499927693,0.009333155971870122
73,0.36683417085427134,1.3248075160668082,0.010907787261231872
74,0.37185929648241206,1.308607021622963,0.012709045153906471
75,0.3768844221105528,1.2919962756307755,0.014762870813390228
76,0.38190954773869346,1.2750961643457839,0.017097068455051878
77,0.3869346733668342,1.2580467029568143,0.01974124569636193
78,0.3919597989949749,1.241000198062454,0.02272670890008477
79,0.3969849246231156,1.2241127850810125,0.02608630684242097
80,0.4020100502512563,1.2075349103533504,0.029854216217591656
81,0.40703517587939697,1.1914014897936163,0.0340656630069478
82,0.4120603015075377,1.1758225787654213,0.03875657466706151
83,0.4170854271356784,1.160875420615745,0.04396315949513308
84,0.4221105527638191,1.1465986952197473,0.049721411466245535
85,0.4271356783919598,1.1329896559617516,0.05606654133791822
86,0.4321608040201005,1.1200046187109927,0.06303233788205452
87,0.4371859296482412,1.107562953093782,0.07065046668727748
88,0.44221105527638194,1.0955543441794844,0.07894971797521633
89,0.4472361809045226,1.0838486822730546,0.08795521912972826
90,0.45226130653266333,1.0723075612587307,0.09768763192004892
91,0.457286432160804,1.060796095376646,0.1081623584180399
92,0.4623115577889447,1.0491936696693809,0.11938878302838417
93,0.46733668341708545,1.0374023652360316,0.13136958050521352
94,0.4723618090452261,1.025352148820724,0.1441001209619175
95,0.47738693467336685,1.013002437382305,0.1575680023811027
96,0.4824120603015075,1.0003402455601997,0.1717527387756841
97,0.48743718592964824,0.9873756735557181,0.18662562784702966
98,0.49246231155778897,0.9741358740162089,0.20214981580098268
99,0.49748743718592964,0.9606587636602438,0.21828056916742367
100,0.5025125628140703,0.9469875937815188,0.2349657544500421
101,0.507537688442211,0.9331671084094979,0.2521465167880159
102,0.5125628140703518,0.9192415043139252,0.26975813921982283
103,0.5175879396984925,0.9052538996689441,0.2877310553166181
104,0.5226130653266332,0.8912466492495497,0.3059919805741333
105,0.5276381909547738,0.8772617036838994,0.32446512257864146
106,0.5326633165829145,0.8633403237838639,0.3430734269796969
107,0.5376884422110553,0.8495217835510602,0.3617398158786821
108,0.542713567839196,0.8358411269519763,0.38038837731832265
109,0.5477386934673367,0.822326457874686,0.3989454688605991
110,0.5527638190954774,0.8089965228896056,0.4173407043239209
111,0.5577889447236181,0.7958594153536568,0.4355078000548676
112,0.5628140703517588,0.782913067503074,0.4533852650272802
113,0.5678391959798995,0.7701478440949604,0.4709169270004547
114,0.5728643216080402,0.7575510919220139,0.4880522944081132
115,0.577889447236181,0.7451130409592859,0.5047467601792219
116,0.5829145728643216,0.7328330973146606,0.5209616590310353
117,0.5879396984924623,0.7207253912019854,0.5366641937770232
118,0.592964824120603,0.7088224804190426,0.551827248834457
119,0.5979899497487438,0.6971763535648732,0.5664291104762944
120,0.6030150753768845,0.6858562820981562,0.5804531136023
121,0.6080402010050251,0.6749435648752415,0.5938872341031469
122,0.6130653266331658,0.66452370960752,0.6067236444786309
123,0.6180904522613065,0.6546770212620486,0.6189582484633316
124,0.6231155778894473,0.6454688501774196,0.6305902082109183
125,0.628140703517588,0.636940847969041,0.6416214752632088
126,0.6331658291457286,0.6291044715010086,0.6520563342206792
127,0.6381909547738693,0.6219376799329622,0.6619009658412491
128,0.6432160804020101,0.6153853321948176,0.6711630342953384
129,0.6482412060301508,0.609363280366413,0.679851301540131
130,0.6532663316582915,0.6037656489233686,0.6879752702635287
131,0.6582914572864321,0.5984743699650028,0.6955448555896078
132,0.6633165829145728,0.5933697741215124,0.7025700847191154
133,0.6683417085427136,0.5883409522467103,0.7090608228798867
134,0.6733668341708543,0.5832947068712854,0.7150265233553559
135,0.678391959798995,0.5781621743569506,0.7204759989167833
136,0.6834170854271356,0.572902563290766,0.7254172116764129
137,0.6884422110552764,0.56750385434164,0.7298570781782585
138,0.6934673366834171,0.5619806766091734,0.733801286425678
139,0.6984924623115578,0.5563698655953877,0.7372541214892109
140,0.7035175879396985,0.5507243909978548,0.7402182963274583
141,0.7085427135678392,0.5451064147043144,0.7426947844745945
142,0.7135678391959799,0.539580215552753,0.7446826512918109
143,0.7185929648241206,0.5342056231533205,0.7461788805422188
144,0.7236180904522613,0.529032466103459,0.7471781931305788
145,0.7286432160804021,0.5240963839804259,0.7476728549572064
146,0.7336683417085427,0.519416194526118,0.7476524709825764
147,0.7386934673366834,0.51499285826994,0.7471037628083135
148,0.7437185929648241,0.5108099497063256,0.7460103273827712
149,0.7487437185929648,0.5068354333525177,0.7443523748819951
150,0.7537688442211056,0.5030244611355271,0.742106444463035
151,0.7587939698492463,0.4993228606946563,0.7392450975221717
152,0.7638190954773869,0.49567097572844754,0.7357365894316727
153,0.7688442211055276,0.49200754769411503,0.7315445226273437
154,0.7738693467336684,0.4882733847831048,0.7266274865750821
155,0.7788944723618091,0.48441463535482326,0.7209386938140533
156,0.7839195979899498,0.48038555253442705,0.7144256262813014
157,0.7889447236180904,0.47615068985927167,0.7070297128680165
158,0.7939698492462312,0.471686496105634,0.6986860681208962
159,0.7989949748743719,0.466982280859054,0.6893233337323723
160,0.8040201005025126,0.46204050990354195,0.6788636795458769
161,0.8090452261306533,0.45687637606636994,0.6672230397853499
162,0.8140703517587939,0.45151659306549496,0.6543116834735379
163,0.8190954773869347,0.4459973894305237,0.6400352454858719
164,0.8241206030150754,0.4403617406192123,0.6242963755498581
165,0.8291457286432161,0.4346559636718985,0.6069971945137906
166,0.8341708542713568,0.4289258946129943,0.5880427759526633
167,0.8391959798994975,0.4232129534515707,0.5673458890044445
168,0.8442211055276382,0.41755045423793635,0.5448332332234866
169,0.8492462311557789,0.41196052284509777,0.5204533509071371
170,0.8542713567839196,0.40645193696228327,0.4941862941991742
171,0.8592964824120604,0.4010191059748866,0.4660549273956464
172,0.864321608040201,0.3956422772496253,0.43613743565287655
173,0.8693467336683417,0.3902889103941329,0.4045801792333803
174,0.8743718592964824,0.3849160249430699,0.3716094969763633
175,0.8793969849246231,0.37947322039735515,0.33754049391353225
176,0.8844221105527639,0.3739060065932805,0.3027803836903397
177,0.8894472361809045,0.36815907656281477,0.2678238018503152
178,0.8944723618090452,0.36217920581489166,0.23323789751017565
179,0.8994974874371859,0.35591756641519584,0.19963613235643365
180,0.9045226130653267,0.34933138892344534,0.16764157775709798
181,0.9095477386934674,0.3423850701095252,0.13784283067831282
182,0.914572864321608,0.33505098236239284,0.11074789201271662
183,0.9195979899497487,0.3273103599076763,0.0867427268022195
184,0.9246231155778895,0.3191546848907605,0.06606113519491362
185,0.9296482412060302,0.3105879465943527,0.04877081983731424
186,0.9346733668341709,0.30162998692485665,0.034777543246586114
187,0.9396984924623115,0.29232088329374056,0.023845896092320015
188,0.9447236180904522,0.28272598988246017,0.01563241741503818
189,0.949748743718593,0.2729409178478298,0.009725299483936745
190,0.9547738693467337,0.26309545841905907,0.005684835019158285
191,0.9597989949748744,0.25335531645760995,0.0030798082938461317
192,0.964824120603015,0.24392058677879386,0.0015166329420850386
193,0.9698492462311558,0.23502019918317954,0.0006596546314946439
194,0.9748743718592965,0.2269020629212832,0.0002423165238953917
195,0.9798994974874372,0.21981929047373205,6.972449989328666e-05
196,0.9849246231155779,0.2140135665444708,1.3643579832356426e-05
197,0.9899497487437187,0.20969732186720824,1.321543143473214e-06
198,0.9949748743718593,0.20703674856416165,2.299478685241496e-08
199,1.0,0.20613776308785936,0.0
