,x,y,pNG
0,0.0,7.149541068598436e-228,0.0
1,0.005025125628140704,9.998187692276481e-223,0.0
2,0.010050251256281407,1.2186453175090364e-217,0.0
3,0.01507537688442211,1.2946318331129847e-212,0.0
4,0.020100502512562814,1.1987487228197736e-207,0.0
5,0.02512562814070352,9.674375768126887e-203,0.0
6,0.03015075376884422,6.805039732826759e-198,2.220446049250313e-16
7,0.035175879396984924,4.172067219719414e-193,1.1102230246251563e-15
8,0.04020100502512563,2.229383833690648e-188,7.549516567451064e-15
9,0.04522613065326633,1.0383202322667433e-183,3.486100297322992e-14
10,0.05025125628140704,4.214933278530279e-179,1.383337888682945e-13
11,0.05527638190954774,1.4912931070393568e-174,4.785061236134425e-13
12,0.06030150753768844,4.5988393142493664e-170,1.4841461393189093e-12
13,0.06532663316582915,1.2360794288933444e-165,4.199973702156966e-12
14,0.07035175879396985,2.8957258359518437e-161,1.0992984300628448e-11
15,0.07537688442211056,5.912639789557275e-157,2.6898927529828146e-11
16,0.08040201005025126,1.0522485137365134e-152,6.207279135139743e-11
17,0.08542713567839195,1.632180327063436e-148,1.3604450899151743e-10
18,0.09045226130653267,2.2066368958185987e-144,2.8486080161371774e-10
19,0.09547738693467336,2.600198662925113e-140,5.726588092613838e-10
20,0.10050251256281408,2.670515508533499e-136,1.1098912899853983e-09
21,0.10552763819095477,2.3905432024766803e-132,2.0812813694703887e-09
22,0.11055276381909548,1.86513816040307e-128,3.7877010417020066e-09
23,0.11557788944723618,1.2683477340830086e-124,6.707588262599984e-09
24,0.12060301507537688,7.5175891248144265e-121,1.1585287951199064e-08
25,0.12562814070351758,3.883575498053351e-117,1.955589989943718e-08
26,0.1306532663316583,1.74862964908628e-113,3.231887280019663e-08
27,0.135678391959799,6.862412846367911e-110,5.237580780192985e-08
28,0.1407035175879397,2.347300896028323e-106,8.335175805118665e-08
29,0.1457286432160804,6.997994645035497e-103,1.304238063104535e-07
30,0.15075376884422112,1.8184081353274893e-99,2.0088598262635318e-07
31,0.15577889447236182,4.118338541047009e-96,3.048856501708386e-07
32,0.16080402010050251,8.12953380448131e-93,4.56373452140113e-07
33,0.1658291457286432,1.3986922129668024e-89,6.743168279310653e-07
34,0.1708542713567839,2.0974498774685047e-86,9.84236007472994e-07
35,0.17587939698492464,2.7414096946783348e-83,1.4201313316419828e-06
36,0.18090452261306533,3.1229800925224032e-80,2.0268817668700483e-06
37,0.18592964824120603,3.100826064957309e-77,2.8632065637301807e-06
38,0.19095477386934673,2.6834809387060248e-74,4.005295189735136e-06
39,0.19597989949748745,2.024102690427753e-71,5.551224879773997e-06
40,0.20100502512562815,1.3306979509238996e-68,7.626300381979868e-06
41,0.20603015075376885,7.624991304236838e-66,1.0389466603921704e-05
42,0.21105527638190955,3.8081332466827305e-63,1.404096181234493e-05
43,0.21608040201005024,1.657669083805e-60,1.8831396625285105e-05
44,0.22110552763819097,6.289215241287712e-58,2.5072462055297784e-05
45,0.22613065326633167,2.0797349838196762e-55,3.314948808097462e-05
46,0.23115577889447236,5.994216915835034e-53,4.3536092309781615e-05
47,0.23618090452261306,1.505808801256434e-50,5.681117585598638e-05
48,0.24120603015075376,3.297008950142384e-48,7.367854016515629e-05
49,0.24623115577889448,6.291922137418844e-46,9.498941356755886e-05
50,0.25125628140703515,1.046548770197354e-43,0.00012176818921816324
51,0.2562814070351759,1.5172198723911717e-41,0.0001552416859715855
52,0.2613065326633166,1.917125269979665e-39,0.00019687224973952144
53,0.2663316582914573,2.11137502310554e-37,0.00024839501389539714
54,0.271356783919598,2.026717354131584e-35,0.0003118596320621503
55,0.2763819095477387,1.6956410089397015e-33,0.0003896767836720771
56,0.2814070351758794,1.236481307137305e-31,0.00048466973030514277
57,0.2864321608040201,7.858761657145444e-30,0.0006001311670300603
58,0.2914572864321608,4.353450377604519e-28,0.0007398855655190718
59,0.2964824120603015,2.1019675065657268e-26,0.0009083571420223092
60,0.30150753768844224,8.845681874720001e-25,0.0011106435004868411
61,0.3065326633165829,3.2445132585305186e-23,0.001352594895956072
62,0.31155778894472363,1.03724346825163e-21,0.0016408989323892784
63,0.3165829145728643,2.890179276741853e-20,0.0019831703484334273
64,0.32160804020100503,7.0191055856412945e-19,0.002388045350483425
65,0.32663316582914576,1.4857703477109258e-17,0.002865279720645764
66,0.3316582914572864,2.7411608251862927e-16,0.0034258496541164085
67,0.33668341708542715,4.407885097726351e-15,0.004082053962641163
68,0.3417085427135678,6.177872374022158e-14,0.004847615915588244
69,0.34673366834170855,7.546759634784918e-13,0.005737782576480721
70,0.35175879396984927,8.035169124002951e-12,0.0067694190313284395
71,0.35678391959798994,7.456627447630952e-11,0.007961094399166924
72,0.36180904522613067,6.031186896095801e-10,0.009333155971870122
73,0.36683417085427134,4.251831517484441e-09,0.01090778726123165
74,0.37185929648241206,2.6125356517151335e-08,0.012709045153906251
75,0.3768844221105528,1.399140484712125e-07,0.014762870813390228
76,0.38190954773869346,6.530904599756706e-07,0.017097068455051878
77,0.3869346733668342,2.65704112658833e-06,0.01974124569636193
78,0.3919597989949749,9.421848960538366e-06,0.02272670890008477
79,0.3969849246231156,2.9119702900693115e-05,0.02608630684242097
80,0.4020100502512563,7.844237640544408e-05,0.02985421621759188
81,0.40703517587939697,0.00018417376680951892,0.034065663006947584
82,0.4120603015075377,0.00037689369659816603,0.03875657466706195
83,0.4170854271356784,0.0006722445072658535,0.0439631594951333
84,0.4221105527638191,0.0010451175151217444,0.049721411466245764
85,0.4271356783919598,0.0014163774574676134,0.056066541337917886
86,0.4321608040201005,0.0016739696519712556,0.06303233788205409
87,0.4371859296482412,0.0017280656727257722,0.0706504666872777
88,0.44221105527638194,0.0015677503759560466,0.07894971797521655
89,0.4472361809045226,0.0012791997631489873,0.0879552191297287
90,0.45226130653266333,0.0010155216227469613,0.09768763192004948
91,0.457286432160804,0.0009452279752412916,0.10816235841804013
92,0.4623115577889447,0.001210167672227928,0.11938878302838507
93,0.46733668341708545,0.0018981989734077156,0.13136958050521308
94,0.4723618090452261,0.003021937995529631,0.1441001209619175
95,0.47738693467336685,0.0045135942955920536,0.15756800238110236
96,0.4824120603015075,0.0062653585536045515,0.17175273877568553
97,0.48743718592964824,0.008219255190297717,0.18662562784703046
98,0.49246231155778897,0.010448312226257495,0.20214981580098249
99,0.49748743718592964,0.01314373437202156,0.21828056916742444
100,0.5025125628140703,0.01648488637358959,0.23496575445004095
101,0.507537688442211,0.02047739048701169,0.2521465167880146
102,0.5125628140703518,0.024889882710095273,0.2697581392198214
103,0.5175879396984925,0.029346869166751912,0.2877310553166185
104,0.5226130653266332,0.03351155304056516,0.30599198057413346
105,0.5276381909547738,0.0372383536690161,0.3244651225786426
106,0.5326633165829145,0.040630981987978834,0.3430734269796973
107,0.5376884422110553,0.04402865763339057,0.36173981587868265
108,0.542713567839196,0.04795744265133657,0.380388377318322
109,0.5477386934673367,0.05302756627984605,0.3989454688605987
110,0.5527638190954774,0.0597422080939951,0.41734070432391857
111,0.5577889447236181,0.06828477620857286,0.435507800054869
112,0.5628140703517588,0.07847578445520076,0.453385265027281
113,0.5678391959798995,0.09003710906362285,0.4709169270004584
114,0.5728643216080402,0.10302216039451682,0.488052294408112
115,0.577889447236181,0.11802543272061197,0.5047467601792226
116,0.5829145728643216,0.13591127542018874,0.5209616590310335
117,0.5879396984924623,0.15726062230854973,0.5366641937770246
118,0.592964824120603,0.18203600539572978,0.551827248834458
119,0.5979899497487438,0.20972965785228923,0.5664291104762961
120,0.6030150753768845,0.23975258102223376,0.5804531136023021
121,0.6080402010050251,0.27165533059678904,0.5938872341031458
122,0.6130653266331658,0.3050880026883191,0.6067236444786295
123,0.6180904522613065,0.3397187262103445,0.6189582484633309
124,0.6231155778894473,0.3752519654100944,0.6305902082109169
125,0.628140703517588,0.41145829563882486,0.6416214752632086
126,0.6331658291457286,0.44814861558700975,0.6520563342206767
127,0.6381909547738693,0.48521825758894754,0.6619009658412468
128,0.6432160804020101,0.5228735584495194,0.6711630342953404
129,0.6482412060301508,0.5619014799967671,0.6798513015401297
130,0.6532663316582915,0.6037062676029092,0.6879752702635307
131,0.6582914572864321,0.6500089412002588,0.6955448555896079
132,0.6633165829145728,0.7023678169886568,0.7025700847191166
133,0.6683417085427136,0.7617433866357616,0.7090608228798883
134,0.6733668341708543,0.8281944307029532,0.7150265233553553
135,0.678391959798995,0.9006860137800783,0.7204759989167839
136,0.6834170854271356,0.9770923910188171,0.7254172116764099
137,0.6884422110552764,1.054673057679048,0.7298570781782587
138,0.6934673366834171,1.1312130876493953,0.7338012864256772
139,0.6984924623115578,1.2064481202124295,0.7372541214892103
140,0.7035175879396985,1.2827709405288268,0.740218296327456
141,0.7085427135678392,1.364334297579974,0.7426947844745937
142,0.7135678391959799,1.4547090900923367,0.7446826512918128
143,0.7185929648241206,1.5543803600050754,0.7461788805422187
144,0.7236180904522613,1.6595746648646321,0.7471781931305799
145,0.7286432160804021,1.7631540908447485,0.7476728549572064
146,0.7336683417085427,1.8572808505663834,0.7476524709825743
147,0.7386934673366834,1.9367609951649203,0.7471037628083135
148,0.7437185929648241,2.001520377906516,0.7460103273827711
149,0.7487437185929648,2.0567744002181256,0.7443523748819949
150,0.7537688442211056,2.110496867274858,0.7421064444630354
151,0.7587939698492463,2.1695210789438937,0.7392450975221718
152,0.7638190954773869,2.2367576463427423,0.7357365894316714
153,0.7688442211055276,2.3113114827694976,0.7315445226273427
154,0.7738693467336684,2.391005143697433,0.7266274865750829
155,0.7788944723618091,2.474948353446613,0.7209386938140542
156,0.7839195979899498,2.564084145200179,0.7144256262813036
157,0.7889447236180904,2.659679174740018,0.7070297128680163
158,0.7939698492462312,2.7614108473183774,0.6986860681208957
159,0.7989949748743719,2.8665987667897386,0.6893233337323709
160,0.8040201005025126,2.970831680817219,0.6788636795458749
161,0.8090452261306533,3.0693124724604313,0.667223039785352
162,0.8140703517587939,3.1582739972953497,0.6543116834735361
163,0.8190954773869347,3.2361033117217293,0.6400352454858713
164,0.8241206030150754,3.303747452342406,0.6242963755498572
165,0.8291457286432161,3.3639749919603315,0.606997194513793
166,0.8341708542713568,3.419708527304765,0.588042775952662
167,0.8391959798994975,3.472481633936405,0.5673458890044425
168,0.8442211055276382,3.5220623689816257,0.544833233223488
169,0.8492462311557789,3.5672505926854923,0.5204533509071374
170,0.8542713567839196,3.606896035856946,0.494186294199176
171,0.8592964824120604,3.640313207977395,0.4660549273956451
172,0.864321608040201,3.667142877150391,0.4361374356528752
173,0.8693467336683417,3.6872177366798926,0.4045801792333797
174,0.8743718592964824,3.700777796728978,0.3716094969763667
175,0.8793969849246231,3.70900408740523,0.3375404939135338
176,0.8844221105527639,3.7146205992074512,0.3027803836903388
177,0.8894472361809045,3.722058498784209,0.26782380185031784
178,0.8944723618090452,3.7365127660198456,0.23323789751017565
179,0.8994974874371859,3.761696879815978,0.1996361323564324
180,0.9045226130653267,3.7972134447721597,0.16764157775709845
181,0.9095477386934674,3.8373143644582384,0.13784283067831327
182,0.914572864321608,3.8724647538474906,0.11074789201271718
183,0.9195979899497487,3.893446010764342,0.08674272680221895
184,0.9246231155778895,3.8957769172806405,0.06606113519491398
185,0.9296482412060302,3.8816310594287713,0.04877081983731446
186,0.9346733668341709,3.857995164594417,0.03477754324658633
187,0.9396984924623115,3.8324365995217726,0.023845896092320015
188,0.9447236180904522,3.8093275207457893,0.015632417415038402
189,0.949748743718593,3.788570752118002,0.009725299483936745
190,0.9547738693467337,3.766711555746213,0.005684835019158285
191,0.9597989949748744,3.738628965489026,0.0030798082938461317
192,0.964824120603015,3.697820155698302,0.0015166329420850386
193,0.9698492462311558,3.634447755856894,0.0006596546314946439
194,0.9748743718592965,3.532217291467115,0.0002423165238953917
195,0.9798994974874372,3.3672181362307283,6.972449989328666e-05
196,0.9849246231155779,3.1127774036699445,1.3643579832356426e-05
197,0.9899497487437187,2.7518756869783685,1.321543143473214e-06
198,0.9949748743718593,2.2922757204245685,2.299478685241496e-08
199,1.0,1.7738033475570496,0.0
