,x,y,pNG
0,0.0,0.2998088340284581,0.0
1,0.005025125628140704,0.3002416210634241,0.0
2,0.010050251256281407,0.3015310085696697,0.0
3,0.01507537688442211,0.30365078239536775,0.0
4,0.020100502512562814,0.30655944473115515,0.0
5,0.02512562814070352,0.31020299817442054,0.0
6,0.03015075376884422,0.3145180464510394,2.220446049250313e-16
7,0.035175879396984924,0.31943482573263615,1.1102230246251563e-15
8,0.04020100502512563,0.3248800710078971,7.549516567451064e-15
9,0.04522613065326633,0.33077996094224643,3.486100297322992e-14
10,0.05025125628140704,0.3370636230665955,1.383337888682945e-13
11,0.05527638190954774,0.3436676925785931,4.785061236134425e-13
12,0.06030150753768844,0.35054214772697756,1.4841461393189093e-12
13,0.06532663316582915,0.3576571359365573,4.199973702156966e-12
14,0.07035175879396985,0.36500989276730206,1.0992984300628448e-11
15,0.07537688442211056,0.3726303303561984,2.6898927529828146e-11
16,0.08040201005025126,0.38058362093269243,6.207279135139743e-11
17,0.08542713567839195,0.38896825229732296,1.3604450899151743e-10
18,0.09045226130653267,0.3979086134866405,2.8486080161371774e-10
19,0.09547738693467336,0.40754209599455654,5.726588092613838e-10
20,0.10050251256281408,0.4180017918224759,1.1098912899853983e-09
21,0.10552763819095477,0.42939690652010554,2.0812813694703887e-09
22,0.11055276381909548,0.44179375682448835,3.7877010417020066e-09
23,0.11557788944723618,0.4552005118048215,6.707588262599984e-09
24,0.12060301507537688,0.4695585714700396,1.1585287951199064e-08
25,0.12562814070351758,0.48474266688957957,1.955589989943718e-08
26,0.1306532663316583,0.5005705204236055,3.231887280019663e-08
27,0.135678391959799,0.5168214161853085,5.237580780192985e-08
28,0.1407035175879397,0.5332615453072584,8.335175805118665e-08
29,0.1457286432160804,0.5496727680466609,1.304238063104535e-07
30,0.15075376884422112,0.5658807047298998,2.0088598262635318e-07
31,0.15577889447236182,0.5817779847521553,3.048856501708386e-07
32,0.16080402010050251,0.5973390920832923,4.56373452140113e-07
33,0.1658291457286432,0.6126244645372317,6.743168279310653e-07
34,0.1708542713567839,0.6277731306631551,9.84236007472994e-07
35,0.17587939698492464,0.6429849164709714,1.4201313316419828e-06
36,0.18090452261306533,0.6584948110992953,2.0268817668700483e-06
37,0.18592964824120603,0.674543172410123,2.8632065637301807e-06
38,0.19095477386934673,0.6913459061727317,4.005295189735136e-06
39,0.19597989949748745,0.7090685272422407,5.551224879773997e-06
40,0.20100502512562815,0.727807206191025,7.626300381979868e-06
41,0.20603015075376885,0.7475787216827108,1.0389466603921704e-05
42,0.21105527638190955,0.7683199236530198,1.404096181234493e-05
43,0.21608040201005024,0.7898960915699319,1.8831396625285105e-05
44,0.22110552763819097,0.8121166031580332,2.5072462055297784e-05
45,0.22613065326633167,0.834755680961766,3.314948808097462e-05
46,0.23115577889447236,0.8575756506992073,4.3536092309781615e-05
47,0.23618090452261306,0.880350080485797,5.681117585598638e-05
48,0.24120603015075376,0.9028843267044554,7.367854016515629e-05
49,0.24623115577889448,0.9250313658100837,9.498941356755886e-05
50,0.25125628140703515,0.9467013368877085,0.00012176818921816324
51,0.2562814070351759,0.9678639486132125,0.0001552416859715855
52,0.2613065326633166,0.9885437736899422,0.00019687224973952144
53,0.2663316582914573,1.0088093698370173,0.00024839501389539714
54,0.271356783919598,1.028757991582838,0.0003118596320621503
55,0.2763819095477387,1.0484982432560106,0.0003896767836720771
56,0.2814070351758794,1.0681332554281544,0.00048466973030514277
57,0.2864321608040201,1.0877467980029722,0.0006001311670300603
58,0.2914572864321608,1.1073942073360532,0.0007398855655190718
59,0.2964824120603015,1.1270992025560973,0.0009083571420223092
60,0.30150753768844224,1.1468567321340775,0.0011106435004868411
61,0.3065326633165829,1.1666410614904394,0.001352594895956072
62,0.31155778894472363,1.1864175035564044,0.0016408989323892784
63,0.3165829145728643,1.2061556035769991,0.0019831703484334273
64,0.32160804020100503,1.2258413000337867,0.002388045350483425
65,0.32663316582914576,1.2454856658631257,0.002865279720645764
66,0.3316582914572864,1.2651283310846213,0.0034258496541164085
67,0.33668341708542715,1.284834583919568,0.004082053962641163
68,0.3417085427135678,1.3046863358847651,0.004847615915588244
69,0.34673366834170855,1.3247684080357456,0.005737782576480721
70,0.35175879396984927,1.3451526662865791,0.0067694190313284395
71,0.35678391959798994,1.3658831135695815,0.007961094399166924
72,0.36180904522613067,1.386964932789116,0.009333155971870122
73,0.36683417085427134,1.4083596344260123,0.010907787261231872
74,0.37185929648241206,1.4299870702634567,0.012709045153906471
75,0.3768844221105528,1.4517334791134087,0.014762870813390228
76,0.38190954773869346,1.4734633599246745,0.017097068455051878
77,0.3869346733668342,1.4950321997213596,0.01974124569636193
78,0.3919597989949749,1.5162971261183527,0.02272670890008477
79,0.3969849246231156,1.5371233789919656,0.02608630684242097
80,0.4020100502512563,1.5573858506278309,0.029854216217591656
81,0.40703517587939697,1.5769664316782566,0.0340656630069478
82,0.4120603015075377,1.595749102270969,0.03875657466706151
83,0.4170854271356784,1.6136153022610136,0.04396315949513308
84,0.4221105527638191,1.63044196148604,0.049721411466245535
85,0.4271356783919598,1.6461037360715873,0.05606654133791822
86,0.4321608040201005,1.660479721570772,0.06303233788205452
87,0.4371859296482412,1.6734635423781454,0.07065046668727748
88,0.44221105527638194,1.6849746077400471,0.07894971797521633
89,0.4472361809045226,1.6949677656871827,0.08795521912972826
90,0.45226130653266333,1.7034387313287374,0.09768763192004892
91,0.457286432160804,1.710423501920803,0.1081623584180399
92,0.4623115577889447,1.7159913185366982,0.11938878302838417
93,0.46733668341708545,1.7202322831100392,0.13136958050521352
94,0.4723618090452261,1.7232421157170845,0.1441001209619175
95,0.47738693467336685,1.7251073872589624,0.1575680023811027
96,0.4824120603015075,1.7258946440402216,0.1717527387756841
97,0.48743718592964824,1.7256460884925213,0.18662562784702966
98,0.49246231155778897,1.7243830362612367,0.20214981580098268
99,0.49748743718592964,1.7221165567498466,0.21828056916742367
100,0.5025125628140703,1.7188629488591243,0.2349657544500421
101,0.507537688442211,1.7146604282813636,0.2521465167880159
102,0.5125628140703518,1.709582915054814,0.26975813921982283
103,0.5175879396984925,1.7037472257488793,0.2877310553166181
104,0.5226130653266332,1.6973111947639157,0.3059919805741333
105,0.5276381909547738,1.690461997928309,0.32446512257864146
106,0.5326633165829145,1.6833958574244638,0.3430734269796969
107,0.5376884422110553,1.6762919988572131,0.3617398158786821
108,0.542713567839196,1.6692849170575332,0.38038837731832265
109,0.5477386934673367,1.6624395164072152,0.3989454688605991
110,0.5527638190954774,1.6557334772746533,0.4173407043239209
111,0.5577889447236181,1.6490503156837342,0.4355078000548676
112,0.5628140703517588,1.6421851720248044,0.4533852650272802
113,0.5678391959798995,1.634863560862604,0.4709169270004547
114,0.5728643216080402,1.626771357650772,0.4880522944081132
115,0.577889447236181,1.6175924536046615,0.5047467601792219
116,0.5829145728643216,1.6070490720209445,0.5209616590310353
117,0.5879396984924623,1.5949389955458384,0.5366641937770232
118,0.592964824120603,1.58116412226112,0.551827248834457
119,0.5979899497487438,1.5657459263426827,0.5664291104762944
120,0.6030150753768845,1.5488254290692174,0.5804531136023
121,0.6080402010050251,1.530647864199052,0.5938872341031469
122,0.6130653266331658,1.5115348627433258,0.6067236444786309
123,0.6180904522613065,1.491849137263121,0.6189582484633316
124,0.6231155778894473,1.4719578327215654,0.6305902082109183
125,0.628140703517588,1.4522006401759386,0.6416214752632088
126,0.6331658291457286,1.4328674310253,0.6520563342206792
127,0.6381909547738693,1.4141878507167576,0.6619009658412491
128,0.6432160804020101,1.3963325376513003,0.6711630342953384
129,0.6482412060301508,1.3794230445714988,0.679851301540131
130,0.6532663316582915,1.3635457296849436,0.6879752702635287
131,0.6582914572864321,1.3487642535931748,0.6955448555896078
132,0.6633165829145728,1.3351259776106876,0.7025700847191154
133,0.6683417085427136,1.32265931668161,0.7090608228798867
134,0.6733668341708543,1.3113615240183285,0.7150265233553559
135,0.678391959798995,1.301178925785517,0.7204759989167833
136,0.6834170854271356,1.2919837540960686,0.7254172116764129
137,0.6884422110552764,1.2835530480330681,0.7298570781782585
138,0.6934673366834171,1.2755553959411732,0.733801286425678
139,0.6984924623115578,1.267550555226656,0.7372541214892109
140,0.7035175879396985,1.259005333382216,0.7402182963274583
141,0.7085427135678392,1.2493267708851234,0.7426947844745945
142,0.7135678391959799,1.237910925558808,0.7446826512918109
143,0.7185929648241206,1.2242027675165095,0.7461788805422188
144,0.7236180904522613,1.2077602535044611,0.7471781931305788
145,0.7286432160804021,1.1883139870553947,0.7476728549572064
146,0.7336683417085427,1.1658133832559758,0.7476524709825764
147,0.7386934673366834,1.1404512168524148,0.7471037628083135
148,0.7437185929648241,1.1126608861228608,0.7460103273827712
149,0.7487437185929648,1.083084421407626,0.7443523748819951
150,0.7537688442211056,1.0525136564110287,0.742106444463035
151,0.7587939698492463,1.0218112977832097,0.7392450975221717
152,0.7638190954773869,0.9918220516891362,0.7357365894316727
153,0.7688442211055276,0.9632858031994221,0.7315445226273437
154,0.7738693467336684,0.9367646999317037,0.7266274865750821
155,0.7788944723618091,0.9125938625376734,0.7209386938140533
156,0.7839195979899498,0.8908617222879651,0.7144256262813014
157,0.7889447236180904,0.8714213646340015,0.7070297128680165
158,0.7939698492462312,0.8539295814634447,0.6986860681208962
159,0.7989949748743719,0.8379064214280394,0.6893233337323723
160,0.8040201005025126,0.8228055102146566,0.6788636795458769
161,0.8090452261306533,0.8080846307443285,0.6672230397853499
162,0.8140703517587939,0.7932670106417667,0.6543116834735379
163,0.8190954773869347,0.7779861526645713,0.6400352454858719
164,0.8241206030150754,0.7620103240317329,0.6242963755498581
165,0.8291457286432161,0.7452463414339646,0.6069971945137906
166,0.8341708542713568,0.7277254180873621,0.5880427759526633
167,0.8391959798994975,0.7095760837701935,0.5673458890044445
168,0.8442211055276382,0.6909902752142251,0.5448332332234866
169,0.8492462311557789,0.6721886007379433,0.5204533509071371
170,0.8542713567839196,0.653389714520054,0.4941862941991742
171,0.8592964824120604,0.6347870530816676,0.4660549273956464
172,0.864321608040201,0.6165343088189637,0.43613743565287655
173,0.8693467336683417,0.598739323593185,0.4045801792333803
174,0.8743718592964824,0.5814648474676889,0.3716094969763633
175,0.8793969849246231,0.5647339435550011,0.33754049391353225
176,0.8844221105527639,0.5485377078487531,0.3027803836903397
177,0.8894472361809045,0.532843289104455,0.2678238018503152
178,0.8944723618090452,0.5176007682490866,0.23323789751017565
179,0.8994974874371859,0.5027481258984823,0.19963613235643365
180,0.9045226130653267,0.48821416824242525,0.16764157775709798
181,0.9095477386934674,0.47391982562599466,0.13784283067831282
182,0.914572864321608,0.45977865498928056,0.11074789201271662
183,0.9195979899497487,0.4456976546173723,0.0867427268022195
184,0.9246231155778895,0.4315796199700705,0.06606113519491362
185,0.9296482412060302,0.41732819951510186,0.04877081983731424
186,0.9346733668341709,0.4028565071926003,0.034777543246586114
187,0.9396984924623115,0.38809958449000254,0.023845896092320015
188,0.9447236180904522,0.37303019496718437,0.01563241741503818
189,0.949748743718593,0.35767646235661815,0.009725299483936745
190,0.9547738693467337,0.34213889465620795,0.005684835019158285
191,0.9597989949748744,0.32660359880323525,0.0030798082938461317
192,0.964824120603015,0.31134822989042993,0.0015166329420850386
193,0.9698492462311558,0.2967376337692403,0.0006596546314946439
194,0.9748743718592965,0.2832073107180794,0.0002423165238953917
195,0.9798994974874372,0.2712346545679551,6.972449989328666e-05
196,0.9849246231155779,0.2613001209490975,1.3643579832356426e-05
197,0.9899497487437187,0.2538426150777301,1.321543143473214e-06
198,0.9949748743718593,0.24921497143201674,2.299478685241496e-08
199,1.0,0.24764600072303727,0.0
