,x,y,pNG
0,0.0,1.196761344674145,0.12533111851005752
1,0.005025125628140704,1.1972163413594232,0.12515540962561222
2,0.010050251256281407,1.1985644789431182,0.1249781500566417
3,0.01507537688442211,1.2007564270941484,0.12479932818649064
4,0.020100502512562814,1.2037139326763557,0.12461893296737915
5,0.02512562814070352,1.2073353412064982,0.12443695397445895
6,0.03015075376884422,1.2115025359806664,0.12425338145851585
7,0.035175879396984924,1.2160886300981515,0.12406820639699535
8,0.04020100502512563,1.2209657128522677,0.12388142054303285
9,0.04522613065326633,1.226011998574154,0.12369301647220945
10,0.05025125628140704,1.2311178393764501,0.12350298762673405
11,0.05527638190954774,1.2361902214469382,0.12331132835682103
12,0.06030150753768844,1.2411555421708909,0.1231180339589969
13,0.06532663316582915,1.2459606384139927,0.12292310071116595
14,0.07035175879396985,1.2505721861762167,0.12272652590422704
15,0.07537688442211056,1.2549747075588638,0.12252830787009028
16,0.08040201005025126,1.2591674993448516,0.12232844600604753
17,0.08542713567839195,1.2631608412530264,0.12212694079534304
18,0.09045226130653267,1.2669718569822512,0.1219237938239991
19,0.09547738693467336,1.2706203934911482,0.12171900779393485
20,0.10050251256281408,1.2741252574304,0.12151258653245768
21,0.10552763819095477,1.2775011032823318,0.12130453499835248
22,0.11055276381909548,1.2807562046470082,0.1210948592848652
23,0.11557788944723618,1.2838912574674302,0.12088356661995835
24,0.12060301507537688,1.2868992636358214,0.12067066536440985
25,0.12562814070351758,1.2897664316547048,0.12045616500843292
26,0.1306532663316583,1.2924739190344097,0.1202400761677177
27,0.135678391959799,1.295000143692848,0.12002241057999675
28,0.1407035175879397,1.297323324356327,0.11980318110348898
29,0.1457286432160804,1.2994238855747207,0.1195824017189202
30,0.15075376884422112,1.3012863879957675,0.11936008753706615
31,0.15577889447236182,1.3029007172412326,0.1191362548142778
32,0.16080402010050251,1.3042623748861526,0.1189109209787792
33,0.1658291457286432,1.305371845862262,0.11868410467114188
34,0.1708542713567839,1.3062331480904585,0.11845582580279435
35,0.17587939698492464,1.3068517831164523,0.1182261056371522
36,0.18090452261306533,1.30723238619051,0.1179949668986211
37,0.18592964824120603,1.3073764124386464,0.11776243391542572
38,0.19095477386934673,1.3072801914703884,0.11752853280320265
39,0.19597989949748745,1.306933640824145,0.11729329169701475
40,0.20100502512562815,1.3063198575918795,0.11705674104058085
41,0.20603015075376885,1.3054157170759668,0.11681891394243205
42,0.21105527638190955,1.304193506336181,0.11657984660985075
43,0.21608040201005024,1.3026235163123858,0.1163395788725864
44,0.22110552763819097,1.3006774148909759,0.11609815480945407
45,0.22613065326633167,1.2983321306271127,0.1158556234922622
46,0.23115577889447236,1.2955738995750485,0.1156120398625594
47,0.23618090452261306,1.292402074024382,0.1153674657580489
48,0.24120603015075376,1.2888322710313782,0.1151219711066208
49,0.24623115577889448,1.2848984588431163,0.11487563530711398
50,0.25125628140703515,1.2806536457675324,0.11462854881696805
51,0.2562814070351759,1.2761689481276635,0.11438081496789175
52,0.2613065326633166,1.2715309636185739,0.11413255203147656
53,0.2663316582914573,1.2668375481008358,0.11388389555729815
54,0.271356783919598,1.2621922663007372,0.11363500100649936
55,0.2763819095477387,1.2576979364527214,0.11338604670395536
56,0.2814070351758794,1.2534497941837213,0.1131372371320074
57,0.2864321608040201,1.249528846994718,0.11288880658817445
58,0.2914572864321608,1.2459959723131633,0.11264102322838533
59,0.2964824120603015,1.2428872347870823,0.11239419351578904
60,0.30150753768844224,1.240210777174629,0.11214866709333073
61,0.3065326633165829,1.2379454946404722,0.11190484209570706
62,0.31155778894472363,1.2360415563995149,0.11166317091314236
63,0.3165829145728643,1.2344227096358995,0.11142416641552877
64,0.32160804020100503,1.2329901993491834,0.11118840864076962
65,0.32663316582914576,1.2316280663459922,0.11095655194568088
66,0.3316582914572864,1.2302095383419795,0.1107293326113018
67,0.33668341708542715,1.228604195755686,0.11050757688713576
68,0.3417085427135678,1.2266855635932918,0.11029220945039253
69,0.34673366834170855,1.2243387470267024,0.11008426224684564
70,0.35175879396984927,1.2214676908298232,0.10988488366936576
71,0.35678391959798994,1.2180016093210533,0.10969534801851323
72,0.36180904522613067,1.2139001174710309,0.10951706517674598
73,0.36683417085427134,1.2091566115023944,0.10935159041393172
74,0.37185929648241206,1.2037995127162346,0.10920063422684534
75,0.3768844221105528,1.1978911090122246,0.10906607209932496
76,0.38190954773869346,1.191523902484644,0.10894995405287576
77,0.3869346733668342,1.1848145855405214,0.1088545138397854
78,0.3919597989949749,1.177895999461713,0.10878217761253528
79,0.3969849246231156,1.1709076491182013,0.10873557188463034
80,0.4020100502512563,1.1639855249822724,0.10871753057917456
81,0.40703517587939697,1.1572520917871227,0.10873110094304883
82,0.4120603015075377,1.1508073236904313,0.10877954808671796
83,0.4170854271356784,1.1447215919481157,0.10886635789297183
84,0.4221105527638191,1.139031049073622,0.10899523802302813
85,0.4271356783919598,1.133735921275226,0.10917011673571808
86,0.4321608040201005,1.1288018454523379,0.10939513922597832
87,0.4371859296482412,1.1241640995310647,0.1096746611831072
88,0.44221105527638194,1.119734306622251,0.1100132392681622
89,0.4472361809045226,1.1154089713221034,0.11041561821425283
90,0.45226130653266333,1.1110790502314154,0.11088671426440078
91,0.457286432160804,1.1066396798094478,0.11143159467965902
92,0.4623115577889447,1.101999186170173,0.11205545307647324
93,0.46733668341708545,1.097086579662088,0.1127635803874426
94,0.4723618090452261,1.0918568831918856,0.11356133128421694
95,0.47738693467336685,1.0862938448030406,0.11445408595608042
96,0.4824120603015075,1.0804098268675488,0.11544720720254242
97,0.48743718592964824,1.0742429288129771,0.11654599287345345
98,0.49246231155778897,1.0678516674048217,0.117755623774926
99,0.49748743718592964,1.0613077854358746,0.11908110725319955
100,0.5025125628140703,1.0546879615660467,0.12052721677006205
101,0.507537688442211,1.0480653263742552,0.12209842789098245
102,0.5125628140703518,1.0415017310015062,0.12379885121833545
103,0.5175879396984925,1.0350416508750668,0.12563216291441948
104,0.5226130653266332,1.0287084350109694,0.12760153356923798
105,0.5276381909547738,1.0225033427877133,0.12970955627252634
106,0.5326633165829145,1.0164074718109262,0.13195817484470873
107,0.5376884422110553,1.0103863131995694,0.13434861326305114
108,0.542713567839196,1.0043963239502418,0.1368813073834806
109,0.5477386934673367,0.9983926313106914,0.13955584010144073
110,0.5527638190954774,0.9923368256753353,0.1423708811131864
111,0.5577889447236181,0.9862037853224174,0.1453241324295086
112,0.5628140703517588,0.9799866153656324,0.14841228075456006
113,0.5678391959798995,0.9736990568276491,0.15163095777250968
114,0.5728643216080402,0.9673750888383216,0.1549747092838224
115,0.577889447236181,0.9610658497460665,0.15843697400270595
116,0.5829145728643216,0.9548343764308271,0.16201007266985767
117,0.5879396984924623,0.9487489449468434,0.16568520795418973
118,0.592964824120603,0.9428759452775336,0.1694524754185429
119,0.5979899497487438,0.9372732182648641,0.17330088561364154
120,0.6030150753768845,0.9319846316854785,0.17721839714846155
121,0.6080402010050251,0.9270364095148789,0.1811919603710369
122,0.6130653266331658,0.9224354077226852,0.18520757108933072
123,0.6180904522613065,0.9181692141898866,0.1892503335740391
124,0.6231155778894473,0.9142076982787127,0.19330453192140215
125,0.628140703517588,0.9105054903147873,0.19735370872003188
126,0.6331658291457286,0.9070048518937832,0.20138074986659396
127,0.6381909547738693,0.9036384964670274,0.20536797431433074
128,0.6432160804020101,0.9003321034246824,0.2092972275184716
129,0.6482412060301508,0.8970064882787215,0.21314997736388666
130,0.6532663316582915,0.893579591163385,0.21690741142250247
131,0.6582914572864321,0.8899685767235601,0.22055053448866524
132,0.6633165829145728,0.8860923685134215,0.22406026547646585
133,0.6683417085427136,0.8818748618999158,0.22741753292995426
134,0.6733668341708543,0.8772488878879775,0.2306033685893444
135,0.678391959798995,0.8721607740947928,0.233598998668879
136,0.6834170854271356,0.8665751187657388,0.23638593272802666
137,0.6884422110552764,0.8604792113522973,0.23894605025154825
138,0.6934673366834171,0.8538864414351052,0.2412616852891576
139,0.6984924623115578,0.8468380611636365,0.2433157097357681
140,0.7035175879396985,0.8394028065498913,0.24509161605291385
141,0.7085427135678392,0.8316741189729463,0.2465736004344138
142,0.7135678391959799,0.8237650014980197,0.24774664759887066
143,0.7185929648241206,0.8158008469438195,0.2485966185414891
144,0.7236180904522613,0.8079108379491472,0.24911034269116986
145,0.7286432160804021,0.8002187043937052,0.2492757159882157
146,0.7336683417085427,0.7928337064675335,0.2490818064137271
147,0.7386934673366834,0.7858426865438941,0.24851896845498844
148,0.7437185929648241,0.779303910940642,0.2475789678683956
149,0.7487437185929648,0.7732432277839598,0.24625511789090335
150,0.7537688442211056,0.7676528306835946,0.2445424277363064
151,0.7587939698492463,0.7624926717169961,0.24243776377850726
152,0.7638190954773869,0.757694338729152,0.2399400232529377
153,0.7688442211055276,0.753167020837064,0.2370503195834825
154,0.7738693467336684,0.7488050431694121,0.2337721775514936
155,0.7788944723618091,0.7444963604297932,0.2301117354564768
156,0.7839195979899498,0.7401313566024265,0.22607795017285534
157,0.7889447236180904,0.7356113000701823,0.22168279959380788
158,0.7939698492462312,0.7308558441572776,0.21694147539682795
159,0.7989949748743719,0.7258090379520479,0.2118725574130479
160,0.8040201005025126,0.7204434173313043,0.2064981592052149
161,0.8090452261306533,0.7147618775222805,0.2008440328596801
162,0.8140703517587939,0.7087971812252186,0.194939619610122
163,0.8190954773869347,0.7026091229741168,0.1888180319019902
164,0.8241206030150754,0.6962795410803452,0.1825159520720826
165,0.8291457286432161,0.6899055309602878,0.17607343317081306
166,0.8341708542713568,0.6835913545182888,0.1695335888117271
167,0.8391959798994975,0.6774396465901369,0.16294216148824936
168,0.8442211055276382,0.6715425804126979,0.15634696269461812
169,0.8492462311557789,0.6659736624243875,0.1497971834834172
170,0.8542713567839196,0.6607807798249453,0.1433425807208546
171,0.8592964824120604,0.655981024856691,0.13703255204532394
172,0.864321608040201,0.651557675639633,0.13091512100491332
173,0.8693467336683417,0.6474595374372534,0.12503586248435938
174,0.8743718592964824,0.6436026573285579,0.11943680662398724
175,0.8793969849246231,0.6398742389311596,0.11415536618348955
176,0.8844221105527639,0.6361384222180124,0.10922333690199904
177,0.8894472361809045,0.6322434748607091,0.10466602213240496
178,0.8944723618090452,0.6280298794123204,0.10050153135718733
179,0.8994974874371859,0.6233388009753871,0.09674029688777784
180,0.9045226130653267,0.6180204791438761,0.09338484422211757
181,0.9095477386934674,0.6119421920227589,0.09042983966160399
182,0.914572864321608,0.6049955660067918,0.08786242466728755
183,0.9195979899497487,0.597103124044035,0.08566283109420503
184,0.9246231155778895,0.5882240482245761,0.0838052560069793
185,0.9296482412060302,0.5783591566296323,0.08225896032641611
186,0.9346733668341709,0.5675550486165006,0.08098954298003336
187,0.9396984924623115,0.5559072630934737,0.07996033214943754
188,0.9447236180904522,0.5435621451172739,0.07913382793555679
189,0.949748743718593,0.5307169671971085,0.07847312634076997
190,0.9547738693467337,0.5176177515987509,0.07794325277116987
191,0.9597989949748744,0.5045542357791529,0.07751233416656977
192,0.964824120603015,0.4918515487615575,0.0771525424385342
193,0.9698492462311558,0.47985843211656853,0.07684074860983857
194,0.9748743718592965,0.46893222553455816,0.07655883797161889
195,0.9798994974874372,0.45942129367249546,0.07629365352868599
196,0.9849246231155779,0.45164602430558215,0.07603656066154085
197,0.9899497487437187,0.44587989349586404,0.07578266386546995
198,0.9949748743718593,0.44233229355808423,0.07552976114480614
199,1.0,0.441134799667698,0.07527719885202377
