,x,y,pNG
0,0.0,0.5845096950123116,0.12533111851005752
1,0.005025125628140704,0.5850627232164668,0.12515540962561222
2,0.010050251256281407,0.5866955624872823,0.1249781500566417
3,0.01507537688442211,0.5893326538612036,0.12479932818649064
4,0.020100502512562814,0.5928582534341226,0.12461893296737915
5,0.02512562814070352,0.5971303543866283,0.12443695397445895
6,0.03015075376884422,0.6019976309756084,0.12425338145851585
7,0.035175879396984924,0.6073172410624116,0.12406820639699535
8,0.04020100502512563,0.6129712063578485,0.12388142054303285
9,0.04522613065326633,0.618879267359712,0.12369301647220945
10,0.05025125628140704,0.6250065651388741,0.12350298762673405
11,0.05527638190954774,0.631365178323128,0.12331132835682103
12,0.06030150753768844,0.6380093518640001,0.1231180339589969
13,0.06532663316582915,0.6450250849618555,0.12292310071116595
14,0.07035175879396985,0.6525154852574234,0.12272652590422704
15,0.07537688442211056,0.6605838449361858,0.12252830787009028
16,0.08040201005025126,0.6693166802708292,0.12232844600604753
17,0.08542713567839195,0.6787689663237503,0.12212694079534304
18,0.09045226130653267,0.6889535012445623,0.1219237938239991
19,0.09547738693467336,0.6998357952533736,0.12171900779393485
20,0.10050251256281408,0.7113351716374973,0.12151258653245768
21,0.10552763819095477,0.7233319812242073,0.12130453499835248
22,0.11055276381909548,0.7356800631394819,0.1210948592848652
23,0.11557788944723618,0.7482229232643551,0.12088356661995835
24,0.12060301507537688,0.7608116240965833,0.12067066536440985
25,0.12562814070351758,0.7733221419451157,0.12045616500843292
26,0.1306532663316583,0.7856699802494032,0.1202400761677177
27,0.135678391959799,0.7978201325238349,0.12002241057999675
28,0.1407035175879397,0.8097910345368592,0.11980318110348898
29,0.1457286432160804,0.8216518716479149,0.1195824017189202
30,0.15075376884422112,0.8335134267788594,0.11936008753706615
31,0.15577889447236182,0.8455134640973256,0.1191362548142778
32,0.16080402010050251,0.8577983371252186,0.1189109209787792
33,0.1658291457286432,0.870502994200785,0.11868410467114188
34,0.1708542713567839,0.8837317626960095,0.11845582580279435
35,0.17587939698492464,0.8975421977606881,0.1182261056371522
36,0.18090452261306533,0.9119338960101709,0.1179949668986211
37,0.18592964824120603,0.9268435543110135,0.11776243391542572
38,0.19095477386934673,0.9421467850329872,0.11752853280320265
39,0.19597989949748745,0.9576663862089555,0.11729329169701475
40,0.20100502512562815,0.9731860147659473,0.11705674104058085
41,0.20603015075376885,0.9884676177003763,0.11681891394243205
42,0.21105527638190955,1.0032706097600987,0.11657984660985075
43,0.21608040201005024,1.017370684828831,0.1163395788725864
44,0.22110552763819097,1.0305763145947793,0.11609815480945407
45,0.22613065326633167,1.0427413909074832,0.1158556234922622
46,0.23115577889447236,1.0537730465795572,0.1156120398625594
47,0.23618090452261306,1.0636343601858769,0.1153674657580489
48,0.24120603015075376,1.07234231824795,0.1151219711066208
49,0.24623115577889448,1.0799619772270947,0.11487563530711398
50,0.25125628140703515,1.0865981549177322,0.11462854881696805
51,0.2562814070351759,1.0923861290027965,0.11438081496789175
52,0.2613065326633166,1.097482709602038,0.11413255203147656
53,0.2663316582914573,1.1020587060085258,0.11388389555729815
54,0.271356783919598,1.106293291917801,0.11363500100649936
55,0.2763819095477387,1.1103701890891824,0.11338604670395536
56,0.2814070351758794,1.1144750550419142,0.1131372371320074
57,0.2864321608040201,1.1187930902193572,0.11288880658817445
58,0.2914572864321608,1.1235057603924312,0.11264102322838533
59,0.2964824120603015,1.1287856997495918,0.11239419351578904
60,0.30150753768844224,1.1347892991621593,0.11214866709333073
61,0.3065326633165829,1.1416471140420519,0.11190484209570706
62,0.31155778894472363,1.149452922643185,0.11166317091314236
63,0.3165829145728643,1.158252881218778,0.11142416641552877
64,0.32160804020100503,1.1680366156480433,0.11118840864076962
65,0.32663316582914576,1.1787321535360862,0.11095655194568088
66,0.3316582914572864,1.190206288462165,0.1107293326113018
67,0.33668341708542715,1.2022713026285063,0.11050757688713576
68,0.3417085427135678,1.2146980503470324,0.11029220945039253
69,0.34673366834170855,1.227234374074832,0.11008426224684564
70,0.35175879396984927,1.2396268693450274,0.10988488366936576
71,0.35678391959798994,1.2516433148171255,0.10969534801851323
72,0.36180904522613067,1.2630927818807316,0.10951706517674598
73,0.36683417085427134,1.2738406120894175,0.10935159041393172
74,0.37185929648241206,1.2838160940048877,0.10920063422684534
75,0.3768844221105528,1.2930116918660859,0.10906607209932496
76,0.38190954773869346,1.3014739135164857,0.10894995405287576
77,0.3869346733668342,1.3092871482750623,0.1088545138397854
78,0.3919597989949749,1.3165528463665392,0.10878217761253528
79,0.3969849246231156,1.3233670746290473,0.10873557188463034
80,0.4020100502512563,1.329799661214387,0.10871753057917456
81,0.40703517587939697,1.3358778155713358,0.10873110094304883
82,0.4120603015075377,1.341576349966795,0.10877954808671796
83,0.4170854271356784,1.3468155803795139,0.10886635789297183
84,0.4221105527638191,1.3514668374207237,0.10899523802302813
85,0.4271356783919598,1.3553644682873773,0.10917011673571808
86,0.4321608040201005,1.3583224242145897,0.10939513922597832
87,0.4371859296482412,1.3601531099200754,0.1096746611831072
88,0.44221105527638194,1.360686151670438,0.1100132392681622
89,0.4472361809045226,1.3597850727378828,0.11041561821425283
90,0.45226130653266333,1.3573604427294923,0.11088671426440078
91,0.457286432160804,1.3533787501995647,0.11143159467965902
92,0.4623115577889447,1.3478668931996713,0.11205545307647324
93,0.46733668341708545,1.3409126742435817,0.1127635803874426
94,0.4723618090452261,1.3326619579534622,0.11356133128421694
95,0.47738693467336685,1.3233131939337732,0.11445408595608042
96,0.4824120603015075,1.313109872313009,0.11544720720254242
97,0.48743718592964824,1.302331252755002,0.11654599287345345
98,0.49246231155778897,1.2912814928395906,0.117755623774926
99,0.49748743718592964,1.2802771901182826,0.11908110725319955
100,0.5025125628140703,1.2696334001616247,0.12052721677006205
101,0.507537688442211,1.2596484070901413,0.12209842789098245
102,0.5125628140703518,1.2505878583981587,0.12379885121833545
103,0.5175879396984925,1.2426692470176717,0.12563216291441948
104,0.5226130653266332,1.2360480266111147,0.12760153356923798
105,0.5276381909547738,1.230806785163532,0.12970955627252634
106,0.5326633165829145,1.2269488141085603,0.13195817484470873
107,0.5376884422110553,1.2243970820028034,0.13434861326305114
108,0.542713567839196,1.222999093293637,0.1368813073834806
109,0.5477386934673367,1.222537468415327,0.13955584010144073
110,0.5527638190954774,1.2227454299814533,0.1423708811131864
111,0.5577889447236181,1.2233258290685045,0.1453241324295086
112,0.5628140703517588,1.2239719791203538,0.14841228075456006
113,0.5678391959798995,1.2243884265483254,0.15163095777250968
114,0.5728643216080402,1.2243098760038547,0.1549747092838224
115,0.577889447236181,1.2235167663942912,0.15843697400270595
116,0.5829145728643216,1.221846400202447,0.16201007266985767
117,0.5879396984924623,1.219198997761548,0.16568520795418973
118,0.592964824120603,1.2155385237824574,0.1694524754185429
119,0.5979899497487438,1.2108885771797222,0.17330088561364154
120,0.6030150753768845,1.2053240258555475,0.17721839714846155
121,0.6080402010050251,1.1989593946490662,0.1811919603710369
122,0.6130653266331658,1.1919352670306984,0.18520757108933072
123,0.6180904522613065,1.1844041225902622,0.1892503335740391
124,0.6231155778894473,1.1765170778949963,0.19330453192140215
125,0.628140703517588,1.1684128999793875,0.19735370872003188
126,0.6331658291457286,1.1602103999641937,0.20138074986659396
127,0.6381909547738693,1.1520048908493292,0.20536797431433074
128,0.6432160804020101,1.1438688415689677,0.2092972275184716
129,0.6482412060301508,1.1358562461668156,0.21314997736388666
130,0.6532663316582915,1.1280096464756098,0.21690741142250247
131,0.6582914572864321,1.120368303241278,0.22055053448866524
132,0.6633165829145728,1.1129757963417393,0.22406026547646585
133,0.6683417085427136,1.1058854069305795,0.22741753292995426
134,0.6733668341708543,1.0991619987421792,0.2306033685893444
135,0.678391959798995,1.092879720683459,0.233598998668879
136,0.6834170854271356,1.0871155961810068,0.23638593272802666
137,0.6884422110552764,1.0819398135245586,0.23894605025154825
138,0.6934673366834171,1.0774041487401607,0.2412616852891576
139,0.6984924623115578,1.0735303261140634,0.2433157097357681
140,0.7035175879396985,1.0703001870852082,0.24509161605291385
141,0.7085427135678392,1.0676492919066207,0.2465736004344138
142,0.7135678391959799,1.0654650755709554,0.24774664759887066
143,0.7185929648241206,1.0635900205449988,0.2485966185414891
144,0.7236180904522613,1.0618296164074572,0.24911034269116986
145,0.7286432160804021,1.059964268505071,0.2492757159882157
146,0.7336683417085427,1.0577638840073487,0.2490818064137271
147,0.7386934673366834,1.0550036503966862,0.24851896845498844
148,0.7437185929648241,1.0514795267514125,0.2475789678683956
149,0.7487437185929648,1.0470221495660297,0.24625511789090335
150,0.7537688442211056,1.041508144513866,0.2445424277363064
151,0.7587939698492463,1.0348681603289909,0.24243776377850726
152,0.7638190954773869,1.0270912410940107,0.2399400232529377
153,0.7688442211055276,1.0182253953319726,0.2370503195834825
154,0.7738693467336684,1.0083744018551237,0.2337721775514936
155,0.7788944723618091,0.9976910365040813,0.2301117354564768
156,0.7839195979899498,0.9863670470070086,0.22607795017285534
157,0.7889447236180904,0.9746203781209644,0.22168279959380788
158,0.7939698492462312,0.9626803700720927,0.21694147539682795
159,0.7989949748743719,0.9507719055571073,0.2118725574130479
160,0.8040201005025126,0.9390997202551074,0.2064981592052149
161,0.8090452261306533,0.9278342546201451,0.2008440328596801
162,0.8140703517587939,0.9171004430780452,0.194939619610122
163,0.8190954773869347,0.9069706603902749,0.1888180319019902
164,0.8241206030150754,0.8974626594695354,0.1825159520720826
165,0.8291457286432161,0.8885427724011261,0.17607343317081306
166,0.8341708542713568,0.8801339843094219,0.1695335888117271
167,0.8391959798994975,0.8721278373463017,0.16294216148824936
168,0.8442211055276382,0.8643985974522587,0.15634696269461812
169,0.8492462311557789,0.8568178191432283,0.1497971834834172
170,0.8542713567839196,0.8492674305601753,0.1433425807208546
171,0.8592964824120604,0.84164973328543,0.13703255204532394
172,0.864321608040201,0.8338932136692515,0.13091512100491332
173,0.8693467336683417,0.8259536972561902,0.12503586248435938
174,0.8743718592964824,0.8178110302793378,0.11943680662398724
175,0.8793969849246231,0.8094620369867512,0.11415536618348955
176,0.8844221105527639,0.8009109067552466,0.10922333690199904
177,0.8894472361809045,0.7921583837814302,0.10466602213240496
178,0.8944723618090452,0.7831911813065144,0.10050153135718733
179,0.8994974874371859,0.7739729674156233,0.09674029688777784
180,0.9045226130653267,0.7644381229068835,0.09338484422211757
181,0.9095477386934674,0.7544892909176585,0.09042983966160399
182,0.914572864321608,0.7439995308343612,0.08786242466728755
183,0.9195979899497487,0.7328196322481759,0.08566283109420503
184,0.9246231155778895,0.7207907959192845,0.0838052560069793
185,0.9296482412060302,0.7077624084594664,0.08225896032641611
186,0.9346733668341709,0.6936140147482026,0.08098954298003336
187,0.9396984924623115,0.6782798645548427,0.07996033214943754
188,0.9447236180904522,0.6617736710414793,0.07913382793555679
189,0.949748743718593,0.6442106088501053,0.07847312634076997
190,0.9547738693467337,0.6258232589037983,0.07794325277116987
191,0.9597989949748744,0.6069683196318144,0.07751233416656977
192,0.964824120603015,0.5881215371501103,0.0771525424385342
193,0.9698492462311558,0.5698594581721314,0.07684074860983857
194,0.9748743718592965,0.5528281728033678,0.07655883797161889
195,0.9798994974874372,0.537700985826278,0.07629365352868599
196,0.9849246231155779,0.525128662321705,0.07603656066154085
197,0.9899497487437187,0.515687243567497,0.07578266386546995
198,0.9949748743718593,0.5098291648538973,0.07552976114480614
199,1.0,0.507843359801086,0.07527719885202377
