,x,y
0,0.0,6.246041320302123e-12
1,0.010101010101010102,8.86654743090175e-11
2,0.020202020202020204,1.0450917281995637e-09
3,0.030303030303030304,1.0228615395441148e-08
4,0.04040404040404041,8.313082749449749e-08
5,0.05050505050505051,5.610822064623313e-07
6,0.06060606060606061,3.145426696757999e-06
7,0.07070707070707072,1.4650759288287392e-05
8,0.08080808080808081,5.673523025563028e-05
9,0.09090909090909091,0.00018291617846159723
10,0.10101010101010102,0.0004923972032708116
11,0.11111111111111112,0.0011135706638939155
12,0.12121212121212122,0.0021433307789159393
13,0.13131313131313133,0.003603700574070401
14,0.14141414141414144,0.005543844547059211
15,0.15151515151515152,0.008306715800704778
16,0.16161616161616163,0.012702571822833736
17,0.17171717171717174,0.0197388246257764
18,0.18181818181818182,0.02993252136965596
19,0.19191919191919193,0.04276981863685956
20,0.20202020202020204,0.05693829678961849
21,0.21212121212121213,0.0713457406260936
22,0.22222222222222224,0.08616270287717698
23,0.23232323232323235,0.10295151260838865
24,0.24242424242424243,0.12365534427933296
25,0.25252525252525254,0.14923419718535239
26,0.26262626262626265,0.17911617884687808
27,0.27272727272727276,0.21198815228344808
28,0.2828282828282829,0.24725316542190354
29,0.29292929292929293,0.2857969781991365
30,0.30303030303030304,0.3293255272998804
31,0.31313131313131315,0.37893269133568214
32,0.32323232323232326,0.43426763306186045
33,0.33333333333333337,0.4940199280602424
34,0.3434343434343435,0.5571616928403692
35,0.3535353535353536,0.623635609049514
36,0.36363636363636365,0.6935956112289205
37,0.37373737373737376,0.7656542738012735
38,0.38383838383838387,0.8359199896077211
39,0.393939393939394,0.89969309713843
40,0.4040404040404041,0.9555641889013687
41,0.4141414141414142,1.008435217898374
42,0.42424242424242425,1.0676688409277257
43,0.43434343434343436,1.1410753688398052
44,0.4444444444444445,1.2299539862291464
45,0.4545454545454546,1.3291759112944705
46,0.4646464646464647,1.4310865333673521
47,0.4747474747474748,1.5292507677990945
48,0.48484848484848486,1.620018419067452
49,0.494949494949495,1.7027805612752474
50,0.5050505050505051,1.779675684616069
51,0.5151515151515152,1.8536443450826887
52,0.5252525252525253,1.924741924033527
53,0.5353535353535354,1.9883211109562515
54,0.5454545454545455,2.0383983452151693
55,0.5555555555555556,2.0733841333928273
56,0.5656565656565657,2.0980157431461706
57,0.5757575757575758,2.1200649310460737
58,0.5858585858585859,2.145685512946124
59,0.595959595959596,2.176294765454694
60,0.6060606060606061,2.207320835613707
61,0.6161616161616162,2.2297503783557118
62,0.6262626262626263,2.2350723821805474
63,0.6363636363636365,2.2204721620119754
64,0.6464646464646465,2.1899390167289523
65,0.6565656565656566,2.1514460712135905
66,0.6666666666666667,2.113862235114562
67,0.6767676767676768,2.0848022005906643
68,0.686868686868687,2.0677728444243835
69,0.696969696969697,2.05933747936116
70,0.7070707070707072,2.049929536299459
71,0.7171717171717172,2.0292282564877357
72,0.7272727272727273,1.9920428969851829
73,0.7373737373737375,1.9402865798978322
74,0.7474747474747475,1.8805439371095511
75,0.7575757575757577,1.8197719733131141
76,0.7676767676767677,1.7617793147289968
77,0.7777777777777778,1.7060459970435855
78,0.787878787878788,1.649328856459677
79,0.797979797979798,1.5889400374536689
80,0.8080808080808082,1.5251773036053362
81,0.8181818181818182,1.4608639601122393
82,0.8282828282828284,1.3984278724172512
83,0.8383838383838385,1.3372413252678694
84,0.8484848484848485,1.27382212627367
85,0.8585858585858587,1.2047911761201193
86,0.8686868686868687,1.129776701581616
87,0.8787878787878789,1.0517451564743736
88,0.888888888888889,0.9750268966042634
89,0.8989898989898991,0.9031964966656203
90,0.9090909090909092,0.838305384146448
91,0.9191919191919192,0.7811907732295645
92,0.9292929292929294,0.731531106710765
93,0.9393939393939394,0.6867164991139685
94,0.9494949494949496,0.6403741414719829
95,0.9595959595959597,0.5830395293412257
96,0.9696969696969697,0.5065273794747264
97,0.9797979797979799,0.409924957532858
98,0.98989898989899,0.3024096533031125
99,1.0,0.19975025378378766
