,x,y
0,0.0,2.3808624378312512e-07
1,0.010101010101010102,1.0521829909219039e-06
2,0.020202020202020204,4.134646391782625e-06
3,0.030303030303030304,1.449433901814855e-05
4,0.04040404040404041,4.551171084432227e-05
5,0.05050505050505051,0.00012863137675144537
6,0.06060606060606061,0.0003291696369827193
7,0.07070707070707072,0.0007678764564240437
8,0.08080808080808081,0.0016451616905139546
9,0.09090909090909091,0.003262123836545807
10,0.10101010101010102,0.006029252129511563
11,0.11111111111111112,0.010447896555587676
12,0.12121212121212122,0.017043064567699513
13,0.13131313131313133,0.02623130031971419
14,0.14141414141414144,0.03814252168626563
15,0.15151515151515152,0.05247861085492236
16,0.16161616161616163,0.06853742775506186
17,0.17171717171717174,0.08548173799413633
18,0.18181818181818182,0.10276371850300269
19,0.19191919191919193,0.1204411940339753
20,0.20202020202020204,0.13913855511595807
21,0.21212121212121213,0.15966460845245067
22,0.22222222222222224,0.18256819151923834
23,0.23232323232323235,0.20790655172635986
24,0.24242424242424243,0.2352642575327032
25,0.25252525252525254,0.26391406215386526
26,0.26262626262626265,0.29308395913933155
27,0.27272727272727276,0.3223375332304265
28,0.2828282828282829,0.3518920260421317
29,0.29292929292929293,0.3825327915525381
30,0.30303030303030304,0.41501446273307846
31,0.31313131313131315,0.44938293898301296
32,0.32323232323232326,0.4849075274368737
33,0.33333333333333337,0.5208379876025803
34,0.3434343434343435,0.557351933247515
35,0.3535353535353536,0.5957322731738448
36,0.36363636363636365,0.6374500654039207
37,0.37373737373737376,0.682833695864411
38,0.38383838383838387,0.7303990874473274
39,0.393939393939394,0.7773829395610151
40,0.4040404040404041,0.8211062795861972
41,0.4141414141414142,0.860227990581548
42,0.42424242424242425,0.8950706144208178
43,0.43434343434343436,0.9268966413866603
44,0.4444444444444445,0.9568066569444978
45,0.4545454545454546,0.9851975111555744
46,0.4646464646464647,1.0121746900267778
47,0.4747474747474748,1.0384026773344888
48,0.48484848484848486,1.0654477825860258
49,0.494949494949495,1.095132093593589
50,0.5050505050505051,1.1283452820442754
51,0.5151515151515152,1.1643260050449336
52,0.5252525252525253,1.20113342930665
53,0.5353535353535354,1.2370809586826301
54,0.5454545454545455,1.2720496656734257
55,0.5555555555555556,1.3076063380576266
56,0.5656565656565657,1.3458095012252334
57,0.5757575757575758,1.3876760096743042
58,0.5858585858585859,1.432482548246369
59,0.595959595959596,1.4782263310777985
60,0.6060606060606061,1.5225500315656626
61,0.6161616161616162,1.5632474336869229
62,0.6262626262626263,1.5981968287383426
63,0.6363636363636365,1.6253426127752542
64,0.6464646464646465,1.6432810031088256
65,0.6565656565656566,1.6522060795355646
66,0.6666666666666667,1.6544116625746608
67,0.6767676767676768,1.653866290908759
68,0.686868686868687,1.6550939907939168
69,0.696969696969697,1.6618376223305191
70,0.7070707070707072,1.6757676629949638
71,0.7171717171717172,1.6955484404671852
72,0.7272727272727273,1.7169646941485792
73,0.7373737373737375,1.7346602991652351
74,0.7474747474747475,1.7448959906612413
75,0.7575757575757577,1.7475913324857657
76,0.7676767676767677,1.7461645366493483
77,0.7777777777777778,1.7453059144291598
78,0.787878787878788,1.7483142307979305
79,0.797979797979798,1.7556938379719074
80,0.8080808080808082,1.7655484809164723
81,0.8181818181818182,1.775104272936966
82,0.8282828282828284,1.7822844853219002
83,0.8383838383838385,1.786552807024147
84,0.8484848484848485,1.7887538542194938
85,0.8585858585858587,1.7901607403274096
86,0.8686868686868687,1.7913403261018264
87,0.8787878787878789,1.791577563069772
88,0.888888888888889,1.7892244734673326
89,0.8989898989898991,1.7826212788264066
90,0.9090909090909092,1.7707694657906723
91,0.9191919191919192,1.7531177703113585
92,0.9292929292929294,1.7284025907105656
93,0.9393939393939394,1.6929805768200556
94,0.9494949494949496,1.6394546204397649
95,0.9595959595959597,1.556813719566281
96,0.9696969696969697,1.4333757721719225
97,0.9797979797979799,1.2625991818831503
98,0.98989898989899,1.0493042331030282
99,1.0,0.8120045823477382
