,x,y,pNG
0,0.0,1.618902644501294,0.0
1,0.005025125628140704,1.620114687330513,0.0
2,0.010050251256281407,1.6237269498441806,0.0
3,0.01507537688442211,1.6296668840606947,0.0
4,0.020100502512562814,1.637810719898725,0.0
5,0.02512562814070352,1.6479802112520159,0.0
6,0.03015075376884422,1.6599399556682655,2.220446049250313e-16
7,0.035175879396984924,1.6733967522337165,1.1102230246251563e-15
8,0.04020100502512563,1.6880023607487653,7.549516567451064e-15
9,0.04522613065326633,1.7033606449375414,3.486100297322992e-14
10,0.05025125628140704,1.7190394718969668,1.383337888682945e-13
11,0.05527638190954774,1.7345869931549474,4.785061236134425e-13
12,0.06030150753768844,1.7495511762937537,1.4841461393189093e-12
13,0.06532663316582915,1.7635008291699374,4.199973702156966e-12
14,0.07035175879396985,1.7760459872441647,1.0992984300628448e-11
15,0.07537688442211056,1.786855505341225,2.6898927529828146e-11
16,0.08040201005025126,1.7956700352907258,6.207279135139743e-11
17,0.08542713567839195,1.80230923629423,1.3604450899151743e-10
18,0.09045226130653267,1.806672942558606,2.8486080161371774e-10
19,0.09547738693467336,1.8087369376413862,5.726588092613838e-10
20,0.10050251256281408,1.8085447700243,1.1098912899853983e-09
21,0.10552763819095477,1.806197519795579,2.0812813694703887e-09
22,0.11055276381909548,1.8018434800040621,3.7877010417020066e-09
23,0.11557788944723618,1.795669326868029,6.707588262599984e-09
24,0.12060301507537688,1.787893604642806,1.1585287951199064e-08
25,0.12562814070351758,1.7787624228649805,1.955589989943718e-08
26,0.1306532663316583,1.7685463935816417,3.231887280019663e-08
27,0.135678391959799,1.7575372626896644,5.237580780192985e-08
28,0.1407035175879397,1.7460425877162917,8.335175805118665e-08
29,0.1457286432160804,1.7343772419224235,1.304238063104535e-07
30,0.15075376884422112,1.722851395877422,2.0088598262635318e-07
31,0.15577889447236182,1.711755726537215,3.048856501708386e-07
32,0.16080402010050251,1.7013456351824798,4.56373452140113e-07
33,0.1658291457286432,1.6918269230326224,6.743168279310653e-07
34,0.1708542713567839,1.6833454627427507,9.84236007472994e-07
35,0.17587939698492464,1.67598284748589,1.4201313316419828e-06
36,0.18090452261306533,1.6697589009754046,2.0268817668700483e-06
37,0.18592964824120603,1.6646405453971882,2.8632065637301807e-06
38,0.19095477386934673,1.6605551887329582,4.005295189735136e-06
39,0.19597989949748745,1.6574058431349048,5.551224879773997e-06
40,0.20100502512562815,1.6550848636944482,7.626300381979868e-06
41,0.20603015075376885,1.653483587649666,1.0389466603921704e-05
42,0.21105527638190955,1.6524961662130853,1.404096181234493e-05
43,0.21608040201005024,1.6520172724868334,1.8831396625285105e-05
44,0.22110552763819097,1.6519348111657313,2.5072462055297784e-05
45,0.22613065326633167,1.6521199188969875,3.314948808097462e-05
46,0.23115577889447236,1.6524171765810833,4.3536092309781615e-05
47,0.23618090452261306,1.6526379388107821,5.681117585598638e-05
48,0.24120603015075376,1.652559055838045,7.367854016515629e-05
49,0.24623115577889448,1.651928187351907,9.498941356755886e-05
50,0.25125628140703515,1.650475635210606,0.00012176818921816324
51,0.2562814070351759,1.6479314230163322,0.0001552416859715855
52,0.2613065326633166,1.6440454503196116,0.00019687224973952144
53,0.2663316582914573,1.638608087971902,0.00024839501389539714
54,0.271356783919598,1.6314685934261317,0.0003118596320621503
55,0.2763819095477387,1.622549148351775,0.0003896767836720771
56,0.2814070351758794,1.611853025071038,0.00048466973030514277
57,0.2864321608040201,1.599466213015105,0.0006001311670300603
58,0.2914572864321608,1.5855526310350567,0.0007398855655190718
59,0.2964824120603015,1.570343703839428,0.0009083571420223092
60,0.30150753768844224,1.554123531409818,0.0011106435004868411
61,0.3065326633165829,1.537211120070161,0.001352594895956072
62,0.31155778894472363,1.5199412009766227,0.0016408989323892784
63,0.3165829145728643,1.5026450815846033,0.0019831703484334273
64,0.32160804020100503,1.4856328029185566,0.002388045350483425
65,0.32663316582914576,1.4691776433483286,0.002865279720645764
66,0.3316582914572864,1.4535037379043882,0.0034258496541164085
67,0.33668341708542715,1.4387772837470865,0.004082053962641163
68,0.3417085427135678,1.4251014925729903,0.004847615915588244
69,0.34673366834170855,1.4125151545171237,0.005737782576480721
70,0.35175879396984927,1.4009944305370798,0.0067694190313284395
71,0.35678391959798994,1.3904573285983455,0.007961094399166924
72,0.36180904522613067,1.3807702693473287,0.009333155971870122
73,0.36683417085427134,1.3717562109800028,0.010907787261231872
74,0.37185929648241206,1.3632039506472655,0.012709045153906471
75,0.3768844221105528,1.3548783927394619,0.014762870813390228
76,0.38190954773869346,1.346531700951822,0.017097068455051878
77,0.3869346733668342,1.3379152678459691,0.01974124569636193
78,0.3919597989949749,1.3287923104056316,0.02272670890008477
79,0.3969849246231156,1.3189506467140673,0.02608630684242097
80,0.4020100502512563,1.3082148892463847,0.029854216217591656
81,0.40703517587939697,1.296457000923615,0.0340656630069478
82,0.4120603015075377,1.2836040066462204,0.03875657466706151
83,0.4170854271356784,1.2696417194749177,0.04396315949513308
84,0.4221105527638191,1.2546136623983148,0.049721411466245535
85,0.4271356783919598,1.2386149159848856,0.05606654133791822
86,0.4321608040201005,1.2217813106401485,0.06303233788205452
87,0.4371859296482412,1.2042750796585542,0.07065046668727748
88,0.44221105527638194,1.186268655182662,0.07894971797521633
89,0.4472361809045226,1.167928606236166,0.08795521912972826
90,0.45226130653266333,1.149401719396877,0.09768763192004892
91,0.457286432160804,1.1308049057446172,0.1081623584180399
92,0.4623115577889447,1.1122200410773315,0.11938878302838417
93,0.46733668341708545,1.0936941132071394,0.13136958050521352
94,0.4723618090452261,1.075244283699466,0.1441001209619175
95,0.47738693467336685,1.056866790447032,0.1575680023811027
96,0.4824120603015075,1.0385481174067128,0.1717527387756841
97,0.48743718592964824,1.0202766005189259,0.18662562784702966
98,0.49246231155778897,1.0020526499110751,0.20214981580098268
99,0.49748743718592964,0.98389603929477,0.21828056916742367
100,0.5025125628140703,0.9658492043431671,0.2349657544500421
101,0.507537688442211,0.9479761354187729,0.2521465167880159
102,0.5125628140703518,0.9303571555157594,0.26975813921982283
103,0.5175879396984925,0.9130805351558775,0.2877310553166181
104,0.5226130653266332,0.8962324032384099,0.3059919805741333
105,0.5276381909547738,0.8798866737423968,0.32446512257864146
106,0.5326633165829145,0.8640966670877722,0.3430734269796969
107,0.5376884422110553,0.8488897606525271,0.3617398158786821
108,0.542713567839196,0.8342658158306437,0.38038837731832265
109,0.5477386934673367,0.8201994139060679,0.3989454688605991
110,0.5527638190954774,0.8066452368667447,0.4173407043239209
111,0.5577889447236181,0.7935453982595974,0.4355078000548676
112,0.5628140703517588,0.7808372732455804,0.4533852650272802
113,0.5678391959798995,0.7684604417865342,0.4709169270004547
114,0.5728643216080402,0.7563617133164995,0.4880522944081132
115,0.577889447236181,0.7444977452331065,0.5047467601792219
116,0.5829145728643216,0.7328353583047156,0.5209616590310353
117,0.5879396984924623,0.7213501422020788,0.5366641937770232
118,0.592964824120603,0.7100242209200202,0.551827248834457
119,0.5979899497487438,0.6988440615337803,0.5664291104762944
120,0.6030150753768845,0.6877989854008038,0.5804531136023
121,0.6080402010050251,0.6768806668549291,0.5938872341031469
122,0.6130653266331658,0.6660835037530602,0.6067236444786309
123,0.6180904522613065,0.6554054373900633,0.6189582484633316
124,0.6231155778894473,0.6448486693097215,0.6305902082109183
125,0.628140703517588,0.6344197932167114,0.6416214752632088
126,0.6331658291457286,0.6241290934099498,0.6520563342206792
127,0.6381909547738693,0.6139890728447412,0.6619009658412491
128,0.6432160804020101,0.6040125626216978,0.6711630342953384
129,0.6482412060301508,0.594210942832613,0.679851301540131
130,0.6532663316582915,0.5845930228474793,0.6879752702635287
131,0.6582914572864321,0.5751649865080347,0.6955448555896078
132,0.6633165829145728,0.5659315473520142,0.7025700847191154
133,0.6683417085427136,0.5568981513089569,0.7090608228798867
134,0.6733668341708543,0.5480737855190262,0.7150265233553559
135,0.678391959798995,0.5394737648230417,0.7204759989167833
136,0.6834170854271356,0.5311218092634794,0.7254172116764129
137,0.6884422110552764,0.5230508047442213,0.7298570781782585
138,0.6934673366834171,0.5153018372618398,0.733801286425678
139,0.6984924623115578,0.507921372554474,0.7372541214892109
140,0.7035175879396985,0.5009567700143555,0.7402182963274583
141,0.7085427135678392,0.4944506198154979,0.7426947844745945
142,0.7135678391959799,0.48843462396691856,0.7446826512918109
143,0.7185929648241206,0.48292386150330735,0.7461788805422188
144,0.7236180904522613,0.47791225675314253,0.7471781931305788
145,0.7286432160804021,0.4733699026057896,0.7476728549572064
146,0.7336683417085427,0.46924260218799846,0.7476524709825764
147,0.7386934673366834,0.4654536356354063,0.7471037628083135
148,0.7437185929648241,0.4619074075943767,0.7460103273827712
149,0.7487437185929648,0.45849436393124055,0.7443523748819951
150,0.7537688442211056,0.4550964448541565,0.742106444463035
151,0.7587939698492463,0.451592393258801,0.7392450975221717
152,0.7638190954773869,0.44786244307295975,0.7357365894316727
153,0.7688442211055276,0.4437922109524926,0.7315445226273437
154,0.7738693467336684,0.43927591661526505,0.7266274865750821
155,0.7788944723618091,0.4342192708806895,0.7209386938140533
156,0.7839195979899498,0.42854242975972096,0.7144256262813014
157,0.7889447236180904,0.42218329749943195,0.7070297128680165
158,0.7939698492462312,0.4151012048515486,0.6986860681208962
159,0.7989949748743719,0.40728066958711046,0.6893233337323723
160,0.8040201005025126,0.3987346653122066,0.6788636795458769
161,0.8090452261306533,0.38950667508598297,0.6672230397853499
162,0.8140703517587939,0.3796708453431382,0.6543116834735379
163,0.8190954773869347,0.36932978661785043,0.6400352454858719
164,0.8241206030150754,0.35860993856070333,0.6242963755498581
165,0.8291457286432161,0.3476548350877164,0.6069971945137906
166,0.8341708542713568,0.33661696467914276,0.5880427759526633
167,0.8391959798994975,0.3256491311230479,0.5673458890044445
168,0.8442211055276382,0.31489623381639964,0.5448332332234866
169,0.8492462311557789,0.3044882113678718,0.5204533509071371
170,0.8542713567839196,0.29453458620672535,0.4941862941991742
171,0.8592964824120604,0.28512070247017035,0.4660549273956464
172,0.864321608040201,0.2763054610473796,0.43613743565287655
173,0.8693467336683417,0.2681201974930126,0.4045801792333803
174,0.8743718592964824,0.2605683498525255,0.3716094969763633
175,0.8793969849246231,0.2536257026912042,0.33754049391353225
176,0.8844221105527639,0.24724120710302924,0.3027803836903397
177,0.8894472361809045,0.2413385798625395,0.2678238018503152
178,0.8944723618090452,0.23581900057655833,0.23323789751017565
179,0.8994974874371859,0.23056520745696338,0.19963613235643365
180,0.9045226130653267,0.2254471393476093,0.16764157775709798
181,0.9095477386934674,0.2203290275143585,0.13784283067831282
182,0.914572864321608,0.21507757792298657,0.11074789201271662
183,0.9195979899497487,0.20957067969140086,0.0867427268022195
184,0.9246231155778895,0.20370598260953607,0.06606113519491362
185,0.9296482412060302,0.19740872077711857,0.04877081983731424
186,0.9346733668341709,0.1906382917379216,0.034777543246586114
187,0.9396984924623115,0.18339327067262504,0.023845896092320015
188,0.9447236180904522,0.1757146789479567,0.01563241741503818
189,0.949748743718593,0.1676873862381652,0.009725299483936745
190,0.9547738693467337,0.15943949567264853,0.005684835019158285
191,0.9597989949748744,0.1511394780595661,0.0030798082938461317
192,0.964824120603015,0.14299075523454607,0.0015166329420850386
193,0.9698492462311558,0.1352234647497735,0.0006596546314946439
194,0.9748743718592965,0.12808332743381,0.0002423165238953917
195,0.9798994974874372,0.12181789616213626,6.972449989328666e-05
196,0.9849246231155779,0.11666093787868764,1.3643579832356426e-05
197,0.9899497487437187,0.11281618763291244,1.321543143473214e-06
198,0.9949748743718593,0.11044208263084697,2.299478685241496e-08
199,1.0,0.10963921687149192,0.0
