,x,y
0,0.0,1.6209476070224108e-14
1,0.010101010101010102,3.5050937898466384e-13
2,0.020202020202020204,6.297095020452638e-12
3,0.030303030303030304,9.404979463731262e-11
4,0.04040404040404041,1.1685226869597339e-09
5,0.05050505050505051,1.2085945908844208e-08
6,0.06060606060606061,1.0413806955507481e-07
7,0.07070707070707072,7.481110101638706e-07
8,0.08080808080808081,4.484552803979027e-06
9,0.09090909090909091,2.2453072677574252e-05
10,0.10101010101010102,9.399454892707537e-05
11,0.11111111111111112,0.00032943186753548067
12,0.12121212121212122,0.0009682752249394685
13,0.13131313131313133,0.0023923463579260413
14,0.14141414141414144,0.004985982156170982
15,0.15151515151515152,0.008812545685986835
16,0.16161616161616163,0.013320250063634548
17,0.17171717171717174,0.017443158968282052
18,0.18181818181818182,0.02017654830676936
19,0.19191919191919193,0.021172677065651305
20,0.20202020202020204,0.020829345813842756
21,0.21212121212121213,0.01990497652420017
22,0.22222222222222224,0.019151367238257912
23,0.23232323232323235,0.019274964744781437
24,0.24242424242424243,0.021097785958159948
25,0.25252525252525254,0.025595928654500034
26,0.26262626262626265,0.033595056726359346
27,0.27272727272727276,0.045237118002276915
28,0.2828282828282829,0.05973154510939851
29,0.29292929292929293,0.07585112561156633
30,0.30303030303030304,0.09294266820222542
31,0.31313131313131315,0.11164864405778202
32,0.32323232323232326,0.1338009682973522
33,0.33333333333333337,0.16164398272092279
34,0.3434343434343435,0.19688610548118682
35,0.3535353535353536,0.2400824123109183
36,0.36363636363636365,0.290814696027958
37,0.37373737373737376,0.34878866630352073
38,0.38383838383838387,0.41512397965408965
39,0.393939393939394,0.492550547058737
40,0.4040404040404041,0.58391515103107
41,0.4141414141414142,0.6899825591690387
42,0.42424242424242425,0.8083234356974284
43,0.43434343434343436,0.9341086460026822
44,0.4444444444444445,1.0619616790600872
45,0.4545454545454546,1.1875528454875786
46,0.4646464646464647,1.3084164835618457
47,0.4747474747474748,1.4238892655101238
48,0.48484848484848486,1.5338960042143543
49,0.494949494949495,1.637104866809864
50,0.5050505050505051,1.7303389262713202
51,0.5151515151515152,1.8104547203730994
52,0.5252525252525253,1.8770715659523933
53,0.5353535353535354,1.9331854038407807
54,0.5454545454545455,1.9830675674868183
55,0.5555555555555556,2.0300092039402355
56,0.5656565656565657,2.0760327174726134
57,0.5757575757575758,2.1222817834458425
58,0.5858585858585859,2.167695328594946
59,0.595959595959596,2.2069063431426614
60,0.6060606060606061,2.231191961089286
61,0.6161616161616162,2.2337310451448884
62,0.6262626262626263,2.2151263861462254
63,0.6363636363636365,2.183935091499485
64,0.6464646464646465,2.1513361922546324
65,0.6565656565656566,2.1241651564604735
66,0.6666666666666667,2.1016176590740723
67,0.6767676767676768,2.077579781445116
68,0.686868686868687,2.0460779397490323
69,0.696969696969697,2.005570384628022
70,0.7070707070707072,1.9595476594122456
71,0.7171717171717172,1.913840116706079
72,0.7272727272727273,1.8729065136848841
73,0.7373737373737375,1.8375877438324644
74,0.7474747474747475,1.8054259567101
75,0.7575757575757577,1.7726921877477628
76,0.7676767676767677,1.7365916950570284
77,0.7777777777777778,1.6968240378694326
78,0.787878787878788,1.6560545443109587
79,0.797979797979798,1.6187488085619968
80,0.8080808080808082,1.5886112268713521
81,0.8181818181818182,1.5662910966370818
82,0.8282828282828284,1.54910540532827
83,0.8383838383838385,1.5326919637728498
84,0.8484848484848485,1.5128857073333415
85,0.8585858585858587,1.4866593944134665
86,0.8686868686868687,1.4524855881176912
87,0.8787878787878789,1.4107439294170618
88,0.888888888888889,1.3639855450846121
89,0.8989898989898991,1.3164531564942688
90,0.9090909090909092,1.2726534005855068
91,0.9191919191919192,1.235479732880474
92,0.9292929292929294,1.2047634376852447
93,0.9393939393939394,1.176699284941917
94,0.9494949494949496,1.1436272381128356
95,0.9595959595959597,1.0936981552667584
96,0.9696969696969697,1.0120746729637
97,0.9797979797979799,0.886766824779275
98,0.98989898989899,0.7183785226298943
99,1.0,0.5260498079737816
