,x,y,pNG
0,0.0,1.2125381611211,0.0
1,0.005025125628140704,1.212951642940745,0.0
2,0.010050251256281407,1.214188775300454,0.0
3,0.01507537688442211,1.216239108894658,0.0
4,0.020100502512562814,1.2190836413426713,0.0
5,0.02512562814070352,1.2226928096944176,0.0
6,0.03015075376884422,1.227024347047039,2.220446049250313e-16
7,0.035175879396984924,1.2320215047214567,1.1102230246251563e-15
8,0.04020100502512563,1.2376120890873978,7.549516567451064e-15
9,0.04522613065326633,1.2437086245543432,3.486100297322992e-14
10,0.05025125628140704,1.2502097629216866,1.383337888682945e-13
11,0.05527638190954774,1.2570028558115913,4.785061236134425e-13
12,0.06030150753768844,1.2639674334974604,1.4841461393189093e-12
13,0.06532663316582915,1.2709792234525752,4.199973702156966e-12
14,0.07035175879396985,1.2779143127431218,1.0992984300628448e-11
15,0.07537688442211056,1.284653108056124,2.6898927529828146e-11
16,0.08040201005025126,1.291083855734316,6.207279135139743e-11
17,0.08542713567839195,1.2971056191190977,1.3604450899151743e-10
18,0.09045226130653267,1.3026307348401462,2.8486080161371774e-10
19,0.09547738693467336,1.307586851225949,5.726588092613838e-10
20,0.10050251256281408,1.3119186710728254,1.1098912899853983e-09
21,0.10552763819095477,1.3155894751569415,2.0812813694703887e-09
22,0.11055276381909548,1.3185824073503023,3.7877010417020066e-09
23,0.11557788944723618,1.3209013861056589,6.707588262599984e-09
24,0.12060301507537688,1.322571406125949,1.1585287951199064e-08
25,0.12562814070351758,1.3236379417274002,1.955589989943718e-08
26,0.1306532663316583,1.3241651826661804,3.231887280019663e-08
27,0.135678391959799,1.3242329305512384,5.237580780192985e-08
28,0.1407035175879397,1.323932147605946,8.335175805118665e-08
29,0.1457286432160804,1.3233593516951336,1.304238063104535e-07
30,0.15075376884422112,1.3226102544933396,2.0088598262635318e-07
31,0.15577889447236182,1.3217732039294654,3.048856501708386e-07
32,0.16080402010050251,1.3209230846207942,4.56373452140113e-07
33,0.1658291457286432,1.3201163309874553,6.743168279310653e-07
34,0.1708542713567839,1.319387613719279,9.84236007472994e-07
35,0.17587939698492464,1.3187485841969548,1.4201313316419828e-06
36,0.18090452261306533,1.3181888292896706,2.0268817668700483e-06
37,0.18592964824120603,1.3176789341408244,2.8632065637301807e-06
38,0.19095477386934673,1.317175308041148,4.005295189735136e-06
39,0.19597989949748745,1.3166262292428548,5.551224879773997e-06
40,0.20100502512562815,1.3159784317869792,7.626300381979868e-06
41,0.20603015075376885,1.3151835046113478,1.0389466603921704e-05
42,0.21105527638190955,1.3142034039725474,1.404096181234493e-05
43,0.21608040201005024,1.3130144891112399,1.8831396625285105e-05
44,0.22110552763819097,1.3116096650512687,2.5072462055297784e-05
45,0.22613065326633167,1.3099984362835944,3.314948808097462e-05
46,0.23115577889447236,1.308204917114236,4.3536092309781615e-05
47,0.23618090452261306,1.3062640820578173,5.681117585598638e-05
48,0.24120603015075376,1.304216745529559,7.367854016515629e-05
49,0.24623115577889448,1.3021039089478648,9.498941356755886e-05
50,0.25125628140703515,1.299961185193999,0.00012176818921816324
51,0.2562814070351759,1.2978139937109843,0.0001552416859715855
52,0.2613065326633166,1.2956741140576828,0.00019687224973952144
53,0.2663316582914573,1.2935380035419164,0.00024839501389539714
54,0.271356783919598,1.2913870493014303,0.0003118596320621503
55,0.2763819095477387,1.2891896691670766,0.0003896767836720771
56,0.2814070351758794,1.286904934909881,0.00048466973030514277
57,0.2864321608040201,1.2844872000868532,0.0006001311670300603
58,0.2914572864321608,1.2818910989578158,0.0007398855655190718
59,0.2964824120603015,1.2790762570176466,0.0009083571420223092
60,0.30150753768844224,1.2760111175283861,0.0011106435004868411
61,0.3065326633165829,1.2726754283848523,0.001352594895956072
62,0.31155778894472363,1.2690611256079467,0.0016408989323892784
63,0.3165829145728643,1.2651715640886956,0.0019831703484334273
64,0.32160804020100503,1.2610192532158309,0.002388045350483425
65,0.32663316582914576,1.2566224297989619,0.002865279720645764
66,0.3316582914572864,1.2520009262555598,0.0034258496541164085
67,0.33668341708542715,1.2471718602857713,0.004082053962641163
68,0.3417085427135678,1.2421456830091844,0.004847615915588244
69,0.34673366834170855,1.2369230810875622,0.005737782576480721
70,0.35175879396984927,1.2314931428053109,0.0067694190313284395
71,0.35678391959798994,1.2258330772196744,0.007961094399166924
72,0.36180904522613067,1.2199096279531612,0.009333155971870122
73,0.36683417085427134,1.213682157859154,0.010907787261231872
74,0.37185929648241206,1.207107208028679,0.012709045153906471
75,0.3768844221105528,1.2001441675093942,0.014762870813390228
76,0.38190954773869346,1.1927615447895763,0.017097068455051878
77,0.3869346733668342,1.1849432265238915,0.01974124569636193
78,0.3919597989949749,1.1766940602814335,0.02272670890008477
79,0.3969849246231156,1.168044118958184,0.02608630684242097
80,0.4020100502512563,1.1590510995617411,0.029854216217591656
81,0.40703517587939697,1.1498004725646116,0.0340656630069478
82,0.4120603015075377,1.1404032133689521,0.03875657466706151
83,0.4170854271356784,1.1309911893185813,0.04396315949513308
84,0.4221105527638191,1.121710514114245,0.049721411466245535
85,0.4271356783919598,1.1127133868630785,0.05606654133791822
86,0.4321608040201005,1.104149081199042,0.06303233788205452
87,0.4371859296482412,1.0961548259640639,0.07065046668727748
88,0.44221105527638194,1.0888473186067216,0.07894971797521633
89,0.4472361809045226,1.0823155415922034,0.08795521912972826
90,0.45226130653266333,1.0766154242050847,0.09768763192004892
91,0.457286432160804,1.071766724849577,0.1081623584180399
92,0.4623115577889447,1.0677523208407091,0.11938878302838417
93,0.46733668341708545,1.064519900632794,0.13136958050521352
94,0.4723618090452261,1.0619858715218409,0.1441001209619175
95,0.47738693467336685,1.0600411353328436,0.1575680023811027
96,0.4824120603015075,1.058558254606441,0.1717527387756841
97,0.48743718592964824,1.0573994401179994,0.18662562784702966
98,0.49246231155778897,1.0564247438532604,0.20214981580098268
99,0.49748743718592964,1.055499844732227,0.21828056916742367
100,0.5025125628140703,1.0545028692613547,0.2349657544500421
101,0.507537688442211,1.0533297931322432,0.2521465167880159
102,0.5125628140703518,1.0518981140667496,0.26975813921982283
103,0.5175879396984925,1.0501486565970213,0.2877310553166181
104,0.5226130653266332,1.0480455470690206,0.3059919805741333
105,0.5276381909547738,1.0455745610790124,0.32446512257864146
106,0.5326633165829145,1.0427401762903465,0.3430734269796969
107,0.5376884422110553,1.0395617464527485,0.3617398158786821
108,0.542713567839196,1.0360692402720353,0.38038837731832265
109,0.5477386934673367,1.0322989630828723,0.3989454688605991
110,0.5527638190954774,1.0282896097623568,0.4173407043239209
111,0.5577889447236181,1.0240788996645258,0.4355078000548676
112,0.5628140703517588,1.01970093687053,0.4533852650272802
113,0.5678391959798995,1.0151843390043815,0.4709169270004547
114,0.5728643216080402,1.0105510982836887,0.4880522944081132
115,0.577889447236181,1.00581608615406,0.5047467601792219
116,0.5829145728643216,1.0009870879411327,0.5209616590310353
117,0.5879396984924623,0.9960652510942051,0.5366641937770232
118,0.592964824120603,0.99104584123808,0.551827248834457
119,0.5979899497487438,0.985919215423245,0.5664291104762944
120,0.6030150753768845,0.9806719347869144,0.5804531136023
121,0.6080402010050251,0.9752879461095838,0.5938872341031469
122,0.6130653266331658,0.9697497642798317,0.6067236444786309
123,0.6180904522613065,0.9640395893297977,0.6189582484633316
124,0.6231155778894473,0.9581402975418839,0.6305902082109183
125,0.628140703517588,0.9520362602633741,0.6416214752632088
126,0.6331658291457286,0.945713967850239,0.6520563342206792
127,0.6381909547738693,0.939162467293427,0.6619009658412491
128,0.6432160804020101,0.9323736548929256,0.6711630342953384
129,0.6482412060301508,0.9253424921718917,0.679851301540131
130,0.6532663316582915,0.9180672264715843,0.6879752702635287
131,0.6582914572864321,0.9105496919724883,0.6955448555896078
132,0.6633165829145728,0.9027957407652021,0.7025700847191154
133,0.6683417085427136,0.8948158101288065,0.7090608228798867
134,0.6733668341708543,0.8866255785789041,0.7150265233553559
135,0.678391959798995,0.8782466094460839,0.7204759989167833
136,0.6834170854271356,0.8697068373803084,0.7254172116764129
137,0.6884422110552764,0.861040729549487,0.7298570781782585
138,0.6934673366834171,0.852288955731326,0.733801286425678
139,0.6984924623115578,0.8434974324004424,0.7372541214892109
140,0.7035175879396985,0.8347156636485433,0.7402182963274583
141,0.7085427135678392,0.8259943811338641,0.7426947844745945
142,0.7135678391959799,0.8173825782727635,0.7446826512918109
143,0.7185929648241206,0.8089241307170754,0.7461788805422188
144,0.7236180904522613,0.8006542848094881,0.7471781931305788
145,0.7286432160804021,0.7925963666299128,0.7476728549572064
146,0.7336683417085427,0.7847591049458773,0.7476524709825764
147,0.7386934673366834,0.7771349613028914,0.7471037628083135
148,0.7437185929648241,0.769699811367026,0.7460103273827712
149,0.7487437185929648,0.7624142193505042,0.7443523748819951
150,0.7537688442211056,0.7552263941152481,0.742106444463035
151,0.7587939698492463,0.7480767217969391,0.7392450975221717
152,0.7638190954773869,0.7409035551665041,0.7357365894316727
153,0.7688442211055276,0.7336497325741073,0.7315445226273437
154,0.7738693467336684,0.7262691328983282,0.7266274865750821
155,0.7788944723618091,0.7187324815847032,0.7209386938140533
156,0.7839195979899498,0.7110316344426744,0.7144256262813014
157,0.7889447236180904,0.7031816948486757,0.7070297128680165
158,0.7939698492462312,0.6952205617568242,0.6986860681208962
159,0.7989949748743719,0.6872058341167722,0.6893233337323723
160,0.8040201005025126,0.6792093656759348,0.6788636795458769
161,0.8090452261306533,0.6713101130601286,0.6672230397853499
162,0.8140703517587939,0.6635861870153791,0.6543116834735379
163,0.8190954773869347,0.656107149025897,0.6400352454858719
164,0.8241206030150754,0.648927562037027,0.6242963755498581
165,0.8291457286432161,0.6420826033051079,0.6069971945137906
166,0.8341708542713568,0.6355862101003953,0.5880427759526633
167,0.8391959798994975,0.6294318131538098,0.5673458890044445
168,0.8442211055276382,0.623595292987834,0.5448332332234866
169,0.8492462311557789,0.61803944698685,0.5204533509071371
170,0.8542713567839196,0.6127190428883653,0.4941862941991742
171,0.8592964824120604,0.6075854936107541,0.4660549273956464
172,0.864321608040201,0.6025903220518113,0.43613743565287655
173,0.8693467336683417,0.5976868629010484,0.4045801792333803
174,0.8743718592964824,0.5928300162126856,0.3716094969763633
175,0.8793969849246231,0.5879742557514259,0.33754049391353225
176,0.8844221105527639,0.5830704360850585,0.3027803836903397
177,0.8894472361809045,0.5780621818946359,0.2678238018503152
178,0.8944723618090452,0.5728827492394876,0.23323789751017565
179,0.8994974874371859,0.5674532151997337,0.19963613235643365
180,0.9045226130653267,0.5616826958102912,0.16764157775709798
181,0.9095477386934674,0.5554710446560859,0.13784283067831282
182,0.914572864321608,0.5487141849115704,0.11074789201271662
183,0.9195979899497487,0.541311913480737,0.0867427268022195
184,0.9246231155778895,0.5331777175999239,0.06606113519491362
185,0.9296482412060302,0.5242498831748034,0.04877081983731424
186,0.9346733668341709,0.514502964285648,0.034777543246586114
187,0.9396984924623115,0.5039585353511715,0.023845896092320015
188,0.9447236180904522,0.4926940727335531,0.01563241741503818
189,0.949748743718593,0.4808488254067915,0.009725299483936745
190,0.9547738693467337,0.46862565098527187,0.005684835019158285
191,0.9597989949748744,0.45628802766311366,0.0030798082938461317
192,0.964824120603015,0.4441518086413877,0.0015166329420850386
193,0.9698492462311558,0.43257175070692405,0.0006596546314946439
194,0.9748743718592965,0.42192338809188906,0.0002423165238953917
195,0.9798994974874372,0.41258137953807145,6.972449989328666e-05
196,0.9849246231155779,0.40489595676494955,1.3643579832356426e-05
197,0.9899497487437187,0.39916946689656735,1.321543143473214e-06
198,0.9949748743718593,0.39563515983479924,2.299478685241496e-08
199,1.0,0.3944402788110443,0.0
