,x,y,pNG
0,0.0,0.9341473539833998,0.12533111851005752
1,0.005025125628140704,0.9343068836639311,0.12515540962561222
2,0.010050251256281407,0.9347753266921079,0.1249781500566417
3,0.01507537688442211,0.9355227704590809,0.12479932818649064
4,0.020100502512562814,0.9365011150307769,0.12461893296737915
5,0.02512562814070352,0.9376467069777717,0.12443695397445895
6,0.03015075376884422,0.938884003772518,0.12425338145851585
7,0.035175879396984924,0.940130189367721,0.12406820639699535
8,0.04020100502512563,0.9413005758613399,0.12388142054303285
9,0.04522613065326633,0.942314519767269,0.12369301647220945
10,0.05025125628140704,0.9431014718636662,0.12350298762673405
11,0.05527638190954774,0.9436066890489879,0.12331132835682103
12,0.06030150753768844,0.9437960874701303,0.1231180339589969
13,0.06532663316582915,0.9436597262063864,0.12292310071116595
14,0.07035175879396985,0.9432134891483028,0.12272652590422704
15,0.07537688442211056,0.94249867732847,0.12252830787009028
16,0.08040201005025126,0.9415794210884963,0.12232844600604753
17,0.08542713567839195,0.9405380474471114,0.12212694079534304
18,0.09045226130653267,0.9394687630145464,0.1219237938239991
19,0.09547738693467336,0.9384702056306901,0.12171900779393485
20,0.10050251256281408,0.9376375513143916,0.12151258653245768
21,0.10552763819095477,0.9370549181451753,0.12130453499835248
22,0.11055276381909548,0.9367887776575332,0.1210948592848652
23,0.11557788944723618,0.9368829717257044,0.12088356661995835
24,0.12060301507537688,0.9373557544038791,0.12067066536440985
25,0.12562814070351758,0.9381990577708887,0.12045616500843292
26,0.1306532663316583,0.9393799470022374,0.1202400761677177
27,0.135678391959799,0.9408440113900896,0.12002241057999675
28,0.1407035175879397,0.9425202599388901,0.11980318110348898
29,0.1457286432160804,0.9443269708898347,0.1195824017189202
30,0.15075376884422112,0.9461778939918319,0.11936008753706615
31,0.15577889447236182,0.9479882234232405,0.1191362548142778
32,0.16080402010050251,0.9496798404537442,0.1189109209787792
33,0.1658291457286432,0.9511854538499048,0.11868410467114188
34,0.1708542713567839,0.9524514236679716,0.11845582580279435
35,0.17587939698492464,0.9534392193652499,0.1182261056371522
36,0.18090452261306533,0.9541256155737847,0.1179949668986211
37,0.18592964824120603,0.9545018508861712,0.11776243391542572
38,0.19095477386934673,0.9545720540646646,0.11752853280320265
39,0.19597989949748745,0.9543512720055174,0.11729329169701475
40,0.20100502512562815,0.9538634152411206,0.11705674104058085
41,0.20603015075376885,0.9531393768827658,0.11681891394243205
42,0.21105527638190955,0.9522154920271287,0.11657984660985075
43,0.21608040201005024,0.9511324022816876,0.1163395788725864
44,0.22110552763819097,0.9499342904825465,0.11609815480945407
45,0.22613065326633167,0.948668368480462,0.1158556234922622
46,0.23115577889447236,0.9473844469338242,0.1156120398625594
47,0.23618090452261306,0.9461343962283651,0.1153674657580489
48,0.24120603015075376,0.9449713224097719,0.1151219711066208
49,0.24623115577889448,0.9439483269982831,0.11487563530711398
50,0.25125628140703515,0.9431167868155731,0.11462854881696805
51,0.2562814070351759,0.9425241696164636,0.11438081496789175
52,0.2613065326633166,0.9422114831670899,0.11413255203147656
53,0.2663316582914573,0.9422105301340574,0.11388389555729815
54,0.271356783919598,0.9425412010300972,0.11363500100649936
55,0.2763819095477387,0.943209076555864,0.11338604670395536
56,0.2814070351758794,0.94420362463916,0.1131372371320074
57,0.2864321608040201,0.9454972633350527,0.11288880658817445
58,0.2914572864321608,0.9470455169278652,0.11264102322838533
59,0.2964824120603015,0.9487884192354252,0.11239419351578904
60,0.30150753768844224,0.9506532178924911,0.11214866709333073
61,0.3065326633165829,0.9525583122067705,0.11190484209570706
62,0.31155778894472363,0.9544182247972167,0.11166317091314236
63,0.3165829145728643,0.9561492771459194,0.11142416641552877
64,0.32160804020100503,0.957675527642947,0.11118840864076962
65,0.32663316582914576,0.9589344546260831,0.11095655194568088
66,0.3316582914572864,0.959881841263811,0.1107293326113018
67,0.33668341708542715,0.9604953538917236,0.11050757688713576
68,0.3417085427135678,0.9607764030728153,0.11029220945039253
69,0.34673366834170855,0.9607500306866208,0.11008426224684564
70,0.35175879396984927,0.9604627612456533,0.10988488366936576
71,0.35678391959798994,0.9599785685879179,0.10969534801851323
72,0.36180904522613067,0.9593733131859312,0.10951706517674598
73,0.36683417085427134,0.9587281736425478,0.10935159041393172
74,0.37185929648241206,0.958122705916353,0.10920063422684534
75,0.3768844221105528,0.9576282008091551,0.10906607209932496
76,0.38190954773869346,0.9573019699227124,0.10894995405287576
77,0.3869346733668342,0.9571830791828759,0.1088545138397854
78,0.3919597989949749,0.9572898832662835,0.10878217761253528
79,0.3969849246231156,0.9576195167753843,0.10873557188463034
80,0.4020100502512563,0.9581492947367064,0.10871753057917456
81,0.40703517587939697,0.9588397908672709,0.10873110094304883
82,0.4120603015075377,0.9596392173824638,0.10877954808671796
83,0.4170854271356784,0.96048863806046,0.10886635789297183
84,0.4221105527638191,0.9613275116491745,0.10899523802302813
85,0.4271356783919598,0.9620990822294936,0.10917011673571808
86,0.4321608040201005,0.9627551969738292,0.10939513922597832
87,0.4371859296482412,0.963260225772904,0.1096746611831072
88,0.44221105527638194,0.9635938658468188,0.1100132392681622
89,0.4472361809045226,0.9637527231867343,0.11041561821425283
90,0.45226130653266333,0.9637506600840069,0.11088671426440078
91,0.457286432160804,0.9636179769993171,0.11143159467965902
92,0.4623115577889447,0.9633995550989856,0.11205545307647324
93,0.46733668341708545,0.963152124415294,0.1127635803874426
94,0.4723618090452261,0.9629408459751869,0.11356133128421694
95,0.47738693467336685,0.9628354097188687,0.11445408595608042
96,0.4824120603015075,0.9629058584524072,0.11544720720254242
97,0.48743718592964824,0.9632183545529827,0.11654599287345345
98,0.49246231155778897,0.9638311113147632,0.117755623774926
99,0.49748743718592964,0.9647907128314513,0.11908110725319955
100,0.5025125628140703,0.9661290414199626,0.12052721677006205
101,0.507537688442211,0.9678610152852901,0.12209842789098245
102,0.5125628140703518,0.9699833074639839,0.12379885121833545
103,0.5175879396984925,0.9724741679477935,0.12563216291441948
104,0.5226130653266332,0.9752944049115709,0.12760153356923798
105,0.5276381909547738,0.9783895018749467,0.12970955627252634
106,0.5326633165829145,0.9816927619484769,0.13195817484470873
107,0.5376884422110553,0.9851292865249379,0.13434861326305114
108,0.542713567839196,0.9886205230251416,0.1368813073834806
109,0.5477386934673367,0.992089063023766,0.13955584010144073
110,0.5527638190954774,0.9954633447057452,0.1423708811131864
111,0.5577889447236181,0.9986819156993413,0.1453241324295086
112,0.5628140703517588,1.0016969441765036,0.14841228075456006
113,0.5678391959798995,1.0044767248167288,0.15163095777250968
114,0.5728643216080402,1.0070070062763068,0.1549747092838224
115,0.577889447236181,1.0092910608396173,0.15843697400270595
116,0.5829145728643216,1.0113485166451637,0.16201007266985767
117,0.5879396984924623,1.0132130698266344,0.16568520795418973
118,0.592964824120603,1.0149292801514507,0.1694524754185429
119,0.5979899497487438,1.016548722340049,0.17330088561364154
120,0.6030150753768845,1.018125810647745,0.17721839714846155
121,0.6080402010050251,1.0197136326206757,0.1811919603710369
122,0.6130653266331658,1.0213601173494373,0.18520757108933072
123,0.6180904522613065,1.023104824532945,0.1892503335740391
124,0.6231155778894473,1.0249765763242602,0.19330453192140215
125,0.628140703517588,1.0269920700382527,0.19735370872003188
126,0.6331658291457286,1.0291555145838975,0.20138074986659396
127,0.6381909547738693,1.0314592369749118,0.20536797431433074
128,0.6432160804020101,1.0338851182413267,0.2092972275184716
129,0.6482412060301508,1.0364066506050464,0.21314997736388666
130,0.6532663316582915,1.0389913677804066,0.21690741142250247
131,0.6582914572864321,1.041603392008286,0.22055053448866524
132,0.6633165829145728,1.0442058647137453,0.22406026547646585
133,0.6683417085427136,1.0467630775787704,0.22741753292995426
134,0.6733668341708543,1.0492421883768699,0.2306033685893444
135,0.678391959798995,1.0516144795665032,0.233598998668879
136,0.6834170854271356,1.0538561852435933,0.23638593272802666
137,0.6884422110552764,1.0559489630832473,0.23894605025154825
138,0.6934673366834171,1.0578801153700634,0.2412616852891576
139,0.6984924623115578,1.0596426649040867,0.2433157097357681
140,0.7035175879396985,1.061235370280389,0.24509161605291385
141,0.7085427135678392,1.062662727817498,0.2465736004344138
142,0.7135678391959799,1.0639349638832971,0.24774664759887066
143,0.7185929648241206,1.0650679816041784,0.2485966185414891
144,0.7236180904522613,1.0660831983181283,0.24911034269116986
145,0.7286432160804021,1.0670071996817674,0.2492757159882157
146,0.7336683417085427,1.0678711439938873,0.2490818064137271
147,0.7386934673366834,1.0687098731117697,0.24851896845498844
148,0.7437185929648241,1.0695607186224896,0.2475789678683956
149,0.7487437185929648,1.070462026948524,0.24625511789090335
150,0.7537688442211056,1.0714514587751833,0.2445424277363064
151,0.7587939698492463,1.07256414263258,0.24243776377850726
152,0.7638190954773869,1.0738307783833856,0.2399400232529377
153,0.7688442211055276,1.0752757949366947,0.2370503195834825
154,0.7738693467336684,1.0769156703135694,0.2337721775514936
155,0.7788944723618091,1.0787575237940379,0.2301117354564768
156,0.7839195979899498,1.0807980904232735,0.22607795017285534
157,0.7889447236180904,1.0830231864922375,0.22168279959380788
158,0.7939698492462312,1.0854077672171718,0.21694147539682795
159,0.7989949748743719,1.0879166596869936,0.2118725574130479
160,0.8040201005025126,1.090506020244336,0.2064981592052149
161,0.8090452261306533,1.0931255127846584,0.2008440328596801
162,0.8140703517587939,1.0957211336263983,0.194939619610122
163,0.8190954773869347,1.0982385249211366,0.1888180319019902
164,0.8241206030150754,1.1006265319584911,0.1825159520720826
165,0.8291457286432161,1.1028406835259073,0.17607343317081306
166,0.8341708542713568,1.1048462233048275,0.1695335888117271
167,0.8391959798994975,1.1066203072320562,0.16294216148824936
168,0.8442211055276382,1.108153015738955,0.15634696269461812
169,0.8492462311557789,1.1094469134142684,0.1497971834834172
170,0.8542713567839196,1.110515017218552,0.1433425807208546
171,0.8592964824120604,1.111377196196837,0.13703255204532394
172,0.864321608040201,1.1120552035387425,0.13091512100491332
173,0.8693467336683417,1.1125667157426666,0.12503586248435938
174,0.8743718592964824,1.112918903484038,0.11943680662398724
175,0.8793969849246231,1.1131021672821506,0.11415536618348955
176,0.8844221105527639,1.1130847257684513,0.10922333690199904
177,0.8894472361809045,1.1128087387299936,0.10466602213240496
178,0.8944723618090452,1.1121885803849607,0.10050153135718733
179,0.8994974874371859,1.111111754604748,0.09674029688777784
180,0.9045226130653267,1.1094427704450913,0.09338484422211757
181,0.9095477386934674,1.107030082751529,0.09042983966160399
182,0.914572864321608,1.1037159592356531,0.08786242466728755
183,0.9195979899497487,1.0993488738738673,0.08566283109420503
184,0.9246231155778895,1.0937977603197784,0.0838052560069793
185,0.9296482412060302,1.0869672050921362,0.08225896032641611
186,0.9346733668341709,1.0788124398568943,0.08098954298003336
187,0.9396984924623115,1.0693528309733986,0.07996033214943754
188,0.9447236180904522,1.058682491451106,0.07913382793555679
189,0.949748743718593,1.046976683864113,0.07847312634076997
190,0.9547738693467337,1.034492864992793,0.07794325277116987
191,0.9597989949748744,1.0215655541313473,0.07751233416656977
192,0.964824120603015,1.0085946789810363,0.0771525424385342
193,0.9698492462311558,0.9960276354666314,0.07684074860983857
194,0.9748743718592965,0.9843359376184607,0.07655883797161889
195,0.9798994974874372,0.9739879592106243,0.07629365352868599
196,0.9849246231155779,0.9654197985403219,0.07603656066154085
197,0.9899497487437187,0.9590066521908781,0.07578266386546995
198,0.9949748743718593,0.9550371993271161,0.07552976114480614
199,1.0,0.9536933398505023,0.07527719885202377
