,x,y,pNG
0,0.0,0.4700334470372913,0.0
1,0.005025125628140704,0.47019236766994355,0.0
2,0.010050251256281407,0.47066685883977294,0.0
3,0.01507537688442211,0.4714506556839658,0.0
4,0.020100502512562814,0.47253506467597506,0.0
5,0.02512562814070352,0.4739113263849436,0.0
6,0.03015075376884422,0.47557343537100816,2.220446049250313e-16
7,0.035175879396984924,0.4775209969869748,1.1102230246251563e-15
8,0.04020100502512563,0.4797616704132369,7.549516567451064e-15
9,0.04522613065326633,0.48231277195617117,3.486100297322992e-14
10,0.05025125628140704,0.48520169223976156,1.383337888682945e-13
11,0.05527638190954774,0.4884649089871721,4.785061236134425e-13
12,0.06030150753768844,0.49214554116935066,1.4841461393189093e-12
13,0.06532663316582915,0.49628957273705987,4.199973702156966e-12
14,0.07035175879396985,0.5009410536465928,1.0992984300628448e-11
15,0.07537688442211056,0.506136739725547,2.6898927529828146e-11
16,0.08040201005025126,0.5119007397539813,6.207279135139743e-11
17,0.08542713567839195,0.5182397809711693,1.3604450899151743e-10
18,0.09045226130653267,0.5251396732319102,2.8486080161371774e-10
19,0.09547738693467336,0.5325634466615283,5.726588092613838e-10
20,0.10050251256281408,0.5404514675145922,1.1098912899853983e-09
21,0.10552763819095477,0.548723621254867,2.0812813694703887e-09
22,0.11055276381909548,0.5572834172891213,3.7877010417020066e-09
23,0.11557788944723618,0.5660236467968662,6.707588262599984e-09
24,0.12060301507537688,0.5748330435818017,1.1585287951199064e-08
25,0.12562814070351758,0.5836032825157331,1.955589989943718e-08
26,0.1306532663316583,0.5922356165526267,3.231887280019663e-08
27,0.135678391959799,0.6006465055203336,5.237580780192985e-08
28,0.1407035175879397,0.6087717199113544,8.335175805118665e-08
29,0.1457286432160804,0.6165685919930074,1.304238063104535e-07
30,0.15075376884422112,0.6240163084999265,2.0088598262635318e-07
31,0.15577889447236182,0.6311143643382545,3.048856501708386e-07
32,0.16080402010050251,0.6378794965179894,4.56373452140113e-07
33,0.1658291457286432,0.6443415681975904,6.743168279310653e-07
34,0.1708542713567839,0.6505389581112845,9.84236007472994e-07
35,0.17587939698492464,0.6565140235051447,1.4201313316419828e-06
36,0.18090452261306533,0.6623091467191418,2.0268817668700483e-06
37,0.18592964824120603,0.6679637563869821,2.8632065637301807e-06
38,0.19095477386934673,0.6735125500128704,4.005295189735136e-06
39,0.19597989949748745,0.6789849562736439,5.551224879773997e-06
40,0.20100502512562815,0.6844056865411503,7.626300381979868e-06
41,0.20603015075376885,0.6897960605307963,1.0389466603921704e-05
42,0.21105527638190955,0.6951756740401202,1.404096181234493e-05
43,0.21608040201005024,0.7005639267530658,1.8831396625285105e-05
44,0.22110552763819097,0.7059809571486411,2.5072462055297784e-05
45,0.22613065326633167,0.7114476414541584,3.314948808097462e-05
46,0.23115577889447236,0.7169844934964237,4.3536092309781615e-05
47,0.23618090452261306,0.7226095281727684,5.681117585598638e-05
48,0.24120603015075376,0.7283353876698226,7.367854016515629e-05
49,0.24623115577889448,0.7341662343676252,9.498941356755886e-05
50,0.25125628140703515,0.7400950457856175,0.00012176818921816324
51,0.2562814070351759,0.746101971803988,0.0001552416859715855
52,0.2613065326633166,0.7521543160431643,0.00019687224973952144
53,0.2663316582914573,0.7582084868960746,0.00024839501389539714
54,0.271356783919598,0.7642139577332013,0.0003118596320621503
55,0.2763819095477387,0.7701189285074719,0.0003896767836720771
56,0.2814070351758794,0.7758770524866773,0.00048466973030514277
57,0.2864321608040201,0.7814543430278696,0.0006001311670300603
58,0.2914572864321608,0.7868352559711983,0.0007398855655190718
59,0.2964824120603015,0.7920269819288386,0.0009083571420223092
60,0.30150753768844224,0.7970611806793136,0.0011106435004868411
61,0.3065326633165829,0.8019927201148391,0.001352594895956072
62,0.31155778894472363,0.8068953943869362,0.0016408989323892784
63,0.3165829145728643,0.8118550254471996,0.0019831703484334273
64,0.32160804020100503,0.8169607318127412,0.002388045350483425
65,0.32663316582914576,0.8222954197979524,0.002865279720645764
66,0.3316582914572864,0.8279266757880676,0.0034258496541164085
67,0.33668341708542715,0.8338991976683164,0.004082053962641163
68,0.3417085427135678,0.8402297089210189,0.004847615915588244
69,0.34673366834170855,0.8469049821701454,0.005737782576480721
70,0.35175879396984927,0.8538832081350054,0.0067694190313284395
71,0.35678391959798994,0.8610985368986657,0.007961094399166924
72,0.36180904522613067,0.8684682460928951,0.009333155971870122
73,0.36683417085427134,0.8759017014281698,0.010907787261231872
74,0.37185929648241206,0.8833101009070102,0.012709045153906471
75,0.3768844221105528,0.890615949314647,0.014762870813390228
76,0.38190954773869346,0.8977612902852815,0.017097068455051878
77,0.3869346733668342,0.9047139094823209,0.01974124569636193
78,0.3919597989949749,0.9114709825382257,0.02272670890008477
79,0.3969849246231156,0.9180599375294101,0.02608630684242097
80,0.4020100502512563,0.924536595810399,0.029854216217591656
81,0.40703517587939697,0.930980913917915,0.0340656630069478
82,0.4120603015075377,0.937490848709087,0.03875657466706151
83,0.4170854271356784,0.9441749942896867,0.04396315949513308
84,0.4221105527638191,0.9511446894480994,0.049721411466245535
85,0.4271356783919598,0.9585062737431668,0.05606654133791822
86,0.4321608040201005,0.9663540906174041,0.06303233788205452
87,0.4371859296482412,0.9747647117269176,0.07065046668727748
88,0.44221105527638194,0.9837927040470974,0.07894971797521633
89,0.4472361809045226,0.9934680960766971,0.08795521912972826
90,0.45226130653266333,1.0037955368782054,0.09768763192004892
91,0.457286432160804,1.0147549962479443,0.1081623584180399
92,0.4623115577889447,1.0263037393098264,0.11938878302838417
93,0.46733668341708545,1.038379235310693,0.13136958050521352
94,0.4723618090452261,1.0509026353751638,0.1441001209619175
95,0.47738693467336685,1.0637824784049392,0.1575680023811027
96,0.4824120603015075,1.0769183515324203,0.1717527387756841
97,0.48743718592964824,1.0902043271249655,0.18662562784702966
98,0.49246231155778897,1.103532101812477,0.20214981580098268
99,0.49748743718592964,1.1167938516114784,0.21828056916742367
100,0.5025125628140703,1.1298848709784963,0.2349657544500421
101,0.507537688442211,1.1427060705768057,0.2521465167880159
102,0.5125628140703518,1.1551663685227498,0.26975813921982283
103,0.5175879396984925,1.1671849356121344,0.2877310553166181
104,0.5226130653266332,1.1786931697810805,0.3059919805741333
105,0.5276381909547738,1.189636207150272,0.32446512257864146
106,0.5326633165829145,1.1999737523811833,0.3430734269796969
107,0.5376884422110553,1.2096800458804717,0.3617398158786821
108,0.542713567839196,1.2187428806362273,0.38038837731832265
109,0.5477386934673367,1.2271617214815536,0.3989454688605991
110,0.5527638190954774,1.2349451349131593,0.4173407043239209
111,0.5577889447236181,1.2421078718882257,0.4355078000548676
112,0.5628140703517588,1.2486680251300406,0.4533852650272802
113,0.5678391959798995,1.2546446834200575,0.4709169270004547
114,0.5728643216080402,1.2600564227400768,0.4880522944081132
115,0.577889447236181,1.2649208221120833,0.5047467601792219
116,0.5829145728643216,1.2692550012661374,0.5209616590310353
117,0.5879396984924623,1.2730769878049126,0.5366641937770232
118,0.592964824120603,1.2764075729160884,0.551827248834457
119,0.5979899497487438,1.2792722367267404,0.5664291104762944
120,0.6030150753768845,1.2817027304117259,0.5804531136023
121,0.6080402010050251,1.2837379865742506,0.5938872341031469
122,0.6130653266331658,1.285424170098541,0.6067236444786309
123,0.6180904522613065,1.286813846230837,0.6189582484633316
124,0.6231155778894473,1.2879643966158933,0.6305902082109183
125,0.628140703517588,1.288935928810704,0.6416214752632088
126,0.6331658291457286,1.2897889833026281,0.6520563342206792
127,0.6381909547738693,1.2905823407799852,0.6619009658412491
128,0.6432160804020101,1.2913711800422767,0.6711630342953384
129,0.6482412060301508,1.2922057503591042,0.679851301540131
130,0.6532663316582915,1.2931306211955527,0.6879752702635287
131,0.6582914572864321,1.2941844753330638,0.6955448555896078
132,0.6633165829145728,1.2954003322571088,0.7025700847191154
133,0.6683417085427136,1.2968060354158064,0.7090608228798867
134,0.6733668341708543,1.2984248128334863,0.7150265233553559
135,0.678391959798995,1.3002757254134303,0.7204759989167833
136,0.6834170854271356,1.3023738488065568,0.7254172116764129
137,0.6884422110552764,1.3047300891585776,0.7298570781782585
138,0.6934673366834171,1.3073506047862768,0.733801286425678
139,0.6984924623115578,1.3102358868211201,0.7372541214892109
140,0.7035175879396985,1.3133796312391237,0.7402182963274583
141,0.7085427135678392,1.3167675994772663,0.7426947844745945
142,0.7135678391959799,1.320376701861758,0.7446826512918109
143,0.7185929648241206,1.3241745370093927,0.7461788805422188
144,0.7236180904522613,1.3281195768991192,0.7471781931305788
145,0.7286432160804021,1.33216210546819,0.7476728549572064
146,0.7336683417085427,1.3362459111674667,0.7476524709825764
147,0.7386934673366834,1.3403106205425936,0.7471037628083135
148,0.7437185929648241,1.3442944629379565,0.7460103273827712
149,0.7487437185929648,1.3481371955369648,0.7443523748819951
150,0.7537688442211056,1.3517829050060999,0.742106444463035
151,0.7587939698492463,1.3551824375446493,0.7392450975221717
152,0.7638190954773869,1.3582952817836815,0.7357365894316727
153,0.7688442211055276,1.3610908181026635,0.7315445226273437
154,0.7738693467336684,1.363548929090523,0.7266274865750821
155,0.7788944723618091,1.365660017623665,0.7209386938140533
156,0.7839195979899498,1.3674244893380263,0.7144256262813014
157,0.7889447236180904,1.36885172666001,0.7070297128680165
158,0.7939698492462312,1.369958527663306,0.6986860681208962
159,0.7989949748743719,1.3707669310846813,0.6893233337323723
160,0.8040201005025126,1.3713013288633853,0.6788636795458769
161,0.8090452261306533,1.3715848046137495,0.6672230397853499
162,0.8140703517587939,1.371634742248419,0.6543116834735379
163,0.8190954773869347,1.3714579162134317,0.6400352454858719
164,0.8241206030150754,1.3710454756595156,0.6242963755498581
165,0.8291457286432161,1.3703684247907761,0.6069971945137906
166,0.8341708542713568,1.3693743278754222,0.5880427759526633
167,0.8391959798994975,1.3679859809016286,0.5673458890044445
168,0.8442211055276382,1.3661026598295458,0.5448332332234866
169,0.8492462311557789,1.3636042718228862,0.5204533509071371
170,0.8542713567839196,1.360358327231921,0.4941862941991742
171,0.8592964824120604,1.3562291745323387,0.4660549273956464
172,0.864321608040201,1.3510884796146132,0.43613743565287655
173,0.8693467336683417,1.3448255761831962,0.4045801792333803
174,0.8743718592964824,1.3373561493107886,0.3716094969763633
175,0.8793969849246231,1.328627798091551,0.33754049391353225
176,0.8844221105527639,1.3186213756381437,0.3027803836903397
177,0.8894472361809045,1.3073475988327423,0.2678238018503152
178,0.8944723618090452,1.2948391840114588,0.23323789751017565
179,0.8994974874371859,1.2811395887638322,0.19963613235643365
180,0.9045226130653267,1.2662901929523673,0.16764157775709798
181,0.9095477386934674,1.2503182999142881,0.13784283067831282
182,0.914572864321608,1.2332285654386472,0.11074789201271662
183,0.9195979899497487,1.2150002882557334,0.0867427268022195
184,0.9246231155778895,1.1955923944341318,0.06606113519491362
185,0.9296482412060302,1.1749569543985103,0.04877081983731424
186,0.9346733668341709,1.153060785408719,0.034777543246586114
187,0.9396984924623115,1.1299132739406568,0.023845896092320015
188,0.9447236180904522,1.1055972057714918,0.01563241741503818
189,0.949748743718593,1.0802983411139935,0.009725299483936745
190,0.9547738693467337,1.0543289296074805,0.005684835019158285
191,0.9597989949748744,1.0281404868320858,0.0030798082938461317
192,0.964824120603015,1.0023220249806868,0.0015166329420850386
193,0.9698492462311558,0.9775815056107642,0.0006596546314946439
194,0.9748743718592965,0.9547103966246737,0.0002423165238953917
195,0.9798994974874372,0.9345335893860607,6.972449989328666e-05
196,0.9849246231155779,0.9178492079028613,1.3643579832356426e-05
197,0.9899497487437187,0.9053646422320515,1.321543143473214e-06
198,0.9949748743718593,0.8976361324194527,2.299478685241496e-08
199,1.0,0.8950192013470855,0.0
