,x,y
0,0.0,8.310187733556642e-100
1,0.010101010101010102,5.818931018313455e-94
2,0.020202020202020204,2.673008763256715e-88
3,0.030303030303030304,8.055311814173559e-83
4,0.04040404040404041,1.5925355280838228e-77
5,0.05050505050505051,2.0654786174450282e-72
6,0.06060606060606061,1.7574261197066917e-67
7,0.07070707070707072,9.809757015057525e-63
8,0.08080808080808081,3.592230727380412e-58
9,0.09090909090909091,8.629686057042823e-54
10,0.10101010101010102,1.3600365182191797e-49
11,0.11111111111111112,1.4061477062275252e-45
12,0.12121212121212122,9.537534363009887e-42
13,0.13131313131313133,4.2439092500007353e-38
14,0.14141414141414144,1.2388560935436942e-34
15,0.15151515151515152,2.3724683861066917e-31
16,0.16161616161616163,2.980607614749613e-28
17,0.17171717171717174,2.4565973507951914e-25
18,0.18181818181818182,1.3282748560173487e-22
19,0.19191919191919193,4.711581674871905e-20
20,0.20202020202020204,1.096403204653075e-17
21,0.21212121212121213,1.6737811342005013e-15
22,0.22222222222222224,1.676300368849987e-13
23,0.23232323232323235,1.1013613014755593e-11
24,0.24242424242424243,4.747145954031933e-10
25,0.25252525252525254,1.3423326587786177e-08
26,0.26262626262626265,2.490075584879907e-07
27,0.27272727272727276,3.0303285379636093e-06
28,0.2828282828282829,2.419311599205021e-05
29,0.29292929292929293,0.00012671254418475514
30,0.30303030303030304,0.0004353916079480474
31,0.31313131313131315,0.0009815964156200672
32,0.32323232323232326,0.0014537785873139314
33,0.33333333333333337,0.0014292879937854962
34,0.3434343434343435,0.0010181646602269688
35,0.3535353535353536,0.0008515790595181735
36,0.36363636363636365,0.001429117676692654
37,0.37373737373737376,0.0028049271553441395
38,0.38383838383838387,0.0047845351281876015
39,0.393939393939394,0.007134324553960881
40,0.4040404040404041,0.009508419993533369
41,0.4141414141414142,0.011585113184119417
42,0.42424242424242425,0.01358678606280358
43,0.43434343434343436,0.016560375926320994
44,0.4444444444444445,0.021911291172300545
45,0.4545454545454546,0.030051279638253024
46,0.4646464646464647,0.04011800340607474
47,0.4747474747474748,0.05185951698521222
48,0.48484848484848486,0.0656108095320684
49,0.494949494949495,0.08037952931283418
50,0.5050505050505051,0.09536081510870356
51,0.5151515151515152,0.11153138115392414
52,0.5252525252525253,0.1309065292047547
53,0.5353535353535354,0.1576030286750876
54,0.5454545454545455,0.19508223693273782
55,0.5555555555555556,0.23984267585853175
56,0.5656565656565657,0.2847129418545644
57,0.5757575757575758,0.3282393992810837
58,0.5858585858585859,0.3753181866178493
59,0.595959595959596,0.4286277486148346
60,0.6060606060606061,0.4840272525255995
61,0.6161616161616162,0.5391285414785508
62,0.6262626262626263,0.6047759658667129
63,0.6363636363636365,0.6960215652952305
64,0.6464646464646465,0.8122104931990007
65,0.6565656565656566,0.9410493971314247
66,0.6666666666666667,1.072441571065399
67,0.6767676767676768,1.1975247109993223
68,0.686868686868687,1.3082501536912479
69,0.696969696969697,1.4074761855956153
70,0.7070707070707072,1.5121020647696444
71,0.7171717171717172,1.6322959883331505
72,0.7272727272727273,1.7569962550766105
73,0.7373737373737375,1.8704831889617968
74,0.7474747474747475,1.9723356136358783
75,0.7575757575757577,2.0788478671675334
76,0.7676767676767677,2.1961334927026868
77,0.7777777777777778,2.3069107620545193
78,0.787878787878788,2.41295727720987
79,0.797979797979798,2.5469987085629704
80,0.8080808080808082,2.7162797414645197
81,0.8181818181818182,2.8824493767561665
82,0.8282828282828284,3.007640873917694
83,0.8383838383838385,3.0913130468725476
84,0.8484848484848485,3.160599138552802
85,0.8585858585858587,3.2398300470847965
86,0.8686868686868687,3.333487273630812
87,0.8787878787878789,3.429017401922616
88,0.888888888888889,3.508879631831361
89,0.8989898989898991,3.566309578134518
90,0.9090909090909092,3.6041432404264593
91,0.9191919191919192,3.6231523588601036
92,0.9292929292929294,3.6257873085319576
93,0.9393939393939394,3.618627783671312
94,0.9494949494949496,3.6155808371316236
95,0.9595959595959597,3.629309863912362
96,0.9696969696969697,3.611381538578906
97,0.9797979797979799,3.40500856307514
98,0.98989898989899,2.8338708430379804
99,1.0,1.9281091434039623
