,x,y
0,0.0,2.5898516773137642e-18
1,0.010101010101010102,1.0420965903602895e-16
2,0.020202020202020204,3.382843811965422e-15
3,0.030303030303030304,8.85924734347502e-14
4,0.04040404040404041,1.871770787639134e-12
5,0.05050505050505051,3.1904326601021805e-11
6,0.06060606060606061,4.38720454832033e-10
7,0.07070707070707072,4.867078229372768e-09
8,0.08080808080808081,4.356049536544948e-08
9,0.09090909090909091,3.1453290042855366e-07
10,0.10101010101010102,1.8323145902098753e-06
11,0.11111111111111112,8.612408664775324e-06
12,0.12121212121212122,3.266746986077142e-05
13,0.13131313131313133,0.00010003801844534946
14,0.14141414141414144,0.00024760949334128024
15,0.15151515151515152,0.0004968250929094845
16,0.16161616161616163,0.0008143776267427359
17,0.17171717171717174,0.0011125891305124275
18,0.18181818181818182,0.0013303276575623885
19,0.19191919191919193,0.0015343967054336676
20,0.20202020202020204,0.0019161430640050126
21,0.21212121212121213,0.002657503313823824
22,0.22222222222222224,0.0037940266287676944
23,0.23232323232323235,0.005203058216982051
24,0.24242424242424243,0.006703073421767865
25,0.25252525252525254,0.00815877870083232
26,0.26262626262626265,0.00956963801962022
27,0.27272727272727276,0.01123546445002985
28,0.2828282828282829,0.013945403677528416
29,0.29292929292929293,0.01884480596546492
30,0.30303030303030304,0.026796400881093186
31,0.31313131313131315,0.03773005934264068
32,0.32323232323232326,0.05080280030659661
33,0.33333333333333337,0.0655102398112865
34,0.3434343434343435,0.08274079591595677
35,0.3535353535353536,0.10444965994036563
36,0.36363636363636365,0.13184805217651288
37,0.37373737373737376,0.16380067149250174
38,0.38383838383838387,0.1973982078413923
39,0.393939393939394,0.2305064355115588
40,0.4040404040404041,0.26378284169783406
41,0.4141414141414142,0.30025307274706114
42,0.42424242424242425,0.3431125090883857
43,0.43434343434343436,0.3935998582632515
44,0.4444444444444445,0.4502403107615517
45,0.4545454545454546,0.5100066374560749
46,0.4646464646464647,0.5707605710098028
47,0.4747474747474748,0.6329558775606311
48,0.48484848484848486,0.6990288508696801
49,0.494949494949495,0.7710114547336652
50,0.5050505050505051,0.8482201434039593
51,0.5151515151515152,0.9268098393641575
52,0.5252525252525253,1.0020967677464034
53,0.5353535353535354,1.0722183446669646
54,0.5454545454545455,1.1393215030132176
55,0.5555555555555556,1.206289037386926
56,0.5656565656565657,1.2724262080907818
57,0.5757575757575758,1.3331413088415953
58,0.5858585858585859,1.3838174082605332
59,0.595959595959596,1.4238483777210873
60,0.6060606060606061,1.4580193795163978
61,0.6161616161616162,1.4951412138620148
62,0.6262626262626263,1.544394338807559
63,0.6363636363636365,1.6101366580957908
64,0.6464646464646465,1.6881158351584122
65,0.6565656565656566,1.7672420906603545
66,0.6666666666666667,1.8369160483396858
67,0.6767676767676768,1.8936091412776503
68,0.686868686868687,1.9409946620049747
69,0.696969696969697,1.9850881951201125
70,0.7070707070707072,2.029402245681271
71,0.7171717171717172,2.072611054165453
72,0.7272727272727273,2.1093676000563146
73,0.7373737373737375,2.1343968485875573
74,0.7474747474747475,2.1470046445559707
75,0.7575757575757577,2.1515545078568
76,0.7676767676767677,2.153939362270198
77,0.7777777777777778,2.1585123154741015
78,0.787878787878788,2.16764442191514
79,0.797979797979798,2.1817513823182586
80,0.8080808080808082,2.1982661338441005
81,0.8181818181818182,2.2117033438500573
82,0.8282828282828284,2.217260678721727
83,0.8383838383838385,2.2157067797261023
84,0.8484848484848485,2.213570541185814
85,0.8585858585858587,2.2169217597288906
86,0.8686868686868687,2.2256478000600413
87,0.8787878787878789,2.235292206448786
88,0.888888888888889,2.243275439506467
89,0.8989898989898991,2.2506091422764727
90,0.9090909090909092,2.2576526922770856
91,0.9191919191919192,2.2609225144715506
92,0.9292929292929294,2.254690498600977
93,0.9393939393939394,2.2327822616849735
94,0.9494949494949496,2.1859890511803526
95,0.9595959595959597,2.0976066970680067
96,0.9696969696969697,1.9435731781883936
97,0.9797979797979799,1.7023092438617675
98,0.98989898989899,1.3737240278447738
99,1.0,0.9946453403299287
