,x,y,pNG
0,0.0,0.7217640828664393,0.0
1,0.005025125628140704,0.7219011343104368,0.0
2,0.010050251256281407,0.7223126724354391,0.0
3,0.01507537688442211,0.7229993110597737,0.0
4,0.020100502512562814,0.7239603790002412,0.0
5,0.02512562814070352,0.7251917054694058,0.0
6,0.03015075376884422,0.7266831210270599,2.220446049250313e-16
7,0.035175879396984924,0.728416161909677,1.1102230246251563e-15
8,0.04020100502512563,0.7303624617507518,7.549516567451064e-15
9,0.04522613065326633,0.7324832338543518,3.486100297322992e-14
10,0.05025125628140704,0.7347301003565087,1.383337888682945e-13
11,0.05527638190954774,0.7370473329326079,4.785061236134425e-13
12,0.06030150753768844,0.7393753613428045,1.4841461393189093e-12
13,0.06532663316582915,0.741655212115695,4.199973702156966e-12
14,0.07035175879396985,0.743833389388978,1.0992984300628448e-11
15,0.07537688442211056,0.7458666264865375,2.6898927529828146e-11
16,0.08040201005025126,0.747725933509037,6.207279135139743e-11
17,0.08542713567839195,0.7493994442900901,1.3604450899151743e-10
18,0.09045226130653267,0.7508937143196073,2.8486080161371774e-10
19,0.09547738693467336,0.7522333175885891,5.726588092613838e-10
20,0.10050251256281408,0.7534588052048862,1.1098912899853983e-09
21,0.10552763819095477,0.7546232897195021,2.0812813694703887e-09
22,0.11055276381909548,0.7557880765420746,3.7877010417020066e-09
23,0.11557788944723618,0.757017855237735,6.707588262599984e-09
24,0.12060301507537688,0.7583759777407102,1.1585287951199064e-08
25,0.12562814070351758,0.7599202894800975,1.955589989943718e-08
26,0.1306532663316583,0.7616998574740949,3.231887280019663e-08
27,0.135678391959799,0.7637527806551624,5.237580780192985e-08
28,0.1407035175879397,0.7661051011280172,8.335175805118665e-08
29,0.1457286432160804,0.7687706893556704,1.304238063104535e-07
30,0.15075376884422112,0.7717518742664112,2.0088598262635318e-07
31,0.15577889447236182,0.7750405440246777,3.048856501708386e-07
32,0.16080402010050251,0.7786194559942904,4.56373452140113e-07
33,0.1658291457286432,0.7824635552201574,6.743168279310653e-07
34,0.1708542713567839,0.7865411909405063,9.84236007472994e-07
35,0.17587939698492464,0.7908152172928637,1.4201313316419828e-06
36,0.18090452261306533,0.7952440452062048,2.0268817668700483e-06
37,0.18592964824120603,0.7997827603326646,2.8632065637301807e-06
38,0.19095477386934673,0.8043844279338128,4.005295189735136e-06
39,0.19597989949748745,0.8090016706556228,5.551224879773997e-06
40,0.20100502512562815,0.8135885386843563,7.626300381979868e-06
41,0.20603015075376885,0.8181026097862247,1.0389466603921704e-05
42,0.21105527638190955,0.8225071778371612,1.404096181234493e-05
43,0.21608040201005024,0.8267733300940847,1.8831396625285105e-05
44,0.22110552763819097,0.830881688455793,2.5072462055297784e-05
45,0.22613065326633167,0.8348236041284637,3.314948808097462e-05
46,0.23115577889447236,0.8386016463929692,4.3536092309781615e-05
47,0.23618090452261306,0.8422293052988921,5.681117585598638e-05
48,0.24120603015075376,0.8457299206011909,7.367854016515629e-05
49,0.24623115577889448,0.8491349383398132,9.498941356755886e-05
50,0.25125628140703515,0.8524816663724395,0.00012176818921816324
51,0.2562814070351759,0.8558107391977832,0.0001552416859715855
52,0.2613065326633166,0.8591635051683519,0.00019687224973952144
53,0.2663316582914573,0.8625795176902136,0.00024839501389539714
54,0.271356783919598,0.8660942552596311,0.0003118596320621503
55,0.2763819095477387,0.8697371274539435,0.0003896767836720771
56,0.2814070351758794,0.873529761895409,0.00048466973030514277
57,0.2864321608040201,0.8774845262342756,0.0006001311670300603
58,0.2914572864321608,0.8816032302900377,0.0007398855655190718
59,0.2964824120603015,0.8858759803733394,0.0009083571420223092
60,0.30150753768844224,0.8902802156893649,0.0011106435004868411
61,0.3065326633165829,0.8947800327047404,0.001352594895956072
62,0.31155778894472363,0.899325978632853,0.0016408989323892784
63,0.3165829145728643,0.9038555486435204,0.0019831703484334273
64,0.32160804020100503,0.9082946339980443,0.002388045350483425
65,0.32663316582914576,0.9125601273826662,0.002865279720645764
66,0.3316582914572864,0.9165637942426188,0.0034258496541164085
67,0.33668341708542715,0.9202173730433968,0.004082053962641163
68,0.3417085427135678,0.923438691749424,0.004847615915588244
69,0.34673366834170855,0.926158408736949,0.005737782576480721
70,0.35175879396984927,0.9283268333855232,0.0067694190313284395
71,0.35678391959798994,0.9299201821810997,0.007961094399166924
72,0.36180904522613067,0.9309456006685994,0.009333155971870122
73,0.36683417085427134,0.9314443394663073,0.010907787261231872
74,0.37185929648241206,0.9314926105689004,0.012709045153906471
75,0.3768844221105528,0.9311998529185465,0.014762870813390228
76,0.38190954773869346,0.9307043788037435,0.017097068455051878
77,0.3869346733668342,0.930166624838907,0.01974124569636193
78,0.3919597989949749,0.9297604624335851,0.02272670890008477
79,0.3969849246231156,0.9296632062929333,0.02608630684242097
80,0.4020100502512563,0.9300450767940329,0.029854216217591656
81,0.40703517587939697,0.9310589138602461,0.0340656630069478
82,0.4120603015075377,0.9328309068152086,0.03875657466706151
83,0.4170854271356784,0.9354530057242365,0.04396315949513308
84,0.4221105527638191,0.9389775300846328,0.049721411466245535
85,0.4271356783919598,0.9434143087686785,0.05606654133791822
86,0.4321608040201005,0.9487304896239498,0.06303233788205452
87,0.4371859296482412,0.9548529650188181,0.07065046668727748
88,0.44221105527638194,0.9616731845186157,0.07894971797521633
89,0.4472361809045226,0.9690539775423015,0.08795521912972826
90,0.45226130653266333,0.9768378933334938,0.09768763192004892
91,0.457286432160804,0.9848564859319667,0.1081623584180399
92,0.4623115577889447,0.992939929025781,0.11938878302838417
93,0.46733668341708545,1.0009263393652135,0.13136958050521352
94,0.4723618090452261,1.0086702169589257,0.1441001209619175
95,0.47738693467336685,1.016049474207603,0.1575680023811027
96,0.4824120603015075,1.0229706223805568,0.1717527387756841
97,0.48743718592964824,1.0293718090231565,0.18662562784702966
98,0.49246231155778897,1.0352235486446755,0.20214981580098268
99,0.49748743718592964,1.0405271535447287,0.21828056916742367
100,0.5025125628140703,1.0453110414437077,0.2349657544500421
101,0.507537688442211,1.0496252590300525,0.2521465167880159
102,0.5125628140703518,1.0535347017259309,0.26975813921982283
103,0.5175879396984925,1.0571116162129695,0.2877310553166181
104,0.5226130653266332,1.0604280317905832,0.3059919805741333
105,0.5276381909547738,1.0635487713334324,0.32446512257864146
106,0.5326633165829145,1.06652563937994,0.3430734269796969
107,0.5376884422110553,1.0693932765064382,0.3617398158786821
108,0.542713567839196,1.0721670143967503,0.38038837731832265
109,0.5477386934673367,1.0748428789966538,0.3989454688605991
110,0.5527638190954774,1.0773996878681389,0.4173407043239209
111,0.5577889447236181,1.0798029923179173,0.4355078000548676
112,0.5628140703517588,1.0820104447682932,0.4533852650272802
113,0.5678391959798995,1.0839780442809381,0.4709169270004547
114,0.5728643216080402,1.0856666406572009,0.4880522944081132
115,0.577889447236181,1.0870480665897386,0.5047467601792219
116,0.5829145728643216,1.088110317634625,0.5209616590310353
117,0.5879396984924623,1.0888613044108892,0.5366641937770232
118,0.592964824120603,1.0893308479041222,0.551827248834457
119,0.5979899497487438,1.0895707606161114,0.5664291104762944
120,0.6030150753768845,1.0896530353154552,0.5804531136023
121,0.6080402010050251,1.089666331462066,0.5938872341031469
122,0.6130653266331658,1.0897110915422994,0.6067236444786309
123,0.6180904522613065,1.0898937239580995,0.6189582484633316
124,0.6231155778894473,1.0903203488291044,0.6305902082109183
125,0.628140703517588,1.0910906159512326,0.6416214752632088
126,0.6331658291457286,1.0922920724486456,0.6520563342206792
127,0.6381909547738693,1.0939954871801592,0.6619009658412491
128,0.6432160804020101,1.0962514382123731,0.6711630342953384
129,0.6482412060301508,1.0990883489181782,0.679851301540131
130,0.6532663316582915,1.102512028754806,0.6879752702635287
131,0.6582914572864321,1.1065066480503993,0.6955448555896078
132,0.6633165829145728,1.111036963261408,0.7025700847191154
133,0.6683417085427136,1.1160515199781014,0.7090608228798867
134,0.6733668341708543,1.121486503079308,0.7150265233553559
135,0.678391959798995,1.1272698813625992,0.7204759989167833
136,0.6834170854271356,1.133325508266022,0.7254172116764129
137,0.6884422110552764,1.1395768872351586,0.7298570781782585
138,0.6934673366834171,1.1459503821415462,0.733801286425678
139,0.6984924623115578,1.1523777391754075,0.7372541214892109
140,0.7035175879396985,1.1587978746829941,0.7402182963274583
141,0.7085427135678392,1.1651579619482606,0.7426947844745945
142,0.7135678391959799,1.1714139098807153,0.7446826512918109
143,0.7185929648241206,1.177530362796408,0.7461788805422188
144,0.7236180904522613,1.1834803622282204,0.7471781931305788
145,0.7286432160804021,1.1892448022354163,0.7476728549572064
146,0.7336683417085427,1.1948117850161233,0.7476524709825764
147,0.7386934673366834,1.2001759508262293,0.7471037628083135
148,0.7437185929648241,1.2053378217272253,0.7460103273827712
149,0.7487437185929648,1.2103031672048334,0.7443523748819951
150,0.7537688442211056,1.2150823737432213,0.742106444463035
151,0.7587939698492463,1.2196897808090068,0.7392450975221717
152,0.7638190954773869,1.2241429324315583,0.7357365894316727
153,0.7688442211055276,1.2284616870087472,0.7315445226273437
154,0.7738693467336684,1.2326671294462601,0.7266274865750821
155,0.7788944723618091,1.236780241507145,0.7209386938140533
156,0.7839195979899498,1.2408203106221742,0.7144256262813014
157,0.7889447236180904,1.24480309533764,0.7070297128680165
158,0.7939698492462312,1.2487388151417096,0.6986860681208962
159,0.7989949748743719,1.2526300878810794,0.6893233337323723
160,0.8040201005025126,1.2564699898938585,0.6788636795458769
161,0.8090452261306533,1.2602404505020026,0.6672230397853499
162,0.8140703517587939,1.263911201852744,0.6543116834735379
163,0.8190954773869347,1.2674394785646994,0.6400352454858719
164,0.8241206030150754,1.2707705963361144,0.6242963755498581
165,0.8291457286432161,1.2738394392744212,0.6069971945137906
166,0.8341708542713568,1.2765727645226217,0.5880427759526633
167,0.8391959798994975,1.2788921080666127,0.5673458890044445
168,0.8442211055276382,1.2807169684737352,0.5448332332234866
169,0.8492462311557789,1.2819678756411947,0.5204533509071371
170,0.8542713567839196,1.2825689343726439,0.4941862941991742
171,0.8592964824120604,1.2824494749802333,0.4660549273956464
172,0.864321608040201,1.281544543484063,0.43613743565287655
173,0.8693467336683417,1.2797941124366932,0.4045801792333803
174,0.8743718592964824,1.2771410737578384,0.3716094969763633
175,0.8793969849246231,1.2735282675186488,0.33754049391353225
176,0.8844221105527639,1.2688949847963968,0.3027803836903397
177,0.8894472361809045,1.2631735390281682,0.2678238018503152
178,0.8944723618090452,1.2562866112168145,0.23323789751017565
179,0.8994974874371859,1.2481461244299392,0.19963613235643365
180,0.9045226130653267,1.2386543786793855,0.16764157775709798
181,0.9095477386934674,1.2277080669824014,0.13784283067831282
182,0.914572864321608,1.2152055892283307,0.11074789201271662
183,0.9195979899497487,1.2010577808080645,0.0867427268022195
184,0.9246231155778895,1.1852017864973736,0.06606113519491362
185,0.9296482412060302,1.1676173598392177,0.04877081983731424
186,0.9346733668341709,1.148344394318041,0.034777543246586114
187,0.9396984924623115,1.1275000519289802,0.023845896092320015
188,0.9447236180904522,1.1052935168991849,0.01563241741503818
189,0.949748743718593,1.0820362407146378,0.009725299483936745
190,0.9547738693467337,1.0581456238532416,0.005684835019158285
191,0.9597989949748744,1.03414044108454,0.0030798082938461317
192,0.964824120603015,1.0106269655944773,0.0015166329420850386
193,0.9698492462311558,0.988275641621992,0.0006596546314946439
194,0.9748743718592965,0.9677892075817681,0.0002423165238953917
195,0.9798994974874372,0.9498642538634173,6.972449989328666e-05
196,0.9849246231155779,0.9351491605409311,1.3643579832356426e-05
197,0.9899497487437187,0.9242020493446098,1.321543143473214e-06
198,0.9949748743718593,0.9174526774551403,2.299478685241496e-08
199,1.0,0.9151720249270309,0.0
