,x,y,pNG
0,0.0,1.0879947564433108,0.0
1,0.005025125628140704,1.088474363113136,0.0
2,0.010050251256281407,1.089912320631292,0.0
3,0.01507537688442211,1.0923058336200235,0.0
4,0.020100502512562814,1.095649530824156,0.0
5,0.02512562814070352,1.0999343397162036,0.0
6,0.03015075376884422,1.105145832673874,2.220446049250313e-16
7,0.035175879396984924,1.1112620416237196,1.1102230246251563e-15
8,0.04020100502512563,1.1182508247835687,7.549516567451064e-15
9,0.04522613065326633,1.1260669896248008,3.486100297322992e-14
10,0.05025125628140704,1.134649508151953,1.383337888682945e-13
11,0.05527638190954774,1.1439192726129666,4.785061236134425e-13
12,0.06030150753768844,1.1537778971534407,1.4841461393189093e-12
13,0.06532663316582915,1.1641080440120855,4.199973702156966e-12
14,0.07035175879396985,1.1747756254841557,1.0992984300628448e-11
15,0.07537688442211056,1.1856340092733626,2.6898927529828146e-11
16,0.08040201005025126,1.196530062361411,6.207279135139743e-11
17,0.08542713567839195,1.2073115549691342,1.3604450899151743e-10
18,0.09045226130653267,1.217835171659786,2.8486080161371774e-10
19,0.09547738693467336,1.2279742012132082,5.726588092613838e-10
20,0.10050251256281408,1.2376249468542917,1.1098912899853983e-09
21,0.10552763819095477,1.246711034328123,2.0812813694703887e-09
22,0.11055276381909548,1.2551850850343633,3.7877010417020066e-09
23,0.11557788944723618,1.2630276200502455,6.707588262599984e-09
24,0.12060301507537688,1.2702434980466186,1.1585287951199064e-08
25,0.12562814070351758,1.276856583528205,1.955589989943718e-08
26,0.1306532663316583,1.282903614004919,3.231887280019663e-08
27,0.135678391959799,1.2884283293390697,5.237580780192985e-08
28,0.1407035175879397,1.2934768209558518,8.335175805118665e-08
29,0.1457286432160804,1.2980947694055558,1.304238063104535e-07
30,0.15075376884422112,1.3023268192073496,2.0088598262635318e-07
31,0.15577889447236182,1.306217869928452,3.048856501708386e-07
32,0.16080402010050251,1.3098156332307047,4.56373452140113e-07
33,0.1658291457286432,1.3131735019643993,6.743168279310653e-07
34,0.1708542713567839,1.3163526615930958,9.84236007472994e-07
35,0.17587939698492464,1.319422474314478,1.4201313316419828e-06
36,0.18090452261306533,1.322458470623825,2.0268817668700483e-06
37,0.18592964824120603,1.3255377422811008,2.8632065637301807e-06
38,0.19095477386934673,1.328732065490858,4.005295189735136e-06
39,0.19597989949748745,1.3320995977448225,5.551224879773997e-06
40,0.20100502512562815,1.335676389693697,7.626300381979868e-06
41,0.20603015075376885,1.3394691539284167,1.0389466603921704e-05
42,0.21105527638190955,1.343450685522615,1.404096181234493e-05
43,0.21608040201005024,1.3475590256124015,1.8831396625285105e-05
44,0.22110552763819097,1.3517009357559167,2.5072462055297784e-05
45,0.22613065326633167,1.355759586395564,3.314948808097462e-05
46,0.23115577889447236,1.3596056678620971,4.3536092309781615e-05
47,0.23618090452261306,1.3631105306156597,5.681117585598638e-05
48,0.24120603015075376,1.366159567018785,7.367854016515629e-05
49,0.24623115577889448,1.3686639417560618,9.498941356755886e-05
50,0.25125628140703515,1.370568993194867,0.00012176818921816324
51,0.2562814070351759,1.371858134580647,0.0001552416859715855
52,0.2613065326633166,1.372551795741032,0.00019687224973952144
53,0.2663316582914573,1.3727017347342574,0.00024839501389539714
54,0.271356783919598,1.372381769798797,0.0003118596320621503
55,0.2763819095477387,1.3716765036190144,0.0003896767836720771
56,0.2814070351758794,1.3706698440911629,0.00048466973030514277
57,0.2864321608040201,1.3694350382359584,0.0006001311670300603
58,0.2914572864321608,1.3680275634382175,0.0007398855655190718
59,0.2964824120603015,1.3664816523821826,0.0009083571420223092
60,0.30150753768844224,1.3648105864652422,0.0011106435004868411
61,0.3065326633165829,1.3630103012797985,0.001352594895956072
62,0.31155778894472363,1.3610654055773503,0.0016408989323892784
63,0.3165829145728643,1.3589564755842949,0.0019831703484334273
64,0.32160804020100503,1.3566674522686986,0.002388045350483425
65,0.32663316582914576,1.3541921001015098,0.002865279720645764
66,0.3316582914572864,1.3515387182226175,0.0034258496541164085
67,0.33668341708542715,1.3487325641544157,0.004082053962641163
68,0.3417085427135678,1.3458157103250108,0.004847615915588244
69,0.34673366834170855,1.3428442868932007,0.005737782576480721
70,0.35175879396984927,1.3398832785351316,0.0067694190313284395
71,0.35678391959798994,1.3369992583991406,0.007961094399166924
72,0.36180904522613067,1.334251674529071,0.009333155971870122
73,0.36683417085427134,1.3316835470081705,0.010907787261231872
74,0.37185929648241206,1.329312654372052,0.012709045153906471
75,0.3768844221105528,1.3271244290423665,0.014762870813390228
76,0.38190954773869346,1.32506778003828,0.017097068455051878
77,0.3869346733668342,1.3230548679089111,0.01974124569636193
78,0.3919597989949749,1.3209654574332066,0.02272670890008477
79,0.3969849246231156,1.3186559008012921,0.02608630684242097
80,0.4020100502512563,1.3159721365643269,0.029854216217591656
81,0.40703517587939697,1.312765438627653,0.0340656630069478
82,0.4120603015075377,1.3089091344824333,0.03875657466706151
83,0.4170854271356784,1.3043142339001166,0.04396315949513308
84,0.4221105527638191,1.298941928558546,0.049721411466245535
85,0.4271356783919598,1.2928112457618053,0.05606654133791822
86,0.4321608040201005,1.2860007177328834,0.06303233788205452
87,0.4371859296482412,1.278643671549369,0.07065046668727748
88,0.44221105527638194,1.2709175400958304,0.07894971797521633
89,0.4472361809045226,1.2630283263521003,0.08795521912972826
90,0.45226130653266333,1.255191924318829,0.09768763192004892
91,0.457286432160804,1.247614342585436,0.1081623584180399
92,0.4623115577889447,1.2404729595100648,0.11938878302838417
93,0.46733668341708545,1.2339007658593188,0.13136958050521352
94,0.4723618090452261,1.2279751553529825,0.1441001209619175
95,0.47738693467336685,1.2227122628211609,0.1575680023811027
96,0.4824120603015075,1.218067196066054,0.1717527387756841
97,0.48743718592964824,1.2139398411984492,0.18662562784702966
98,0.49246231155778897,1.210185321944552,0.20214981580098268
99,0.49748743718592964,1.2066277318810086,0.21828056916742367
100,0.5025125628140703,1.2030754876496563,0.2349657544500421
101,0.507537688442211,1.1993365984366198,0.2521465167880159
102,0.5125628140703518,1.1952323097892943,0.26975813921982283
103,0.5175879396984925,1.190607925297097,0.2877310553166181
104,0.5226130653266332,1.1853400795830116,0.3059919805741333
105,0.5276381909547738,1.1793402565819777,0.32446512257864146
106,0.5326633165829145,1.1725548410959394,0.3430734269796969
107,0.5376884422110553,1.1649623912544997,0.3617398158786821
108,0.542713567839196,1.1565690762541723,0.38038837731832265
109,0.5477386934673367,1.1474033142371403,0.3989454688605991
110,0.5527638190954774,1.137510572222022,0.4173407043239209
111,0.5577889447236181,1.126949079447438,0.4355078000548676
112,0.5628140703517588,1.115786900205611,0.4533852650272802
113,0.5678391959798995,1.1041004648857329,0.4709169270004547
114,0.5728643216080402,1.0919743236138533,0.4880522944081132
115,0.577889447236181,1.0795016163447158,0.5047467601792219
116,0.5829145728643216,1.0667845870303878,0.5209616590310353
117,0.5879396984924623,1.0539344328059197,0.5366641937770232
118,0.592964824120603,1.0410698783130543,0.551827248834457
119,0.5979899497487438,1.028314085999901,0.5664291104762944
120,0.6030150753768845,1.0157898214757908,0.5804531136023
121,0.6080402010050251,1.0036131392301433,0.5938872341031469
122,0.6130653266331658,0.9918861803974387,0.6067236444786309
123,0.6180904522613065,0.9806899239422237,0.6189582484633316
124,0.6231155778894473,0.9700778596259247,0.6305902082109183
125,0.628140703517588,0.9600715284340281,0.6416214752632088
126,0.6331658291457286,0.9506587008559968,0.6520563342206792
127,0.6381909547738693,0.9417946572961446,0.6619009658412491
128,0.6432160804020101,0.9334066407673838,0.6711630342953384
129,0.6482412060301508,0.9254011266415825,0.679851301540131
130,0.6532663316582915,0.9176731593173298,0.6879752702635287
131,0.6582914572864321,0.9101166987116758,0.6955448555896078
132,0.6633165829145728,0.9026347458142174,0.7025700847191154
133,0.6683417085427136,0.8951480035491527,0.7090608228798867
134,0.6733668341708543,0.8876009830904169,0.7150265233553559
135,0.678391959798995,0.8799647709279851,0.7204759989167833
136,0.6834170854271356,0.8722360925698435,0.7254172116764129
137,0.6884422110552764,0.8644327926262311,0.7298570781782585
138,0.6934673366834171,0.8565863354629524,0.733801286425678
139,0.6984924623115578,0.8487323498399073,0.7372541214892109
140,0.7035175879396985,0.8409005346038431,0.7402182963274583
141,0.7085427135678392,0.8331053643018141,0.7426947844745945
142,0.7135678391959799,0.8253389588959951,0.7446826512918109
143,0.7185929648241206,0.8175672127353063,0.7461788805422188
144,0.7236180904522613,0.8097298449947978,0.7471781931305788
145,0.7286432160804021,0.8017444928501243,0.7476728549572064
146,0.7336683417085427,0.7935143941201609,0.7476524709825764
147,0.7386934673366834,0.7849386804730704,0.7471037628083135
148,0.7437185929648241,0.7759239038304993,0.7460103273827712
149,0.7487437185929648,0.7663952091853167,0.7443523748819951
150,0.7537688442211056,0.7563055820272242,0.742106444463035
151,0.7587939698492463,0.7456418405878946,0.7392450975221717
152,0.7638190954773869,0.7344264809056412,0.7357365894316727
153,0.7688442211055276,0.7227150552456887,0.7315445226273437
154,0.7738693467336684,0.7105893897893455,0.7266274865750821
155,0.7788944723618091,0.6981475351349434,0.7209386938140533
156,0.7839195979899498,0.6854918073307131,0.7144256262813014
157,0.7889447236180904,0.672716549856551,0.7070297128680165
158,0.7939698492462312,0.6598972879257448,0.6986860681208962
159,0.7989949748743719,0.6470827491219595,0.6893233337323723
160,0.8040201005025126,0.6342908168591627,0.6788636795458769
161,0.8090452261306533,0.6215089243129973,0.6672230397853499
162,0.8140703517587939,0.6086987675093579,0.6543116834735379
163,0.8190954773869347,0.5958046089764191,0.6400352454858719
164,0.8241206030150754,0.5827639467104094,0.6242963755498581
165,0.8291457286432161,0.5695190098046639,0.6069971945137906
166,0.8341708542713568,0.5560274568674569,0.5880427759526633
167,0.8391959798994975,0.5422708060541476,0.5673458890044445
168,0.8442211055276382,0.5282594887220718,0.5448332332234866
169,0.8492462311557789,0.5140339319106042,0.5204533509071371
170,0.8542713567839196,0.49966165455331524,0.4941862941991742
171,0.8592964824120604,0.4852309163261767,0.4660549273956464
172,0.864321608040201,0.47084190148633354,0.43613743565287655
173,0.8693467336683417,0.45659669028853095,0.4045801792333803
174,0.8743718592964824,0.44258933759287616,0.3716094969763633
175,0.8793969849246231,0.42889724888453173,0.33754049391353225
176,0.8844221105527639,0.4155747585239988,0.3027803836903397
177,0.8894472361809045,0.4026494380365195,0.2678238018503152
178,0.8944723618090452,0.3901212680345325,0.23323789751017565
179,0.8994974874371859,0.37796446504495623,0.19963613235643365
180,0.9045226130653267,0.3661315144542872,0.16764157775709798
181,0.9095477386934674,0.35455884581836444,0.13784283067831282
182,0.914572864321608,0.3431735896339893,0.11074789201271662
183,0.9195979899497487,0.3319009419668823,0.0867427268022195
184,0.9246231155778895,0.3206717851820245,0.06606113519491362
185,0.9296482412060302,0.3094303160507056,0.04877081983731424
186,0.9346733668341709,0.29814147358632664,0.034777543246586114
187,0.9396984924623115,0.286797916707078,0.023845896092320015
188,0.9447236180904522,0.2754261832562471,0.01563241741503818
189,0.949748743718593,0.26409150249814917,0.009725299483936745
190,0.9547738693467337,0.25290058980247276,0.005684835019158285
191,0.9597989949748744,0.2420016898867602,0.0030798082938461317
192,0.964824120603015,0.23158121018266276,0.0015166329420850386
193,0.9698492462311558,0.22185652985273466,0.0006596546314946439
194,0.9748743718592965,0.21306497630839535,0.0002423165238953917
195,0.9798994974874372,0.20544948133492555,6.972449989328666e-05
196,0.9849246231155779,0.19924197835515514,1.3643579832356426e-05
197,0.9899497487437187,0.1946460754157115,1.321543143473214e-06
198,0.9949748743718593,0.1918208313228115,2.299478685241496e-08
199,1.0,0.19086749722644153,0.0
