,x,y,pNG
0,0.0,1.1052916063485387,0.12533111851005752
1,0.005025125628140704,1.105624217254866,0.12515540962561222
2,0.010050251256281407,1.1066192356154765,0.1249781500566417
3,0.01507537688442211,1.1082679407318132,0.12479932818649064
4,0.020100502512562814,1.1105549032130246,0.12461893296737915
5,0.02512562814070352,1.1134567468954009,0.12443695397445895
6,0.03015075376884422,1.1169406155340402,0.12425338145851585
7,0.035175879396984924,1.120962526585442,0.12406820639699535
8,0.04020100502512563,1.1254658257733827,0.12388142054303285
9,0.04522613065326633,1.1303799774425431,0.12369301647220945
10,0.05025125628140704,1.1356199369313071,0.12350298762673405
11,0.05527638190954774,1.1410863502386932,0.12331132835682103
12,0.06030150753768844,1.146666807944005,0.1231180339589969
13,0.06532663316582915,1.152238336777632,0.12292310071116595
14,0.07035175879396985,1.157671234875849,0.12272652590422704
15,0.07537688442211056,1.1628342397674485,0.12252830787009028
16,0.08040201005025126,1.1676008624384937,0.12232844600604753
17,0.08542713567839195,1.1718565372951966,0.12212694079534304
18,0.09045226130653267,1.1755060486540478,0.1219237938239991
19,0.09547738693467336,1.1784805313013975,0.12171900779393485
20,0.10050251256281408,1.1807432422301438,0.12151258653245768
21,0.10552763819095477,1.182293296847467,0.12130453499835248
22,0.11055276381909548,1.1831666787421342,0.1210948592848652
23,0.11557788944723618,1.1834340720485983,0.12088356661995835
24,0.12060301507537688,1.1831954111874226,0.12067066536440985
25,0.12562814070351758,1.1825714530553026,0.12045616500843292
26,0.1306532663316583,1.1816930925741735,0.1202400761677177
27,0.135678391959799,1.1806894966552826,0.12002241057999675
28,0.1407035175879397,1.1796763608949443,0.11980318110348898
29,0.1457286432160804,1.1787456509832923,0.1195824017189202
30,0.15075376884422112,1.1779580565927044,0.11936008753706615
31,0.15577889447236182,1.1773390707548164,0.1191362548142778
32,0.16080402010050251,1.1768791545507464,0.1189109209787792
33,0.1658291457286432,1.1765379214068388,0.11868410467114188
34,0.1708542713567839,1.1762517560041459,0.11845582580279435
35,0.17587939698492464,1.1759438471381785,0.1182261056371522
36,0.18090452261306533,1.1755353247136104,0.1179949668986211
37,0.18592964824120603,1.1749560867383106,0.11776243391542572
38,0.19095477386934673,1.174153991216354,0.11752853280320265
39,0.19597989949748745,1.1731013493796048,0.11729329169701475
40,0.20100502512562815,1.1717980459970365,0.11705674104058085
41,0.20603015075376885,1.1702710699161254,0.11681891394243205
42,0.21105527638190955,1.1685706993672231,0.11657984660985075
43,0.21608040201005024,1.1667639929054165,0.1163395788725864
44,0.22110552763819097,1.1649265416616108,0.11609815480945407
45,0.22613065326633167,1.1631336119437976,0.1158556234922622
46,0.23115577889447236,1.1614518369550417,0.1156120398625594
47,0.23618090452261306,1.1599325065918218,0.1153674657580489
48,0.24120603015075376,1.1586072727361458,0.1151219711066208
49,0.24623115577889448,1.1574867626271983,0.11487563530711398
50,0.25125628140703515,1.1565622111972542,0.11462854881696805
51,0.2562814070351759,1.15580982658214,0.11438081496789175
52,0.2613065326633166,1.1551972361965748,0.11413255203147656
53,0.2663316582914573,1.1546910683231657,0.11388389555729815
54,0.271356783919598,1.1542645459807863,0.11363500100649936
55,0.2763819095477387,1.1539039358127852,0.11338604670395536
56,0.2814070351758794,1.1536128191154726,0.1131372371320074
57,0.2864321608040201,1.1534134287505835,0.11288880658817445
58,0.2914572864321608,1.1533446956028344,0.11264102322838533
59,0.2964824120603015,1.1534571209671365,0.11239419351578904
60,0.30150753768844224,1.1538050702896052,0.11214866709333073
61,0.3065326633165829,1.1544374959805164,0.11190484209570706
62,0.31155778894472363,1.1553883749384055,0.11166317091314236
63,0.3165829145728643,1.1566682401068376,0.11142416641552877
64,0.32160804020100503,1.1582580728417964,0.11118840864076962
65,0.32663316582914576,1.1601065155443384,0.11095655194568088
66,0.3316582914572864,1.162130906289739,0.1107293326113018
67,0.33668341708542715,1.1642220995608237,0.11050757688713576
68,0.3417085427135678,1.166252504298263,0.11029220945039253
69,0.34673366834170855,1.1680863261841636,0.11008426224684564
70,0.35175879396984927,1.169590713693702,0.10988488366936576
71,0.35678391959798994,1.170646417986266,0.10969534801851323
72,0.36180904522613067,1.1711566924476535,0.10951706517674598
73,0.36683417085427134,1.171053452234142,0.10935159041393172
74,0.37185929648241206,1.170300133622398,0.10920063422684534
75,0.3768844221105528,1.1688911667603263,0.10906607209932496
76,0.38190954773869346,1.1668484292921142,0.10894995405287576
77,0.3869346733668342,1.1642154168865237,0.1088545138397854
78,0.3919597989949749,1.1610501031362124,0.10878217761253528
79,0.3969849246231156,1.157417542927724,0.10873557188463034
80,0.4020100502512563,1.1533832024376713,0.10871753057917456
81,0.40703517587939697,1.149007799215333,0.10873110094304883
82,0.4120603015075377,1.144344146604572,0.10877954808671796
83,0.4170854271356784,1.1394361652188112,0.10886635789297183
84,0.4221105527638191,1.134319898132427,0.10899523802302813
85,0.4271356783919598,1.1290260882767225,0.10917011673571808
86,0.4321608040201005,1.1235836788502063,0.10939513922597832
87,0.4371859296482412,1.118023500698458,0.1096746611831072
88,0.44221105527638194,1.1123814216272288,0.1100132392681622
89,0.4472361809045226,1.1067003454539706,0.11041561821425283
90,0.45226130653266333,1.1010306453520389,0.11088671426440078
91,0.457286432160804,1.095428868920594,0.11143159467965902
92,0.4623115577889447,1.089954826720156,0.11205545307647324
93,0.46733668341708545,1.0846674339530298,0.1127635803874426
94,0.4723618090452261,1.0796198802204768,0.11356133128421694
95,0.47738693467336685,1.0748548249230965,0.11445408595608042
96,0.4824120603015075,1.0704003369092987,0.11544720720254242
97,0.48743718592964824,1.06626721178325,0.11654599287345345
98,0.49246231155778897,1.0624481199890559,0.117755623774926
99,0.49748743718592964,1.058918789192421,0.11908110725319955
100,0.5025125628140703,1.0556411423937548,0.12052721677006205
101,0.507537688442211,1.0525680406582543,0.12209842789098245
102,0.5125628140703518,1.049649056682831,0.12379885121833545
103,0.5175879396984925,1.0468365645556101,0.12563216291441948
104,0.5226130653266332,1.0440913902593196,0.12760153356923798
105,0.5276381909547738,1.0413873286900448,0.12970955627252634
106,0.5326633165829145,1.038713982338466,0.13195817484470873
107,0.5376884422110553,1.0360775880526323,0.13434861326305114
108,0.542713567839196,1.0334997383870608,0.1368813073834806
109,0.5477386934673367,1.0310141394639358,0.13955584010144073
110,0.5527638190954774,1.0286617499600343,0.1423708811131864
111,0.5577889447236181,1.0264847970785018,0.1453241324295086
112,0.5628140703517588,1.0245202571633034,0.14841228075456006
113,0.5678391959798995,1.022793422388415,0.15163095777250968
114,0.5728643216080402,1.0213121583134959,0.1549747092838224
115,0.577889447236181,1.020062399806732,0.15843697400270595
116,0.5829145728643216,1.0190053433038344,0.16201007266985767
117,0.5879396984924623,1.0180766767591658,0.16568520795418973
118,0.592964824120603,1.0171880471039108,0.1694524754185429
119,0.5979899497487438,1.0162307998906632,0.17330088561364154
120,0.6030150753768845,1.0150818408517428,0.17721839714846155
121,0.6080402010050251,1.013611273620391,0.1811919603710369
122,0.6130653266331658,1.0116912782345,0.18520757108933072
123,0.6180904522613065,1.0092055339111499,0.1892503335740391
124,0.6231155778894473,1.0060583824910878,0.19330453192140215
125,0.628140703517588,1.0021828990333599,0.19735370872003188
126,0.6331658291457286,0.9975470980679936,0.20138074986659396
127,0.6381909547738693,0.992157659507608,0.20536797431433074
128,0.6432160804020101,0.9860607930430956,0.2092972275184716
129,0.6482412060301508,0.9793401452823718,0.21314997736388666
130,0.6532663316582915,0.9721119511467942,0.21690741142250247
131,0.6582914572864321,0.9645178983854806,0.22055053448866524
132,0.6633165829145728,0.9567163748879404,0.22406026547646585
133,0.6683417085427136,0.9488728783790777,0.22741753292995426
134,0.6733668341708543,0.941150379301979,0.2306033685893444
135,0.678391959798995,0.9337003497630147,0.233598998668879
136,0.6834170854271356,0.9266550279732569,0.23638593272802666
137,0.6884422110552764,0.9201213102664061,0.23894605025154825
138,0.6934673366834171,0.9141764835382586,0.2412616852891576
139,0.6984924623115578,0.9088658553354829,0.2433157097357681
140,0.7035175879396985,0.9042022210796358,0.24509161605291385
141,0.7085427135678392,0.9001670296868216,0.2465736004344138
142,0.7135678391959799,0.8967130612339598,0.24774664759887066
143,0.7185929648241206,0.8937683986493532,0.2485966185414891
144,0.7236180904522613,0.8912414451502753,0.24911034269116986
145,0.7286432160804021,0.8890267013312638,0.2492757159882157
146,0.7336683417085427,0.8870109702420615,0.2490818064137271
147,0.7386934673366834,0.8850796143590087,0.24851896845498844
148,0.7437185929648241,0.8831224602095588,0.2475789678683956
149,0.7487437185929648,0.8810389510684049,0.24625511789090335
150,0.7537688442211056,0.8787421978368043,0.2445424277363064
151,0.7587939698492463,0.876161676236451,0.24243776377850726
152,0.7638190954773869,0.8732444568585475,0.2399400232529377
153,0.7688442211055276,0.8699550150052952,0.2370503195834825
154,0.7738693467336684,0.8662738244540017,0.2337721775514936
155,0.7788944723618091,0.8621950668775754,0.2301117354564768
156,0.7839195979899498,0.8577238651013482,0.22607795017285534
157,0.7889447236180904,0.852873461757133,0.22168279959380788
158,0.7939698492462312,0.8476627153982659,0.21694147539682795
159,0.7989949748743719,0.8421141855426948,0.2118725574130479
160,0.8040201005025126,0.8362529466223216,0.2064981592052149
161,0.8090452261306533,0.8301061322270538,0.2008440328596801
162,0.8140703517587939,0.8237030875460899,0.194939619610122
163,0.8190954773869347,0.8170759159819243,0.1888180319019902
164,0.8241206030150754,0.8102601540115687,0.1825159520720826
165,0.8291457286432161,0.8032952969665653,0.17607343317081306
166,0.8341708542713568,0.7962249218257745,0.1695335888117271
167,0.8391959798994975,0.7890962024357137,0.16294216148824936
168,0.8442211055276382,0.7819586785155045,0.15634696269461812
169,0.8492462311557789,0.774862214832956,0.1497971834834172
170,0.8542713567839196,0.7678541660778418,0.1433425807208546
171,0.8592964824120604,0.7609758433790293,0.13703255204532394
172,0.864321608040201,0.7542584582354487,0.13091512100491332
173,0.8693467336683417,0.7477187965809612,0.12503586248435938
174,0.8743718592964824,0.7413549461708879,0.11943680662398724
175,0.8793969849246231,0.7351424593090816,0.11415536618348955
176,0.8844221105527639,0.7290313739004171,0.10922333690199904
177,0.8894472361809045,0.7229445324522712,0.10466602213240496
178,0.8944723618090452,0.7167776250713058,0.10050153135718733
179,0.8994974874371859,0.7104013338616265,0.09674029688777784
180,0.9045226130653267,0.7036658687200008,0.09338484422211757
181,0.9095477386934674,0.6964080557759099,0.09042983966160399
182,0.914572864321608,0.6884609685441982,0.08786242466728755
183,0.9195979899497487,0.6796658797167381,0.08566283109420503
184,0.9246231155778895,0.6698860644044682,0.0838052560069793
185,0.9296482412060302,0.659021716541979,0.08225896032641611
186,0.9346733668341709,0.6470249712612178,0.08098954298003336
187,0.9396984924623115,0.6339137894764626,0.07996033214943754
188,0.9447236180904522,0.61978329711487,0.07913382793555679
189,0.949748743718593,0.6048131242589704,0.07847312634076997
190,0.9547738693467337,0.5892693985611904,0.07794325277116987
191,0.9597989949748744,0.5735003384908026,0.07751233416656977
192,0.964824120603015,0.5579248680042861,0.0771525424385342
193,0.9698492462311558,0.5430143079501667,0.07684074860983857
194,0.9748743718592965,0.5292679320389514,0.07655883797161889
195,0.9798994974874372,0.517183920337405,0.07629365352868599
196,0.9849246231155779,0.5072278984253056,0.07603656066154085
197,0.9899497487437187,0.4998017126706589,0.07578266386546995
198,0.9949748743718593,0.4952152765776528,0.07552976114480614
199,1.0,0.49366417977097776,0.07527719885202377
