,x,y
0,0.0,7.248532922950778e-16
1,0.010101010101010102,1.7480702936441497e-14
2,0.020202020202020204,3.503228031157463e-13
3,0.030303030303030304,5.8352881447397065e-12
4,0.04040404040404041,8.080585960730078e-11
5,0.05050505050505051,9.30546649892287e-10
6,0.06060606060606061,8.914828144890662e-09
7,0.07070707070707072,7.108621186986912e-08
8,0.08080808080808081,4.721199185666169e-07
9,0.09090909090909091,2.614148365734896e-06
10,0.10101010101010102,1.2084253270434877e-05
11,0.11111111111111112,4.673177029823986e-05
12,0.12121212121212122,0.000151658182673686
13,0.13131313131313133,0.00041505430853789785
14,0.14141414141414144,0.0009654349604010842
15,0.15151515151515152,0.0019328430308879312
16,0.16161616161616163,0.0033980634171359753
17,0.17171717171717174,0.005405075136816758
18,0.18181818181818182,0.008081972155443123
19,0.19191919191919193,0.011779561610524085
20,0.20202020202020204,0.01703968745128193
21,0.21212121212121213,0.024311654138509272
22,0.22222222222222224,0.033584612269928885
23,0.23232323232323235,0.04424391433252523
24,0.24242424242424243,0.05532844046012432
25,0.25252525252525254,0.06606287867938015
26,0.26262626262626265,0.07632346116190677
27,0.27272727272727276,0.08675050090321362
28,0.2828282828282829,0.09846874023627411
29,0.29292929292929293,0.11256838518983919
30,0.30303030303030304,0.12957981891310305
31,0.31313131313131315,0.14928494418519508
32,0.32323232323232326,0.1711424087730776
33,0.33333333333333337,0.19498932363163676
34,0.3434343434343435,0.22107949965814616
35,0.3535353535353536,0.2491263620955418
36,0.36363636363636365,0.2775592183886183
37,0.37373737373737376,0.30450731907360895
38,0.38383838383838387,0.3300169135244148
39,0.393939393939394,0.3569921225582696
40,0.4040404040404041,0.3893597349096848
41,0.4141414141414142,0.4291462956673237
42,0.42424242424242425,0.47543948237337263
43,0.43434343434343436,0.5258722665433142
44,0.4444444444444445,0.5784462450573012
45,0.4545454545454546,0.6318814621450031
46,0.4646464646464647,0.6853094689071744
47,0.4747474747474748,0.7387740954687685
48,0.48484848484848486,0.7937785390124498
49,0.494949494949495,0.8521889416219888
50,0.5050505050505051,0.9142014630655618
51,0.5151515151515152,0.9778393707744976
52,0.5252525252525253,1.0406138994499121
53,0.5353535353535354,1.1014983861069627
54,0.5454545454545455,1.1614518197533508
55,0.5555555555555556,1.2223392558104575
56,0.5656565656565657,1.285236939658632
57,0.5757575757575758,1.349534288105724
58,0.5858585858585859,1.4137490774015322
59,0.595959595959596,1.4771835574062935
60,0.6060606060606061,1.5402114242594938
61,0.6161616161616162,1.6026204310425343
62,0.6262626262626263,1.6624839111234397
63,0.6363636363636365,1.71776923698946
64,0.6464646464646465,1.7690786638880576
65,0.6565656565656566,1.8200031051966206
66,0.6666666666666667,1.8741530183114514
67,0.6767676767676768,1.9313907242101447
68,0.686868686868687,1.9865501471820333
69,0.696969696969697,2.0320411368277664
70,0.7070707070707072,2.0627190809636122
71,0.7171717171717172,2.079309101401233
72,0.7272727272727273,2.0875846245359266
73,0.7373737373737375,2.0940620645046506
74,0.7474747474747475,2.101982631845352
75,0.7575757575757577,2.1108767405336746
76,0.7676767676767677,2.1193903575665747
77,0.7777777777777778,2.1278158067440494
78,0.787878787878788,2.1373519759518644
79,0.797979797979798,2.1471201932466943
80,0.8080808080808082,2.152915140192135
81,0.8181818181818182,2.149809848118443
82,0.8282828282828284,2.136035244079677
83,0.8383838383838385,2.113971649768836
84,0.8484848484848485,2.087737662095918
85,0.8585858585858587,2.0606772535628095
86,0.8686868686868687,2.035017246836653
87,0.8787878787878789,2.0125205473154546
88,0.888888888888889,1.994433323091808
89,0.8989898989898991,1.9811179576261126
90,0.9090909090909092,1.9722912491154574
91,0.9191919191919192,1.9671228503900007
92,0.9292929292929294,1.962805901619503
93,0.9393939393939394,1.951929227109104
94,0.9494949494949496,1.9206318332327985
95,0.9595959595959597,1.8491897303237226
96,0.9696969696969697,1.716060774967702
97,0.9797979797979799,1.5066767848848883
98,0.98989898989899,1.2257597616285725
99,1.0,0.904920790350809
