,x,y
0,0.0,4.378513700714872e-17
1,0.010101010101010102,1.266999364184702e-15
2,0.020202020202020204,3.017661471171047e-14
3,0.030303030303030304,5.915824702508411e-13
4,0.04040404040404041,9.545995968166047e-12
5,0.05050505050505051,1.2679617068720833e-10
6,0.06060606060606061,1.3864365570630584e-09
7,0.07070707070707072,1.2481120799209175e-08
8,0.08080808080808081,9.252362775626827e-08
9,0.09090909090909091,5.649917679283798e-07
10,0.10101010101010102,2.843589739544659e-06
11,0.11111111111111112,1.1807050640779355e-05
12,0.12121212121212122,4.0510504040048845e-05
13,0.13131313131313133,0.00011517018663504518
14,0.14141414141414144,0.00027258845862097007
15,0.15151515151515152,0.0005415443790983247
16,0.16161616161616163,0.000916308390340018
17,0.17171717171717174,0.0013554319531511425
18,0.18181818181818182,0.0018340447180869356
19,0.19191919191919193,0.0024268444541010684
20,0.20202020202020204,0.003348584939081235
21,0.21212121212121213,0.004884257898757229
22,0.22222222222222224,0.0072105276487944596
23,0.23232323232323235,0.010220042850035407
24,0.24242424242424243,0.013529211423427716
25,0.25252525252525254,0.01673899684961834
26,0.26262626262626265,0.019745719957689048
27,0.27272727272727276,0.02278299067303661
28,0.2828282828282829,0.026170593543339688
29,0.29292929292929293,0.030141042587988946
30,0.30303030303030304,0.0350448041659061
31,0.31313131313131315,0.04177209221408993
32,0.32323232323232326,0.05198800552484988
33,0.33333333333333337,0.06791965763624803
34,0.3434343434343435,0.0916695012373946
35,0.3535353535353536,0.1243465258516422
36,0.36363636363636365,0.16565779840811168
37,0.37373737373737376,0.21444323070974186
38,0.38383838383838387,0.2697934010590745
39,0.393939393939394,0.3317531090437703
40,0.4040404040404041,0.40103102183155004
41,0.4141414141414142,0.4780641779277488
42,0.42424242424242425,0.562089257314269
43,0.43434343434343436,0.6506589098854453
44,0.4444444444444445,0.7400875812050264
45,0.4545454545454546,0.8270845793786864
46,0.4646464646464647,0.9106372390119307
47,0.4747474747474748,0.9925070137239188
48,0.48484848484848486,1.0759328641024937
49,0.494949494949495,1.1637392330088745
50,0.5050505050505051,1.2570689485344382
51,0.5151515151515152,1.3550271645009224
52,0.5252525252525253,1.4548417915039094
53,0.5353535353535354,1.5519694641413486
54,0.5454545454545455,1.6402108722195274
55,0.5555555555555556,1.712951711343452
56,0.5656565656565657,1.7662074589649213
57,0.5757575757575758,1.8016197961755145
58,0.5858585858585859,1.8260150020105326
59,0.595959595959596,1.8467343013296742
60,0.6060606060606061,1.8663713539787847
61,0.6161616161616162,1.8815257261444363
62,0.6262626262626263,1.8869051412712492
63,0.6363636363636365,1.8819356174916886
64,0.6464646464646465,1.8745058833978594
65,0.6565656565656566,1.877582966645691
66,0.6666666666666667,1.9001297642854682
67,0.6767676767676768,1.9396663521394293
68,0.686868686868687,1.9831545335839222
69,0.696969696969697,2.015441227178283
70,0.7070707070707072,2.028013438412646
71,0.7171717171717172,2.0218799934342426
72,0.7272727272727273,2.00452976681806
73,0.7373737373737375,1.984728401706147
74,0.7474747474747475,1.9682257081577217
75,0.7575757575757577,1.9558535341668244
76,0.7676767676767677,1.9446722742660154
77,0.7777777777777778,1.9313056463143505
78,0.787878787878788,1.9148508519678002
79,0.797979797979798,1.8970990062376427
80,0.8080808080808082,1.8804221143274813
81,0.8181818181818182,1.865989071837165
82,0.8282828282828284,1.8540871351187247
83,0.8383838383838385,1.844917162295481
84,0.8484848484848485,1.83745620148314
85,0.8585858585858587,1.8278579170063827
86,0.8686868686868687,1.811148897907353
87,0.8787878787878789,1.7860074395730863
88,0.888888888888889,1.7577070862960027
89,0.8989898989898991,1.7356225291250966
90,0.9090909090909092,1.7269648989127844
91,0.9191919191919192,1.731701690073506
92,0.9292929292929294,1.7424714070285547
93,0.9393939393939394,1.7483949788595774
94,0.9494949494949496,1.737084489256092
95,0.9595959595959597,1.6916822321075795
96,0.9696969696969697,1.5889876376720322
97,0.9797979797979799,1.4082547476518597
98,0.98989898989899,1.1493839160614097
99,1.0,0.844526004575411
