,x,y,pNG
0,0.0,0.7690586077681704,0.12533111851005752
1,0.005025125628140704,0.7690839513990608,0.12515540962561222
2,0.010050251256281407,0.7691677949842655,0.1249781500566417
3,0.01507537688442211,0.7693330997442426,0.12479932818649064
4,0.020100502512562814,0.7696165615989019,0.12461893296737915
5,0.02512562814070352,0.7700663110372552,0.12443695397445895
6,0.03015075376884422,0.7707388126074032,0.12425338145851585
7,0.035175879396984924,0.7716950873351529,0.12406820639699535
8,0.04020100502512563,0.7729964213096656,0.12388142054303285
9,0.04522613065326633,0.774699765605143,0.12369301647220945
10,0.05025125628140704,0.7768530744966563,0.12350298762673405
11,0.05527638190954774,0.7794908663687684,0.12331132835682103
12,0.06030150753768844,0.7826303185461728,0.1231180339589969
13,0.06532663316582915,0.7862682158596334,0.12292310071116595
14,0.07035175879396985,0.7903790554485415,0.12272652590422704
15,0.07537688442211056,0.7949145612502768,0.12252830787009028
16,0.08040201005025126,0.7998047786721977,0.12232844600604753
17,0.08542713567839195,0.8049608060187877,0.12212694079534304
18,0.09045226130653267,0.8102790829237657,0.1219237938239991
19,0.09547738693467336,0.8156470109023563,0.12171900779393485
20,0.10050251256281408,0.8209495440671383,0.12151258653245768
21,0.10552763819095477,0.8260762766382946,0.12130453499835248
22,0.11055276381909548,0.8309284835742475,0.1210948592848652
23,0.11557788944723618,0.8354255521553752,0.12088356661995835
24,0.12060301507537688,0.839510279842177,0.12067066536440985
25,0.12562814070351758,0.8431526041792298,0.12045616500843292
26,0.1306532663316583,0.8463514642594473,0.1202400761677177
27,0.135678391959799,0.8491346555374273,0.12002241057999675
28,0.1407035175879397,0.851556712920483,0.11980318110348898
29,0.1457286432160804,0.8536950228791698,0.1195824017189202
30,0.15075376884422112,0.8556445072534418,0.11936008753706615
31,0.15577889447236182,0.8575113262579611,0.1191362548142778
32,0.16080402010050251,0.859406107100936,0.1189109209787792
33,0.1658291457286432,0.8614372137796424,0.11868410467114188
34,0.1708542713567839,0.8637045342124167,0.11845582580279435
35,0.17587939698492464,0.8662941789347385,0.1182261056371522
36,0.18090452261306533,0.8692743714149207,0.1179949668986211
37,0.18592964824120603,0.8726926773196141,0.11776243391542572
38,0.19095477386934673,0.8765745845988223,0.11752853280320265
39,0.19597989949748745,0.8809233243247979,0.11729329169701475
40,0.20100502512562815,0.8857207284643702,0.11705674104058085
41,0.20603015075376885,0.8909288660716692,0.11681891394243205
42,0.21105527638190955,0.8964921889495145,0.11657984660985075
43,0.21608040201005024,0.902339949924039,0.1163395788725864
44,0.22110552763819097,0.9083887227621646,0.11609815480945407
45,0.22613065326633167,0.914544937860752,0.1158556234922622
46,0.23115577889447236,0.9207074341826589,0.1156120398625594
47,0.23618090452261306,0.9267700974532904,0.1153674657580489
48,0.24120603015075376,0.9326246927106164,0.1151219711066208
49,0.24623115577889448,0.9381639976341649,0.11487563530711398
50,0.25125628140703515,0.9432853014448948,0.11462854881696805
51,0.2562814070351759,0.947894260473139,0.11438081496789175
52,0.2613065326633166,0.9519090101162941,0.11413255203147656
53,0.2663316582914573,0.9552643417173553,0.11388389555729815
54,0.271356783919598,0.957915679585162,0.11363500100649936
55,0.2763819095477387,0.959842551976791,0.11338604670395536
56,0.2814070351758794,0.9610512481451575,0.1131372371320074
57,0.2864321608040201,0.9615763918849041,0.11288880658817445
58,0.2914572864321608,0.9614812337750814,0.11264102322838533
59,0.2964824120603015,0.960856557744595,0.11239419351578904
60,0.30150753768844224,0.9598181984477627,0.11214866709333073
61,0.3065326633165829,0.9585032604886871,0.11190484209570706
62,0.31155778894472363,0.9570652080722523,0.11166317091314236
63,0.3165829145728643,0.9556680481956956,0.11142416641552877
64,0.32160804020100503,0.9544798612899225,0.11118840864076962
65,0.32663316582914576,0.9536659441970924,0.11095655194568088
66,0.3316582914572864,0.9533818285903839,0.1107293326113018
67,0.33668341708542715,0.9537664315340056,0.11050757688713576
68,0.3417085427135678,0.9549355908476238,0.11029220945039253
69,0.34673366834170855,0.9569762402706776,0.11008426224684564
70,0.35175879396984927,0.9599414878874788,0.10988488366936576
71,0.35678391959798994,0.9638468711313896,0.10969534801851323
72,0.36180904522613067,0.9686680644122819,0.10951706517674598
73,0.36683417085427134,0.9743403003675231,0.10935159041393172
74,0.37185929648241206,0.9807597225271769,0.10920063422684534
75,0.3768844221105528,0.9877868082895462,0.10906607209932496
76,0.38190954773869346,0.9952518842806459,0.10894995405287576
77,0.3869346733668342,1.0029626061102874,0.1088545138397854
78,0.3919597989949749,1.0107131033196148,0.10878217761253528
79,0.3969849246231156,1.0182943164625293,0.10873557188463034
80,0.4020100502512563,1.025504899383271,0.10871753057917456
81,0.40703517587939697,1.0321619491241976,0.10873110094304883
82,0.4120603015075377,1.038110778553106,0.10877954808671796
83,0.4170854271356784,1.0432329758449541,0.10886635789297183
84,0.4221105527638191,1.047452103828581,0.10899523802302813
85,0.4271356783919598,1.050736573484763,0.10917011673571808
86,0.4321608040201005,1.0530994618493923,0.10939513922597832
87,0.4371859296482412,1.0545953096023823,0.1096746611831072
88,0.44221105527638194,1.055314197836424,0.1100132392681622
89,0.4472361809045226,1.0553736371535707,0.11041561821425283
90,0.45226130653266333,1.0549089799628701,0.11088671426440078
91,0.457286432160804,1.0540631710435462,0.11143159467965902
92,0.4623115577889447,1.0529766742474826,0.11205545307647324
93,0.46733668341708545,1.0517783568707928,0.1127635803874426
94,0.4723618090452261,1.0505779888027016,0.11356133128421694
95,0.47738693467336685,1.0494608385521147,0.11445408595608042
96,0.4824120603015075,1.0484846435368178,0.11544720720254242
97,0.48743718592964824,1.0476790188450607,0.11654599287345345
98,0.49246231155778897,1.0470471661988416,0.117755623774926
99,0.49748743718592964,1.0465695685417182,0.11908110725319955
100,0.5025125628140703,1.046209216715976,0.12052721677006205
101,0.507537688442211,1.045917820107938,0.12209842789098245
102,0.5125628140703518,1.0456424063963923,0.12379885121833545
103,0.5175879396984925,1.0453317172272223,0.12563216291441948
104,0.5226130653266332,1.0449418548963045,0.12760153356923798
105,0.5276381909547738,1.0444407257184682,0.12970955627252634
106,0.5326633165829145,1.0438109518656855,0.13195817484470873
107,0.5376884422110553,1.0430510753878055,0.13434861326305114
108,0.542713567839196,1.042175043359823,0.1368813073834806
109,0.5477386934673367,1.0412101268310086,0.13955584010144073
110,0.5527638190954774,1.0401935726653995,0.1423708811131864
111,0.5577889447236181,1.0391684014609908,0.1453241324295086
112,0.5628140703517588,1.038178834455785,0.14841228075456006
113,0.5678391959798995,1.0372658504890453,0.15163095777250968
114,0.5728643216080402,1.0364633396762322,0.1549747092838224
115,0.577889447236181,1.0357952389273095,0.15843697400270595
116,0.5829145728643216,1.0352739168787501,0.16201007266985767
117,0.5879396984924623,1.0348999371320768,0.16568520795418973
118,0.592964824120603,1.0346631852445212,0.1694524754185429
119,0.5979899497487438,1.0345452120208773,0.17330088561364154
120,0.6030150753768845,1.0345225355972705,0.17721839714846155
121,0.6080402010050251,1.0345705656510076,0.1811919603710369
122,0.6130653266331658,1.0346677684286893,0.18520757108933072
123,0.6180904522613065,1.0347996809234556,0.1892503335740391
124,0.6231155778894473,1.034962403499456,0.19330453192140215
125,0.628140703517588,1.0351652481132956,0.19735370872003188
126,0.6331658291457286,1.0354322890578707,0.20138074986659396
127,0.6381909547738693,1.0358026498459023,0.20536797431433074
128,0.6432160804020101,1.0363294583831442,0.2092972275184716
129,0.6482412060301508,1.037077507423567,0.21314997736388666
130,0.6532663316582915,1.0381197620333038,0.21690741142250247
131,0.6582914572864321,1.039532952911007,0.22055053448866524
132,0.6633165829145728,1.0413925755875424,0.22406026547646585
133,0.6683417085427136,1.0437676723869325,0.22741753292995426
134,0.6733668341708543,1.0467157993567553,0.2306033685893444
135,0.678391959798995,1.0502785694815868,0.233598998668879
136,0.6834170854271356,1.0544781154213076,0.23638593272802666
137,0.6884422110552764,1.059314733288525,0.23894605025154825
138,0.6934673366834171,1.0647658616456246,0.2412616852891576
139,0.6984924623115578,1.0707864288034643,0.2433157097357681
140,0.7035175879396985,1.0773104808193077,0.24509161605291385
141,0.7085427135678392,1.08425389685503,0.2465736004344138
142,0.7135678391959799,1.0915179204736425,0.24774664759887066
143,0.7185929648241206,1.098993193855029,0.2485966185414891
144,0.7236180904522613,1.1065639802484688,0.24911034269116986
145,0.7286432160804021,1.114112295621734,0.2492757159882157
146,0.7336683417085427,1.121521735036011,0.2490818064137271
147,0.7386934673366834,1.128680860015382,0.24851896845498844
148,0.7437185929648241,1.1354860951752086,0.2475789678683956
149,0.7487437185929648,1.141844151285804,0.24625511789090335
150,0.7537688442211056,1.1476740367037561,0.2445424277363064
151,0.7587939698492463,1.1529087340222972,0.24243776377850726
152,0.7638190954773869,1.1574966046299107,0.2399400232529377
153,0.7688442211055276,1.1614025475111904,0.2370503195834825
154,0.7738693467336684,1.1646088914538328,0.2337721775514936
155,0.7788944723618091,1.1671159550635,0.2301117354564768
156,0.7839195979899498,1.1689421786548795,0.22607795017285534
157,0.7889447236180904,1.1701237242706954,0.22168279959380788
158,0.7939698492462312,1.1707134571936197,0.21694147539682795
159,0.7989949748743719,1.1707792607552692,0.2118725574130479
160,0.8040201005025126,1.1704016875320786,0.2064981592052149
161,0.8090452261306533,1.1696710031017596,0.2008440328596801
162,0.8140703517587939,1.1686837226549263,0.194939619610122
163,0.8190954773869347,1.1675387681258216,0.1888180319019902
164,0.8241206030150754,1.1663333811185044,0.1825159520720826
165,0.8291457286432161,1.1651589170749699,0.17607343317081306
166,0.8341708542713568,1.1640966256564402,0.1695335888117271
167,0.8391959798994975,1.1632135005397282,0.16294216148824936
168,0.8442211055276382,1.1625582681873516,0.15634696269461812
169,0.8492462311557789,1.1621575867199683,0.1497971834834172
170,0.8542713567839196,1.1620125458171846,0.1433425807208546
171,0.8592964824120604,1.1620955948355336,0.13703255204532394
172,0.864321608040201,1.1623480729347355,0.13091512100491332
173,0.8693467336683417,1.1626785628111953,0.12503586248435938
174,0.8743718592964824,1.1629623283900579,0.11943680662398724
175,0.8793969849246231,1.163042117069667,0.11415536618348955
176,0.8844221105527639,1.1627306017132528,0.10922333690199904
177,0.8894472361809045,1.1618147025338366,0.10466602213240496
178,0.8944723618090452,1.1600619634212688,0.10050153135718733
179,0.8994974874371859,1.157229062647106,0.09674029688777784
180,0.9045226130653267,1.1530724172138396,0.09338484422211757
181,0.9095477386934674,1.1473606969064403,0.09042983966160399
182,0.914572864321608,1.1398889021199423,0.08786242466728755
183,0.9195979899497487,1.1304934833270825,0.08566283109420503
184,0.9246231155778895,1.119067796333247,0.0838052560069793
185,0.9296482412060302,1.1055770070211481,0.08225896032641611
186,0.9346733668341709,1.0900713986853616,0.08098954298003336
187,0.9396984924623115,1.0726969173917495,0.07996033214943754
188,0.9447236180904522,1.0537017445821941,0.07913382793555679
189,0.949748743718593,1.0334377418848226,0.07847312634076997
190,0.9547738693467337,1.0123557975615227,0.07794325277116987
191,0.9597989949748744,0.9909944330663608,0.07751233416656977
192,0.964824120603015,0.9699614994357237,0.0771525424385342
193,0.9698492462311558,0.9499093806884099,0.07684074860983857
194,0.9748743718592965,0.9315047737627512,0.07655883797161889
195,0.9798994974874372,0.9153947584746,0.07629365352868599
196,0.9849246231155779,0.9021714200722849,0.07603656066154085
197,0.9899497487437187,0.8923376547149517,0.07578266386546995
198,0.9949748743718593,0.8862769035263104,0.07552976114480614
199,1.0,0.8842293825979168,0.07527719885202377
