,x,y,pNG
0,0.0,0.9700882451145003,0.0
1,0.005025125628140704,0.9706428614446768,0.0
2,0.010050251256281407,0.9722875299384237,0.0
3,0.01507537688442211,0.9749653426774646,0.0
4,0.020100502512562814,0.978583555415704,0.0
5,0.02512562814070352,0.9830167058876165,0.0
6,0.03015075376884422,0.9881109043365828,2.220446049250313e-16
7,0.035175879396984924,0.99368921088146,1.1102230246251563e-15
8,0.04020100502512563,0.9995579777824192,7.549516567451064e-15
9,0.04522613065326633,1.0055139927883692,3.486100297322992e-14
10,0.05025125628140704,1.0113522145786626,1.383337888682945e-13
11,0.05527638190954774,1.0168738457725826,4.785061236134425e-13
12,0.06030150753768844,1.021894446564658,1.4841461393189093e-12
13,0.06532663316582915,1.0262517565603142,4.199973702156966e-12
14,0.07035175879396985,1.0298128678047573,1.0992984300628448e-11
15,0.07537688442211056,1.032480382356892,2.6898927529828146e-11
16,0.08040201005025126,1.0341971970430799,6.207279135139743e-11
17,0.08542713567839195,1.034949589880967,1.3604450899151743e-10
18,0.09045226130653267,1.0347683399028398,2.8486080161371774e-10
19,0.09547738693467336,1.0337276959791062,5.726588092613838e-10
20,0.10050251256281408,1.0319421195937535,1.1098912899853983e-09
21,0.10552763819095477,1.0295608570641352,2.0812813694703887e-09
22,0.11055276381909548,1.0267605405940354,3.7877010417020066e-09
23,0.11557788944723618,1.0237361635860238,6.707588262599984e-09
24,0.12060301507537688,1.020690910066465,1.1585287951199064e-08
25,0.12562814070351758,1.0178254261204953,1.955589989943718e-08
26,0.1306532663316583,1.0153271891011875,3.231887280019663e-08
27,0.135678391959799,1.0133606474108878,5.237580780192985e-08
28,0.1407035175879397,1.0120587642780985,8.335175805118665e-08
29,0.1457286432160804,1.0115165039789078,1.304238063104535e-07
30,0.15075376884422112,1.0117866559716509,2.0088598262635318e-07
31,0.15577889447236182,1.0128782151227573,3.048856501708386e-07
32,0.16080402010050251,1.0147573427226995,4.56373452140113e-07
33,0.1658291457286432,1.0173507434152265,6.743168279310653e-07
34,0.1708542713567839,1.0205511267425436,9.84236007472994e-07
35,0.17587939698492464,1.0242242944463984,1.4201313316419828e-06
36,0.18090452261306533,1.0282173159953547,2.0268817668700483e-06
37,0.18592964824120603,1.03236722822233,2.8632065637301807e-06
38,0.19095477386934673,1.0365097167816864,4.005295189735136e-06
39,0.19597989949748745,1.0404872979507558,5.551224879773997e-06
40,0.20100502512562815,1.0441566059680365,7.626300381979868e-06
41,0.20603015075376885,1.0473944893097573,1.0389466603921704e-05
42,0.21105527638190955,1.0501027161517456,1.404096181234493e-05
43,0.21608040201005024,1.0522111753405874,1.8831396625285105e-05
44,0.22110552763819097,1.0536795298567756,2.5072462055297784e-05
45,0.22613065326633167,1.0544973352530858,3.314948808097462e-05
46,0.23115577889447236,1.0546826801678144,4.3536092309781615e-05
47,0.23618090452261306,1.0542794462719698,5.681117585598638e-05
48,0.24120603015075376,1.0533533275067508,7.367854016515629e-05
49,0.24623115577889448,1.0519867977027124,9.498941356755886e-05
50,0.25125628140703515,1.0502732724272468,0.00012176818921816324
51,0.2562814070351759,1.0483107715033797,0.0001552416859715855
52,0.2613065326633166,1.0461954452683662,0.00019687224973952144
53,0.2663316582914573,1.0440153697033423,0.00024839501389539714
54,0.271356783919598,1.0418450318135006,0.0003118596320621503
55,0.2763819095477387,1.0397409076217272,0.0003896767836720771
56,0.2814070351758794,1.037738475514816,0.00048466973030514277
57,0.2864321608040201,1.0358509078827167,0.0006001311670300603
58,0.2914572864321608,1.0340695508896114,0.0007398855655190718
59,0.2964824120603015,1.0323661486085944,0.0009083571420223092
60,0.30150753768844224,1.0306966107186883,0.0011106435004868411
61,0.3065326633165829,1.0290059813564723,0.001352594895956072
62,0.31155778894472363,1.0272341582311377,0.0016408989323892784
63,0.3165829145728643,1.0253218494568828,0.0019831703484334273
64,0.32160804020100503,1.0232162482372509,0.002388045350483425
65,0.32663316582914576,1.0208759526655276,0.002865279720645764
66,0.3316582914572864,1.0182747522589333,0.0034258496541164085
67,0.33668341708542715,1.0154040311222723,0.004082053962641163
68,0.3417085427135678,1.0122736827087853,0.004847615915588244
69,0.34673366834170855,1.0089115748258701,0.005737782576480721
70,0.35175879396984927,1.0053617293707633,0.0067694190313284395
71,0.35678391959798994,1.001681476857224,0.007961094399166924
72,0.36180904522613067,0.9979379041289826,0.009333155971870122
73,0.36683417085427134,0.9942039335465682,0.010907787261231872
74,0.37185929648241206,0.9905543572590552,0.012709045153906471
75,0.3768844221105528,0.9870621084177112,0.014762870813390228
76,0.38190954773869346,0.9837949915960378,0.017097068455051878
77,0.3869346733668342,0.9808130264521426,0.01974124569636193
78,0.3919597989949749,0.978166489597654,0.02272670890008477
79,0.3969849246231156,0.9758946753927332,0.02608630684242097
80,0.4020100502512563,0.9740253404807286,0.029854216217591656
81,0.40703517587939697,0.9725747511576517,0.0340656630069478
82,0.4120603015075377,0.971548218074525,0.03875657466706151
83,0.4170854271356784,0.9709409800065707,0.04396315949513308
84,0.4221105527638191,0.9707392883585785,0.049721411466245535
85,0.4271356783919598,0.9709215476830397,0.05606654133791822
86,0.4321608040201005,0.9714593853781102,0.06303233788205452
87,0.4371859296482412,0.9723185554836932,0.07065046668727748
88,0.44221105527638194,0.9734596249883087,0.07894971797521633
89,0.4472361809045226,0.974838442133026,0.08795521912972826
90,0.45226130653266333,0.976406438759943,0.09768763192004892
91,0.457286432160804,0.9781108654417604,0.1081623584180399
92,0.4623115577889447,0.9798950914139803,0.11938878302838417
93,0.46733668341708545,0.9816991148352435,0.13136958050521352
94,0.4723618090452261,0.9834604186647574,0.1441001209619175
95,0.47738693467336685,0.9851152728554039,0.1575680023811027
96,0.4824120603015075,0.9866005277258534,0.1717527387756841
97,0.48743718592964824,0.987855872864025,0.18662562784702966
98,0.49246231155778897,0.9888264598933537,0.20214981580098268
99,0.49748743718592964,0.9894657163578379,0.21828056916742367
100,0.5025125628140703,0.9897381220743893,0.2349657544500421
101,0.507537688442211,0.9896216870850331,0.2521465167880159
102,0.5125628140703518,0.9891098674415895,0.26975813921982283
103,0.5175879396984925,0.9882126834498214,0.2877310553166181
104,0.5226130653266332,0.9869568627874792,0.3059919805741333
105,0.5276381909547738,0.9853849125875409,0.32446512257864146
106,0.5326633165829145,0.9835531217406231,0.3430734269796969
107,0.5376884422110553,0.9815285970084859,0.3617398158786821
108,0.542713567839196,0.9793855329838462,0.38038837731832265
109,0.5477386934673367,0.97720099582039,0.3989454688605991
110,0.5527638190954774,0.9750505548192063,0.4173407043239209
111,0.5577889447236181,0.9730041176595537,0.4355078000548676
112,0.5628140703517588,0.9711223107412361,0.4533852650272802
113,0.5678391959798995,0.9694536959004312,0.4709169270004547
114,0.5728643216080402,0.9680330327452492,0.4880522944081132
115,0.577889447236181,0.9668806899498222,0.5047467601792219
116,0.5829145728643216,0.9660031902922409,0.5209616590310353
117,0.5879396984924623,0.9653947566174232,0.5366641937770232
118,0.592964824120603,0.9650396237226908,0.551827248834457
119,0.5979899497487438,0.9649148079102328,0.5664291104762944
120,0.6030150753768845,0.9649929921231776,0.5804531136023
121,0.6080402010050251,0.9652451957778377,0.5938872341031469
122,0.6130653266331658,0.9656429539191363,0.6067236444786309
123,0.6180904522613065,0.9661598226613454,0.6189582484633316
124,0.6231155778894473,0.9667721433709338,0.6305902082109183
125,0.628140703517588,0.9674591187198817,0.6416214752632088
126,0.6331658291457286,0.9682023601226718,0.6520563342206792
127,0.6381909547738693,0.968985140604291,0.6619009658412491
128,0.6432160804020101,0.9697916174734553,0.6711630342953384
129,0.6482412060301508,0.970606270647092,0.679851301540131
130,0.6532663316582915,0.971413739306176,0.6879752702635287
131,0.6582914572864321,0.9721991442625882,0.6955448555896078
132,0.6633165829145728,0.9729488745194148,0.7025700847191154
133,0.6683417085427136,0.9736517150326949,0.7090608228798867
134,0.6733668341708543,0.9743001179850513,0.7150265233553559
135,0.678391959798995,0.9748913857885426,0.7204759989167833
136,0.6834170854271356,0.9754285460811349,0.7254172116764129
137,0.6884422110552764,0.9759207533629641,0.7298570781782585
138,0.6934673366834171,0.9763831363894685,0.733801286425678
139,0.6984924623115578,0.9768361069659182,0.7372541214892109
140,0.7035175879396985,0.9773042343930275,0.7402182963274583
141,0.7085427135678392,0.9778148527578117,0.7426947844745945
142,0.7135678391959799,0.9783965936969445,0.7446826512918109
143,0.7185929648241206,0.9790780215557889,0.7461788805422188
144,0.7236180904522613,0.9798864961970212,0.7471781931305788
145,0.7286432160804021,0.9808473137746544,0.7476728549572064
146,0.7336683417085427,0.9819830950088022,0.7476524709825764
147,0.7386934673366834,0.9833133223347457,0.7471037628083135
148,0.7437185929648241,0.9848538874315891,0.7460103273827712
149,0.7487437185929648,0.9866165087904928,0.7443523748819951
150,0.7537688442211056,0.9886079170208875,0.742106444463035
151,0.7587939698492463,0.9908287771710849,0.7392450975221717
152,0.7638190954773869,0.9932724091309827,0.7357365894316727
153,0.7688442211055276,0.9959234613879183,0.7315445226273437
154,0.7738693467336684,0.9987567710109845,0.7266274865750821
155,0.7788944723618091,1.0017366869317679,0.7209386938140533
156,0.7839195979899498,1.0048171327171402,0.7144256262813014
157,0.7889447236180904,1.0079426346213773,0.7070297128680165
158,0.7939698492462312,1.0110504442770571,0.6986860681208962
159,0.7989949748743719,1.0140737539556373,0.6893233337323723
160,0.8040201005025126,1.0169458527766635,0.6788636795458769
161,0.8090452261306533,1.019604924818047,0.6672230397853499
162,0.8140703517587939,1.021999065460324,0.6543116834735379
163,0.8190954773869347,1.0240910086716846,0.6400352454858719
164,0.8241206030150754,1.0258620284863875,0.6242963755498581
165,0.8291457286432161,1.0273145090575788,0.6069971945137906
166,0.8341708542713568,1.0284727682383379,0.5880427759526633
167,0.8391959798994975,1.0293818612283772,0.5673458890044445
168,0.8442211055276382,1.03010426892908,0.5448332332234866
169,0.8492462311557789,1.030714571737749,0.5204533509071371
170,0.8542713567839196,1.0312924034797117,0.4941862941991742
171,0.8592964824120604,1.0319141529288227,0.4660549273956464
172,0.864321608040201,1.032644016115428,0.43613743565287655
173,0.8693467336683417,1.0335250905475721,0.4045801792333803
174,0.8743718592964824,1.0345712375153906,0.3716094969763633
175,0.8793969849246231,1.035760421314687,0.33754049391353225
176,0.8844221105527639,1.0370301694701076,0.3027803836903397
177,0.8894472361809045,1.0382756934973494,0.2678238018503152
178,0.8944723618090452,1.0393510736774738,0.23323789751017565
179,0.8994974874371859,1.040073750778316,0.19963613235643365
180,0.9045226130653267,1.040232387354122,0.16764157775709798
181,0.9095477386934674,1.0395979634809291,0.13784283067831282
182,0.914572864321608,1.0379377575923519,0.11074789201271662
183,0.9195979899497487,1.035031634520478,0.0867427268022195
184,0.9246231155778895,1.030689825844369,0.06606113519491362
185,0.9296482412060302,1.0247711547325165,0.04877081983731424
186,0.9346733668341709,1.0172004494809694,0.034777543246586114
187,0.9396984924623115,1.0079837358749955,0.023845896092320015
188,0.9447236180904522,0.9972197328287128,0.01563241741503818
189,0.949748743718593,0.9851062333199931,0.009725299483936745
190,0.9547738693467337,0.9719401614882761,0.005684835019158285
191,0.9597989949748744,0.958110470269653,0.0030798082938461317
192,0.964824120603015,0.9440835737896371,0.0015166329420850386
193,0.9698492462311558,0.9303816606586981,0.0006596546314946439
194,0.9748743718592965,0.9175549481430264,0.0002423165238953917
195,0.9798994974874372,0.9061496320111926,6.972449989328666e-05
196,0.9849246231155779,0.8966738712205089,1.3643579832356426e-05
197,0.9899497487437187,0.8895645322919263,1.321543143473214e-06
198,0.9949748743718593,0.8851575354032241,2.299478685241496e-08
199,1.0,0.8836644550180202,0.0
