,x,y,pNG
0,0.0,1.2798229487595316,0.12533111851005752
1,0.005025125628140704,1.2796539206969084,0.12515540962561222
2,0.010050251256281407,1.2791493895457817,0.1249781500566417
3,0.01507537688442211,1.2783173784065947,0.12479932818649064
4,0.020100502512562814,1.2771724077019508,0.12461893296737915
5,0.02512562814070352,1.2757369974300083,0.12443695397445895
6,0.03015075376884422,1.2740433503512167,0.12425338145851585
7,0.035175879396984924,1.2721348462336886,0.12406820639699535
8,0.04020100502512563,1.2700669433707545,0.12388142054303285
9,0.04522613065326633,1.2679071017666521,0.12369301647220945
10,0.05025125628140704,1.2657334188929008,0.12350298762673405
11,0.05527638190954774,1.2636318034582477,0.12331132835682103
12,0.06030150753768844,1.2616916962044404,0.1231180339589969
13,0.06532663316582915,1.2600005605961064,0.12292310071116595
14,0.07035175879396985,1.2586375827526568,0.12272652590422704
15,0.07537688442211056,1.2576672054871059,0.12252830787009028
16,0.08040201005025126,1.2571332413881664,0.12232844600604753
17,0.08542713567839195,1.2570543354329269,0.12212694079534304
18,0.09045226130653267,1.2574214613986445,0.1219237938239991
19,0.09547738693467336,1.2581979379961543,0.12171900779393485
20,0.10050251256281408,1.2593221590999093,0.12151258653245768
21,0.10552763819095477,1.260712884727065,0.12130453499835248
22,0.11055276381909548,1.2622765857191247,0.1210948592848652
23,0.11557788944723618,1.2639160307849677,0.12088356661995835
24,0.12060301507537688,1.2655391006090468,0.12067066536440985
25,0.12562814070351758,1.2670667472443444,0.12045616500843292
26,0.1306532663316583,1.268439104158176,0.1202400761677177
27,0.135678391959799,1.269618984840515,0.12002241057999675
28,0.1407035175879397,1.2705923541755502,0.11980318110348898
29,0.1457286432160804,1.2713657670283414,0.1195824017189202
30,0.15075376884422112,1.2719611831085575,0.11936008753706615
31,0.15577889447236182,1.2724089264840837,0.1191362548142778
32,0.16080402010050251,1.2727398116407354,0.1189109209787792
33,0.1658291457286432,1.2729775715054812,0.11868410467114188
34,0.1708542713567839,1.2731326823989029,0.11845582580279435
35,0.17587939698492464,1.2731984933287641,0.1182261056371522
36,0.18090452261306533,1.2731502577855849,0.1179949668986211
37,0.18592964824120603,1.2729472748936457,0.11776243391542572
38,0.19095477386934673,1.2725379219939434,0.11752853280320265
39,0.19597989949748745,1.2718669545985914,0.11729329169701475
40,0.20100502512562815,1.2708841126412207,0.11705674104058085
41,0.20603015075376885,1.269552848186491,0.11681891394243205
42,0.21105527638190955,1.2678579125955933,0.11657984660985075
43,0.21608040201005024,1.2658106289775795,0.1163395788725864
44,0.22110552763819097,1.2634509284295525,0.11609815480945407
45,0.22613065326633167,1.2608456248964581,0.1158556234922622
46,0.23115577889447236,1.258082900852846,0.1156120398625594
47,0.23618090452261306,1.2552635129934275,0.1153674657580489
48,0.24120603015075376,1.2524897296208195,0.1151219711066208
49,0.24623115577889448,1.24985340227849,0.11487563530711398
50,0.25125628140703515,1.2474247851622395,0.11462854881696805
51,0.2562814070351759,1.245243700155642,0.11438081496789175
52,0.2613065326633166,1.2433143881737445,0.11413255203147656
53,0.2663316582914573,1.2416049121960655,0.11388389555729815
54,0.271356783919598,1.240051345196346,0.11363500100649936
55,0.2763819095477387,1.2385662789906926,0.11338604670395536
56,0.2814070351758794,1.2370505364785087,0.1131372371320074
57,0.2864321608040201,1.235406467126687,0.11288880658817445
58,0.2914572864321608,1.2335509405626202,0.11264102322838533
59,0.2964824120603015,1.231426175432096,0.11239419351578904
60,0.30150753768844224,1.229006852456948,0.11214866709333073
61,0.3065326633165829,1.2263025148722297,0.11190484209570706
62,0.31155778894472363,1.2233549672874087,0.11166317091314236
63,0.3165829145728643,1.2202311302535753,0.11142416641552877
64,0.32160804020100503,1.2170124713134425,0.11118840864076962
65,0.32663316582914576,1.213782608691895,0.11095655194568088
66,0.3316582914572864,1.210614899871967,0.1107293326113018
67,0.33668341708542715,1.2075617587910117,0.11050757688713576
68,0.3417085427135678,1.2046471156654848,0.11029220945039253
69,0.34673366834170855,1.2018629082546972,0.11008426224684564
70,0.35175879396984927,1.1991698670170998,0.10988488366936576
71,0.35678391959798994,1.1965022337833557,0.10969534801851323
72,0.36180904522613067,1.1937755305382258,0.10951706517674598
73,0.36683417085427134,1.1908961437721388,0.10935159041393172
74,0.37185929648241206,1.18777134857559,0.10920063422684534
75,0.3768844221105528,1.1843184660562411,0.10906607209932496
76,0.38190954773869346,1.1804720954173629,0.10894995405287576
77,0.3869346733668342,1.1761887317928872,0.1088545138397854
78,0.3919597989949749,1.1714485044278016,0.10878217761253528
79,0.3969849246231156,1.1662541793113994,0.10873557188463034
80,0.4020100502512563,1.1606279093093241,0.10871753057917456
81,0.40703517587939697,1.154606444852641,0.10873110094304883
82,0.4120603015075377,1.1482356223482428,0.10877954808671796
83,0.4170854271356784,1.1415649293083592,0.10886635789297183
84,0.4221105527638191,1.1346428252098193,0.10899523802302813
85,0.4271356783919598,1.1275133068364565,0.10917011673571808
86,0.4321608040201005,1.1202139825736865,0.10939513922597832
87,0.4371859296482412,1.112775696693434,0.1096746611831072
88,0.44221105527638194,1.1052235507574726,0.1100132392681622
89,0.4472361809045226,1.0975790241722883,0.11041561821425283
90,0.45226130653266333,1.0898628083357715,0.11088671426440078
91,0.457286432160804,1.0820979374208595,0.11143159467965902
92,0.4623115577889447,1.0743128145239669,0.11205545307647324
93,0.46733668341708545,1.0665437809431981,0.1127635803874426
94,0.4723618090452261,1.0588369440311283,0.11356133128421694
95,0.47738693467336685,1.0512490529808052,0.11445408595608042
96,0.4824120603015075,1.0438472842682032,0.11544720720254242
97,0.48743718592964824,1.0367078670119307,0.11654599287345345
98,0.49246231155778897,1.0299135457076647,0.117755623774926
99,0.49748743718592964,1.0235499487531345,0.11908110725319955
100,0.5025125628140703,1.0177010105947597,0.12052721677006205
101,0.507537688442211,1.0124436844301183,0.12209842789098245
102,0.5125628140703518,1.007842276717453,0.12379885121833545
103,0.5175879396984925,1.0039428234302061,0.12563216291441948
104,0.5226130653266332,1.0007679951011719,0.12760153356923798
105,0.5276381909547738,0.9983130452437966,0.12970955627252634
106,0.5326633165829145,0.9965432889770052,0.13195817484470873
107,0.5376884422110553,0.9953935065714778,0.13434861326305114
108,0.542713567839196,0.9947695113594485,0.1368813073834806
109,0.5477386934673367,0.9945519159888195,0.13955584010144073
110,0.5527638190954774,0.9946018992225245,0.1423708811131864
111,0.5577889447236181,0.9947685487081859,0.1453241324295086
112,0.5628140703517588,0.9948971668429236,0.14841228075456006
113,0.5678391959798995,0.9948378065412598,0.15163095777250968
114,0.5728643216080402,0.9944532713235619,0.1549747092838224
115,0.577889447236181,0.9936258761744956,0.15843697400270595
116,0.5829145728643216,0.992262413790778,0.16201007266985767
117,0.5879396984924623,0.9902969835621559,0.16568520795418973
118,0.592964824120603,0.987691586950914,0.1694524754185429
119,0.5979899497487438,0.9844346380272868,0.17330088561364154
120,0.6030150753768845,0.9805377490112335,0.17721839714846155
121,0.6080402010050251,0.9760313022077989,0.1811919603710369
122,0.6130653266331658,0.9709593968474204,0.18520757108933072
123,0.6180904522613065,0.9653747591874988,0.1892503335740391
124,0.6231155778894473,0.9593341350414925,0.19330453192140215
125,0.628140703517588,0.9528945623777985,0.19735370872003188
126,0.6331658291457286,0.9461107692572567,0.20138074986659396
127,0.6381909547738693,0.9390337815130247,0.20536797431433074
128,0.6432160804020101,0.9317106750699994,0.2092972275184716
129,0.6482412060301508,0.9241852846318189,0.21314997736388666
130,0.6532663316582915,0.9164995926473047,0.21690741142250247
131,0.6582914572864321,0.9086954731730561,0.22055053448866524
132,0.6633165829145728,0.9008164528592479,0.22406026547646585
133,0.6683417085427136,0.8929091710085743,0.22741753292995426
134,0.6733668341708543,0.8850242662307425,0.2306033685893444
135,0.678391959798995,0.8772164823240565,0.233598998668879
136,0.6834170854271356,0.8695438651574353,0.23638593272802666
137,0.6884422110552764,0.8620660109945396,0.23894605025154825
138,0.6934673366834171,0.854841420964229,0.2412616852891576
139,0.6984924623115578,0.8479241120692284,0.2433157097357681
140,0.7035175879396985,0.8413597269542546,0.24509161605291385
141,0.7085427135678392,0.8351814656456459,0.2465736004344138
142,0.7135678391959799,0.8294062239670825,0.24774664759887066
143,0.7185929648241206,0.824031355759255,0.2485966185414891
144,0.7236180904522613,0.819032470400024,0.24911034269116986
145,0.7286432160804021,0.814362626997407,0.2492757159882157
146,0.7336683417085427,0.8099531901404435,0.2490818064137271
147,0.7386934673366834,0.8057164735145257,0.24851896845498844
148,0.7437185929648241,0.8015501280981958,0.2475789678683956
149,0.7487437185929648,0.7973430483967399,0.24625511789090335
150,0.7537688442211056,0.7929823949878455,0.2445424277363064
151,0.7587939698492463,0.7883611877993427,0.24243776377850726
152,0.7638190954773869,0.7833858331703245,0.2399400232529377
153,0.7688442211055276,0.7779829243560236,0.2370503195834825
154,0.7738693467336684,0.7721047065905189,0.2337721775514936
155,0.7788944723618091,0.7657327206338563,0.2301117354564768
156,0.7839195979899498,0.7588793189491898,0.22607795017285534
157,0.7889447236180904,0.7515869634922716,0.22168279959380788
158,0.7939698492462312,0.7439254351144143,0.21694147539682795
159,0.7989949748743719,0.7359872820046945,0.2118725574130479
160,0.8040201005025126,0.7278819820406678,0.2064981592052149
161,0.8090452261306533,0.7197293727644649,0.2008440328596801
162,0.8140703517587939,0.7116529053355194,0.194939619610122
163,0.8190954773869347,0.7037732100656974,0.1888180319019902
164,0.8241206030150754,0.696202337580876,0.1825159520720826
165,0.8291457286432161,0.6890388866967883,0.17607343317081306
166,0.8341708542713568,0.6823640773846866,0.1695335888117271
167,0.8391959798994975,0.6762387029833493,0.16294216148824936
168,0.8442211055276382,0.6707008214289015,0.15634696269461812
169,0.8492462311557789,0.6657640308609201,0.1497971834834172
170,0.8542713567839196,0.6614162173792724,0.1433425807208546
171,0.8592964824120604,0.6576187462609171,0.13703255204532394
172,0.864321608040201,0.6543061678369911,0.13091512100491332
173,0.8693467336683417,0.6513865973315757,0.12503586248435938
174,0.8743718592964824,0.6487429793420785,0.11943680662398724
175,0.8793969849246231,0.6462354465735946,0.11415536618348955
176,0.8844221105527639,0.6437049262695294,0.10922333690199904
177,0.8894472361809045,0.6409780475658475,0.10466602213240496
178,0.8944723618090452,0.6378732805898796,0.10050153135718733
179,0.8994974874371859,0.6342081202853593,0.09674029688777784
180,0.9045226130653267,0.6298070389038246,0.09338484422211757
181,0.9095477386934674,0.6245098855650364,0.09042983966160399
182,0.914572864321608,0.6181804099027493,0.08786242466728755
183,0.9195979899497487,0.6107146155957611,0.08566283109420503
184,0.9246231155778895,0.6020486838444518,0.0838052560069793
185,0.9296482412060302,0.5921662188527684,0.08225896032641611
186,0.9346733668341709,0.5811045358731575,0.08098954298003336
187,0.9396984924623115,0.5689596313904707,0.07996033214943754
188,0.9447236180904522,0.5558893591417673,0.07913382793555679
189,0.949748743718593,0.5421142198220191,0.07847312634076997
190,0.9547738693467337,0.527915105375852,0.07794325277116987
191,0.9597989949748744,0.5136273718842778,0.07751233416656977
192,0.964824120603015,0.49963078735309585,0.0771525424385342
193,0.9698492462311558,0.48633522586030586,0.07684074860983857
194,0.9748743718592965,0.4741624369147841,0.07655883797161889
195,0.9798994974874372,0.46352475235054347,0.07629365352868599
196,0.9849246231155779,0.45480211834948353,0.07603656066154085
197,0.9899497487437187,0.44831926007379996,0.07578266386546995
198,0.9949748743718593,0.44432501078707065,0.07552976114480614
199,1.0,0.4429758034498545,0.07527719885202377
