,x,y
0,0.0,7.539943694202017e-12
1,0.010101010101010102,7.856702763367871e-11
2,0.020202020202020204,7.045948085743465e-10
3,0.030303030303030304,5.441039546555311e-09
4,0.04040404040404041,3.6202871176067457e-08
5,0.05050505050505051,2.0771807515959148e-07
6,0.06060606060606061,1.0287850533017749e-06
7,0.07070707070707072,4.404197003751452e-06
8,0.08080808080808081,1.6324081254855534e-05
9,0.09090909090909091,5.2496883231163323e-05
10,0.10101010101010102,0.000146875729898242
11,0.11111111111111112,0.00035873328154853744
12,0.12121212121212122,0.0007683478466513294
13,0.13131313131313133,0.0014521854611278615
14,0.14141414141414144,0.0024446934002359645
15,0.15151515151515152,0.0037212805131434197
16,0.16161616161616163,0.005249383028926956
17,0.17171717171717174,0.007120515674830656
18,0.18181818181818182,0.009699195333500398
19,0.19191919191919193,0.013664169956089179
20,0.20202020202020204,0.019851329793687093
21,0.21212121212121213,0.02894597981833479
22,0.22222222222222224,0.041215041265794096
23,0.23232323232323235,0.05648935947549312
24,0.24242424242424243,0.07446957064850741
25,0.25252525252525254,0.09520867512651957
26,0.26262626262626265,0.11943945072512412
27,0.27272727272727276,0.14842855101123825
28,0.2828282828282829,0.18337914276895953
29,0.29292929292929293,0.22487850536863394
30,0.30303030303030304,0.2729522169432428
31,0.31313131313131315,0.3276904213438465
32,0.32323232323232326,0.38976357594568756
33,0.33333333333333337,0.4602736683886597
34,0.3434343434343435,0.5401250787809665
35,0.3535353535353536,0.6294440625824391
36,0.36363636363636365,0.7272077561622378
37,0.37373737373737376,0.8309800477720982
38,0.38383838383838387,0.9369973842843293
39,0.393939393939394,1.041058638065141
40,0.4040404040404041,1.1400058822981025
41,0.4141414141414142,1.232733289412316
42,0.42424242424242425,1.3198995741860966
43,0.43434343434343436,1.4026952871372542
44,0.4444444444444445,1.4816634029095423
45,0.4545454545454546,1.55609187324944
46,0.4646464646464647,1.623892038841195
47,0.4747474747474748,1.6819435109866685
48,0.48484848484848486,1.727091604132956
49,0.494949494949495,1.757668382106054
50,0.5050505050505051,1.7748471550875964
51,0.5151515151515152,1.7829414830554808
52,0.5252525252525253,1.7881528202544763
53,0.5353535353535354,1.7961253214118997
54,0.5454545454545455,1.80954137179004
55,0.5555555555555556,1.8272330610696004
56,0.5656565656565657,1.8454784534404018
57,0.5757575757575758,1.8606022331110925
58,0.5858585858585859,1.8708884469895501
59,0.595959595959596,1.8764109209312538
60,0.6060606060606061,1.8773741782086228
61,0.6161616161616162,1.8728285734201664
62,0.6262626262626263,1.8608666650049541
63,0.6363636363636365,1.839873751709721
64,0.6464646464646465,1.8098781434899325
65,0.6565656565656566,1.7734036691626367
66,0.6666666666666667,1.7354179436148838
67,0.6767676767676768,1.702030203411335
68,0.686868686868687,1.6781514247372433
69,0.696969696969697,1.6651371784485982
70,0.7070707070707072,1.6596970140985845
71,0.7171717171717172,1.6548882055764587
72,0.7272727272727273,1.643114283150441
73,0.7373737373737375,1.6198857245324851
74,0.7474747474747475,1.5861614187768318
75,0.7575757575757577,1.5475214139577922
76,0.7676767676767677,1.5105834961939395
77,0.7777777777777778,1.4792519356501401
78,0.787878787878788,1.4533799494913282
79,0.797979797979798,1.4302616324665032
80,0.8080808080808082,1.4072384919143983
81,0.8181818181818182,1.3834061819541377
82,0.8282828282828284,1.3597029481114624
83,0.8383838383838385,1.3380199645754745
84,0.8484848484848485,1.3202413748787807
85,0.8585858585858587,1.3075069981546545
86,0.8686868686868687,1.2996106027921934
87,0.8787878787878789,1.2948077733135341
88,0.888888888888889,1.2905690195569701
89,0.8989898989898991,1.2851068865271984
90,0.9090909090909092,1.278456542743123
91,0.9191919191919192,1.2718754065679039
92,0.9292929292929294,1.2655671582310095
93,0.9393939393939394,1.2560471930334953
94,0.9494949494949496,1.234781610215206
95,0.9595959595959597,1.1891654823145084
96,0.9696969696969697,1.1061860333745501
97,0.9797979797979799,0.9782770433230434
98,0.98989898989899,0.8092757443123967
99,1.0,0.6166560440093318
