,x,y,pNG
0,0.0,1.1042574422556373,0.12533111851005752
1,0.005025125628140704,1.1043341899745942,0.12515540962561222
2,0.010050251256281407,1.104567522061941,0.1249781500566417
3,0.01507537688442211,1.1049668954904994,0.12479932818649064
4,0.020100502512562814,1.105548618347047,0.12461893296737915
5,0.02512562814070352,1.1063363808537838,0.12443695397445895
6,0.03015075376884422,1.1073614814139998,0.12425338145851585
7,0.035175879396984924,1.1086623598460863,0.12406820639699535
8,0.04020100502512563,1.1102830991265422,0.12388142054303285
9,0.04522613065326633,1.112270686349682,0.12369301647220945
10,0.05025125628140704,1.1146710147562884,0.12350298762673405
11,0.05527638190954774,1.1175238311788904,0.12331132835682103
12,0.06030150753768844,1.1208570496729817,0.1231180339589969
13,0.06532663316582915,1.124681024386819,0.12292310071116595
14,0.07035175879396985,1.1289834709164204,0.12272652590422704
15,0.07537688442211056,1.1337257255311373,0.12252830787009028
16,0.08040201005025126,1.138840931546084,0.12232844600604753
17,0.08542713567839195,1.1442345542271566,0.12212694079534304
18,0.09045226130653267,1.149787376782619,0.1219237938239991
19,0.09547738693467336,1.1553608564050175,0.12171900779393485
20,0.10050251256281408,1.1608044597933411,0.12151258653245768
21,0.10552763819095477,1.1659643865928961,0.12130453499835248
22,0.11055276381909548,1.1706929512262898,0.1210948592848652
23,0.11557788944723618,1.1748578399071514,0.12088356661995835
24,0.12060301507537688,1.178350488045825,0.12067066536440985
25,0.12562814070351758,1.1810929207273937,0.12045616500843292
26,0.1306532663316583,1.1830425460101126,0.1202400761677177
27,0.135678391959799,1.1841945665752147,0.12002241057999675
28,0.1407035175879397,1.184581861583601,0.11980318110348898
29,0.1457286432160804,1.18427237427763,0.1195824017189202
30,0.15075376884422112,1.183364213767107,0.11936008753706615
31,0.15577889447236182,1.181978836673299,0.1191362548142778
32,0.16080402010050251,1.180252811526162,0.1189109209787792
33,0.1658291457286432,1.1783287797899373,0.11868410467114188
34,0.1708542713567839,1.1763463029137977,0.11845582580279435
35,0.17587939698492464,1.1744333134408875,0.1182261056371522
36,0.18090452261306533,1.172698858874358,0.1179949668986211
37,0.18592964824120603,1.17122773253059,0.11776243391542572
38,0.19095477386934673,1.1700774262798737,0.11752853280320265
39,0.19597989949748745,1.1692776258764064,0.11729329169701475
40,0.20100502512562815,1.1688322204625392,0.11705674104058085
41,0.20603015075376885,1.1687235416292503,0.11681891394243205
42,0.21105527638190955,1.168918315801175,0.11657984660985075
43,0.21608040201005024,1.1693746370687539,0.1163395788725864
44,0.22110552763819097,1.170049169847519,0.11609815480945407
45,0.22613065326633167,1.1709037853173745,0.1158556234922622
46,0.23115577889447236,1.1719109231269222,0.1156120398625594
47,0.23618090452261306,1.1730571381431927,0.1153674657580489
48,0.24120603015075376,1.1743445180588667,0.1151219711066208
49,0.24623115577889448,1.1757899111991517,0.11487563530711398
50,0.25125628140703515,1.177422152009158,0.11462854881696805
51,0.2562814070351759,1.1792776836547407,0.11438081496789175
52,0.2613065326633166,1.1813951284834485,0.11413255203147656
53,0.2663316582914573,1.183809432821566,0.11388389555729815
54,0.271356783919598,1.186546208985471,0.11363500100649936
55,0.2763819095477387,1.1896168219254089,0.11338604670395536
56,0.2814070351758794,1.1930146376192279,0.1131372371320074
57,0.2864321608040201,1.1967126886864214,0.11288880658817445
58,0.2914572864321608,1.2006628456325432,0.11264102322838533
59,0.2964824120603015,1.2047964336793957,0.11239419351578904
60,0.30150753768844224,1.209026123462565,0.11214866709333073
61,0.3065326633165829,1.213248858507255,0.11190484209570706
62,0.31155778894472363,1.2173495630368705,0.11166317091314236
63,0.3165829145728643,1.2212053909644884,0.11142416641552877
64,0.32160804020100503,1.2246903149631752,0.11118840864076962
65,0.32663316582914576,1.2276798947141432,0.11095655194568088
66,0.3316582914572864,1.2300560889527574,0.1107293326113018
67,0.33668341708542715,1.2317119758038286,0.11050757688713576
68,0.3417085427135678,1.2325562179528577,0.11029220945039253
69,0.34673366834170855,1.2325170610969798,0.11008426224684564
70,0.35175879396984927,1.2315456021112752,0.10988488366936576
71,0.35678391959798994,1.2296180288993797,0.10969534801851323
72,0.36180904522613067,1.2267365386014775,0.10951706517674598
73,0.36683417085427134,1.2229287008875622,0.10935159041393172
74,0.37185929648241206,1.2182451541663986,0.10920063422684534
75,0.3768844221105528,1.2127556967480426,0.10906607209932496
76,0.38190954773869346,1.2065440403690864,0.10894995405287576
77,0.3869346733668342,1.1997016969919678,0.1088545138397854
78,0.3919597989949749,1.1923216331092072,0.10878217761253528
79,0.3969849246231156,1.1844924130319143,0.10873557188463034
80,0.4020100502512563,1.1762935383143054,0.10871753057917456
81,0.40703517587939697,1.1677925658540282,0.10873110094304883
82,0.4120603015075377,1.1590443636497227,0.10877954808671796
83,0.4170854271356784,1.1500925712329213,0.10886635789297183
84,0.4221105527638191,1.1409730161945402,0.10899523802302813
85,0.4271356783919598,1.1317185498647397,0.10917011673571808
86,0.4321608040201005,1.122364551462446,0.10939513922597832
87,0.4371859296482412,1.112954245861287,0.1096746611831072
88,0.44221105527638194,1.10354300166773,0.1100132392681622
89,0.4472361809045226,1.0942009184083645,0.11041561821425283
90,0.45226130653266333,1.0850132495364642,0.11088671426440078
91,0.457286432160804,1.0760785027905848,0.11143159467965902
92,0.4623115577889447,1.0675043657873666,0.11205545307647324
93,0.46733668341708545,1.0594018789568846,0.1127635803874426
94,0.4723618090452261,1.051878485116032,0.11356133128421694
95,0.47738693467336685,1.0450307034979736,0.11445408595608042
96,0.4824120603015075,1.038937199107475,0.11544720720254242
97,0.48743718592964824,1.0336529525672833,0.11654599287345345
98,0.49246231155778897,1.0292050980302132,0.117755623774926
99,0.49748743718592964,1.0255908099495332,0.11908110725319955
100,0.5025125628140703,1.022777407838715,0.12052721677006205
101,0.507537688442211,1.0207046342740027,0.12209842789098245
102,0.5125628140703518,1.0192888643943359,0.12379885121833545
103,0.5175879396984925,1.0184288399164696,0.12563216291441948
104,0.5226130653266332,1.018012398134727,0.12760153356923798
105,0.5276381909547738,1.0179235940433808,0.12970955627252634
106,0.5326633165829145,1.0180495961172356,0.13195817484470873
107,0.5376884422110553,1.0182867747754087,0.13434861326305114
108,0.542713567839196,1.0185454947283237,0.1368813073834806
109,0.5477386934673367,1.0187532612610524,0.13955584010144073
110,0.5527638190954774,1.0188560438750895,0.1423708811131864
111,0.5577889447236181,1.018817791489285,0.1453241324295086
112,0.5628140703517588,1.0186183408410328,0.14841228075456006
113,0.5678391959798995,1.0182500818687197,0.15163095777250968
114,0.5728643216080402,1.0177138607184744,0.1549747092838224
115,0.577889447236181,1.0170146579791408,0.15843697400270595
116,0.5829145728643216,1.016157570277736,0.16201007266985767
117,0.5879396984924623,1.015144550441936,0.16568520795418973
118,0.592964824120603,1.0139722372121722,0.1694524754185429
119,0.5979899497487438,1.012631049174613,0.17330088561364154
120,0.6030150753768845,1.011105551996146,0.17721839714846155
121,0.6080402010050251,1.0093759555154938,0.1811919603710369
122,0.6130653266331658,1.0074204759193548,0.18520757108933072
123,0.6180904522613065,1.0052182194346475,0.1892503335740391
124,0.6231155778894473,1.002752211239118,0.19330453192140215
125,0.628140703517588,1.0000122031277332,0.19735370872003188
126,0.6331658291457286,0.9969969374173435,0.20138074986659396
127,0.6381909547738693,0.993715611999193,0.20536797431433074
128,0.6432160804020101,0.9901883722268018,0.2092972275184716
129,0.6482412060301508,0.986445741703716,0.21314997736388666
130,0.6532663316582915,0.982526991318631,0.21690741142250247
131,0.6582914572864321,0.9784775318813608,0.22055053448866524
132,0.6633165829145728,0.9743454992951828,0.22406026547646585
133,0.6683417085427136,0.9701777804262017,0.22741753292995426
134,0.6733668341708543,0.9660157984443487,0.2306033685893444
135,0.678391959798995,0.961891431166142,0.233598998668879
136,0.6834170854271356,0.9578234650940487,0.23638593272802666
137,0.6884422110552764,0.9538149809276111,0.23894605025154825
138,0.6934673366834171,0.9498520146809579,0.2412616852891576
139,0.6984924623115578,0.9459037383497537,0.2433157097357681
140,0.7035175879396985,0.9419242588495005,0.24509161605291385
141,0.7085427135678392,0.9378559559764552,0.2465736004344138
142,0.7135678391959799,0.9336340901660157,0.24774664759887066
143,0.7185929648241206,0.9291922357892587,0.2485966185414891
144,0.7236180904522613,0.9244679647327313,0.24911034269116986
145,0.7286432160804021,0.9194081440369073,0.2492757159882157
146,0.7336683417085427,0.9139732378194029,0.2490818064137271
147,0.7386934673366834,0.9081401218270143,0.24851896845498844
148,0.7437185929648241,0.9019031173377913,0.2475789678683956
149,0.7487437185929648,0.8952732030431102,0.24625511789090335
150,0.7537688442211056,0.8882756303782421,0.2445424277363064
151,0.7587939698492463,0.8809464052157565,0.24243776377850726
152,0.7638190954773869,0.8733282647057874,0.2399400232529377
153,0.7688442211055276,0.8654668403694618,0.2370503195834825
154,0.7738693467336684,0.8574076422473436,0.2337721775514936
155,0.7788944723618091,0.84919432960982,0.2301117354564768
156,0.7839195979899498,0.8408684778548251,0.22607795017285534
157,0.7889447236180904,0.8324707519788692,0.22168279959380788
158,0.7939698492462312,0.8240431071368349,0.21694147539682795
159,0.7989949748743719,0.815631409099794,0.2118725574130479
160,0.8040201005025126,0.8072877449868431,0.2064981592052149
161,0.8090452261306533,0.7990717026871699,0.2008440328596801
162,0.8140703517587939,0.7910500381436026,0.194939619610122
163,0.8190954773869347,0.7832944015732065,0.1888180319019902
164,0.8241206030150754,0.7758771149731177,0.1825159520720826
165,0.8291457286432161,0.768865329312384,0.17607343317081306
166,0.8341708542713568,0.7623141830818542,0.1695335888117271
167,0.8391959798994975,0.7562597842257275,0.16294216148824936
168,0.8442211055276382,0.7507129111612761,0.15634696269461812
169,0.8492462311557789,0.7456542640937506,0.1497971834834172
170,0.8542713567839196,0.7410319075265547,0.1433425807208546
171,0.8592964824120604,0.7367612622696166,0.13703255204532394
172,0.864321608040201,0.7327276785178962,0.13091512100491332
173,0.8693467336683417,0.7287913046176979,0.12503586248435938
174,0.8743718592964824,0.7247937091063807,0.11943680662398724
175,0.8793969849246231,0.7205655545068693,0.11415536618348955
176,0.8844221105527639,0.7159345802230732,0.10922333690199904
177,0.8894472361809045,0.7107332283357493,0.10466602213240496
178,0.8944723618090452,0.7048054203618199,0.10050153135718733
179,0.8994974874371859,0.698012229934657,0.09674029688777784
180,0.9045226130653267,0.6902364513792789,0.09338484422211757
181,0.9095477386934674,0.6813862905095508,0.09042983966160399
182,0.914572864321608,0.6713985596557669,0.08786242466728755
183,0.9195979899497487,0.6602418129365032,0.08566283109420503
184,0.9246231155778895,0.6479197949516028,0.0838052560069793
185,0.9296482412060302,0.6344754000692149,0.08225896032641611
186,0.9346733668341709,0.61999507364971,0.08098954298003336
187,0.9396984924623115,0.6046132722189737,0.07996033214943754
188,0.9447236180904522,0.588516291662866,0.07913382793555679
189,0.949748743718593,0.571944532263142,0.07847312634076997
190,0.9547738693467337,0.5551921551163681,0.07794325277116987
191,0.9597989949748744,0.5386031408108256,0.07751233416656977
192,0.964824120603015,0.5225630090433329,0.0771525424385342
193,0.9698492462311558,0.5074858867024844,0.07684074860983857
194,0.9748743718592965,0.4937971772844929,0.07655883797161889
195,0.9798994974874372,0.48191271112583844,0.07629365352868599
196,0.9849246231155779,0.4722158479836556,0.07603656066154085
197,0.9899497487437187,0.4650344600332458,0.07578266386546995
198,0.9949748743718593,0.4606199568008811,0.07552976114480614
199,1.0,0.4591304673625119,0.07527719885202377
