,x,y
0,0.0,2.8672793540118886e-35
1,0.010101010101010102,1.1934403402708941e-32
2,0.020202020202020204,3.827268146026281e-30
3,0.030303030303030304,9.456589542110518e-28
4,0.04040404040404041,1.8002700587981159e-25
5,0.05050505050505051,2.6405734307425512e-23
6,0.06060606060606061,2.9841201884703145e-21
7,0.07070707070707072,2.598315257876828e-19
8,0.08080808080808081,1.7431102132482304e-17
9,0.09090909090909091,9.009803567721976e-16
10,0.10101010101010102,3.588089511464134e-14
11,0.11111111111111112,1.1009527643965424e-12
12,0.12121212121212122,2.6027447284411083e-11
13,0.13131313131313133,4.740803322604281e-10
14,0.14141414141414144,6.653187806916509e-09
15,0.15151515151515152,7.193912308497958e-08
16,0.16161616161616163,5.99319117431698e-07
17,0.17171717171717174,3.846885387153777e-06
18,0.18181818181818182,1.9024814799120633e-05
19,0.19191919191919193,7.249356867862185e-05
20,0.20202020202020204,0.00021285184013832237
21,0.21212121212121213,0.00048170180486126744
22,0.22222222222222224,0.0008411996175699287
23,0.23232323232323235,0.0011387689728690525
24,0.24242424242424243,0.001217175587730934
25,0.25252525252525254,0.001100786827859637
26,0.26262626262626265,0.0010314026375470395
27,0.27272727272727276,0.001312951153531059
28,0.2828282828282829,0.002206838520807686
29,0.29292929292929293,0.003997128371175083
30,0.30303030303030304,0.006944676588313899
31,0.31313131313131315,0.010924254348257782
32,0.32323232323232326,0.015250468802859882
33,0.33333333333333337,0.019271739870336604
34,0.3434343434343435,0.023118513840345956
35,0.3535353535353536,0.027513796630485254
36,0.36363636363636365,0.032983508308128386
37,0.37373737373737376,0.03978528434118868
38,0.38383838383838387,0.048651925413676265
39,0.393939393939394,0.06106473115695235
40,0.4040404040404041,0.0785688931848907
41,0.4141414141414142,0.10231026228827009
42,0.42424242424242425,0.1335382417446477
43,0.43434343434343436,0.1737215932200775
44,0.4444444444444445,0.22289959086475564
45,0.4545454545454546,0.27784184082933255
46,0.4646464646464647,0.33303909502025286
47,0.4747474747474748,0.38457989673825904
48,0.48484848484848486,0.4335745972826245
49,0.494949494949495,0.48590200626418917
50,0.5050505050505051,0.5476365551590512
51,0.5151515151515152,0.6196401046922205
52,0.5252525252525253,0.697658213383728
53,0.5353535353535354,0.7789772492088423
54,0.5454545454545455,0.8668810091015202
55,0.5555555555555556,0.9657248707919746
56,0.5656565656565657,1.0729108060361054
57,0.5757575757575758,1.1787035322565171
58,0.5858585858585859,1.273866832871618
59,0.595959595959596,1.3559039853855326
60,0.6060606060606061,1.4278702107010033
61,0.6161616161616162,1.4926394788066162
62,0.6262626262626263,1.5508449780877722
63,0.6363636363636365,1.6054506417802639
64,0.6464646464646465,1.6649420165332713
65,0.6565656565656566,1.7381128950406701
66,0.6666666666666667,1.8256332454864708
67,0.6767676767676768,1.917514619121555
68,0.686868686868687,1.998952612923746
69,0.696969696969697,2.0607299856720247
70,0.7070707070707072,2.1063930234663584
71,0.7171717171717172,2.1483908589759024
72,0.7272727272727273,2.195594312657407
73,0.7373737373737375,2.2464169149098954
74,0.7474747474747475,2.294606639629793
75,0.7575757575757577,2.3362134989537604
76,0.7676767676767677,2.3680296319263854
77,0.7777777777777778,2.3859538509336384
78,0.787878787878788,2.3903381658323553
79,0.797979797979798,2.3884642870118524
80,0.8080808080808082,2.387557259573876
81,0.8181818181818182,2.3888670557085248
82,0.8282828282828284,2.391138432595298
83,0.8383838383838385,2.395652903255567
84,0.8484848484848485,2.404589498799057
85,0.8585858585858587,2.4178815052900107
86,0.8686868686868687,2.434424019304978
87,0.8787878787878789,2.4526976029657104
88,0.888888888888889,2.4679739402407512
89,0.8989898989898991,2.4730053880586844
90,0.9090909090909092,2.463980335080847
91,0.9191919191919192,2.4433713546305027
92,0.9292929292929294,2.4162829416299108
93,0.9393939393939394,2.3853725763683817
94,0.9494949494949496,2.3463734565554586
95,0.9595959595959597,2.2821749289932924
96,0.9696969696969697,2.1580415303184894
97,0.9797979797979799,1.9294307572398928
98,0.98989898989899,1.5734140023967589
99,1.0,1.1271350822681883
