,x,y,pNG
0,0.0,1.0196395187859357,0.12533111851005752
1,0.005025125628140704,1.0196752390152808,0.12515540962561222
2,0.010050251256281407,1.0197749047427942,0.1249781500566417
3,0.01507537688442211,1.0199166254927787,0.12479932818649064
4,0.020100502512562814,1.0200658684710078,0.12461893296737915
5,0.02512562814070352,1.0201782800309562,0.12443695397445895
6,0.03015075376884422,1.0202034235993103,0.12425338145851585
7,0.035175879396984924,1.0200892214085118,0.12406820639699535
8,0.04020100502512563,1.0197868303051334,0.12388142054303285
9,0.04522613065326633,1.0192556338376075,0.12369301647220945
10,0.05025125628140704,1.0184680001799014,0.12350298762673405
11,0.05527638190954774,1.0174134445390872,0.12331132835682103
12,0.06030150753768844,1.016101850379501,0.1231180339589969
13,0.06532663316582915,1.014565448284699,0.12292310071116595
14,0.07035175879396985,1.012859323453209,0.12272652590422704
15,0.07537688442211056,1.0110603182012377,0.12252830787009028
16,0.08040201005025126,1.0092643071722573,0.12232844600604753
17,0.08542713567839195,1.0075819412497329,0.12212694079534304
18,0.09045226130653267,1.0061330719496144,0.1219237938239991
19,0.09547738693467336,1.0050401724304308,0.12171900779393485
20,0.10050251256281408,1.0044211566266898,0.12151258653245768
21,0.10552763819095477,1.0043820584445609,0.12130453499835248
22,0.11055276381909548,1.0050100640903414,0.1210948592848652
23,0.11557788944723618,1.006367389402329,0.12088356661995835
24,0.12060301507537688,1.0084864586740525,0.12067066536440985
25,0.12562814070351758,1.0113667713336048,0.12045616500843292
26,0.1306532663316583,1.0149737392033067,0.1202400761677177
27,0.135678391959799,1.0192396436756197,0.12002241057999675
28,0.1407035175879397,1.0240667061225568,0.11980318110348898
29,0.1457286432160804,1.0293320971569155,0.1195824017189202
30,0.15075376884422112,1.0348945455909837,0.11936008753706615
31,0.15577889447236182,1.0406020632673494,0.1191362548142778
32,0.16080402010050251,1.0463001951083415,0.1189109209787792
33,0.1658291457286432,1.0518401503431873,0.11868410467114188
34,0.1708542713567839,1.0570861814540247,0.11845582580279435
35,0.17587939698492464,1.0619216548571346,0.1182261056371522
36,0.18090452261306533,1.0662533955109117,0.1179949668986211
37,0.18592964824120603,1.0700140712063535,0.11776243391542572
38,0.19095477386934673,1.0731625885190066,0.11752853280320265
39,0.19597989949748745,1.0756826743790262,0.11729329169701475
40,0.20100502512562815,1.0775799881349921,0.11705674104058085
41,0.20603015075376885,1.07887822661423,0.11681891394243205
42,0.21105527638190955,1.0796147351985046,0.11657984660985075
43,0.21608040201005024,1.0798361182977134,0.1163395788725864
44,0.22110552763819097,1.0795942609393732,0.11609815480945407
45,0.22613065326633167,1.0789430470858026,0.1158556234922622
46,0.23115577889447236,1.0779359133471544,0.1156120398625594
47,0.23618090452261306,1.0766242341148327,0.1153674657580489
48,0.24120603015075376,1.0750564178882247,0.1151219711066208
49,0.24623115577889448,1.0732775200065705,0.11487563530711398
50,0.25125628140703515,1.0713291504414584,0.11462854881696805
51,0.2562814070351759,1.0692494738037042,0.11438081496789175
52,0.2613065326633166,1.0670731516067224,0.11413255203147656
53,0.2663316582914573,1.0648311486329665,0.11388389555729815
54,0.271356783919598,1.0625503992209169,0.11363500100649936
55,0.2763819095477387,1.06025339075695,0.11338604670395536
56,0.2814070351758794,1.0579577605388801,0.1131372371320074
57,0.2864321608040201,1.0556760142349293,0.11288880658817445
58,0.2914572864321608,1.053415460900568,0.11264102322838533
59,0.2964824120603015,1.051178426987389,0.11239419351578904
60,0.30150753768844224,1.0489627686895666,0.11214866709333073
61,0.3065326633165829,1.0467626576156241,0.11190484209570706
62,0.31155778894472363,1.044569577221745,0.11166317091314236
63,0.3165829145728643,1.0423734423258657,0.11142416641552877
64,0.32160804020100503,1.0401637439696323,0.11118840864076962
65,0.32663316582914576,1.0379306266312263,0.11095655194568088
66,0.3316582914572864,1.0356658216854495,0.1107293326113018
67,0.33668341708542715,1.0333633858979896,0.11050757688713576
68,0.3417085427135678,1.0310202218281306,0.11029220945039253
69,0.34673366834170855,1.0286363836702226,0.11008426224684564
70,0.35175879396984927,1.026215193482222,0.10988488366936576
71,0.35678391959798994,1.0237632063808366,0.10969534801851323
72,0.36180904522613067,1.0212900680627905,0.10951706517674598
73,0.36683417085427134,1.0188083043671954,0.10935159041393172
74,0.37185929648241206,1.016333072266956,0.10920063422684534
75,0.3768844221105528,1.0138818873761575,0.10906607209932496
76,0.38190954773869346,1.0114743279993588,0.10894995405287576
77,0.3869346733668342,1.0091317031205371,0.1088545138397854
78,0.3919597989949749,1.0068766641954943,0.10878217761253528
79,0.3969849246231156,1.00473273986734,0.10873557188463034
80,0.4020100502512563,1.0027237792181731,0.10871753057917456
81,0.40703517587939697,1.0008733019987686,0.10873110094304883
82,0.4120603015075377,0.9992037712985312,0.10877954808671796
83,0.4170854271356784,0.9977358222504282,0.10886635789297183
84,0.4221105527638191,0.9964874960737857,0.10899523802302813
85,0.4271356783919598,0.9954735386438427,0.10917011673571808
86,0.4321608040201005,0.9947048242262131,0.10939513922597832
87,0.4371859296482412,0.9941879567826332,0.1096746611831072
88,0.44221105527638194,0.9939250838870195,0.1100132392681622
89,0.4472361809045226,0.9939139342558582,0.11041561821425283
90,0.45226130653266333,0.9941480633382155,0.11088671426440078
91,0.457286432160804,0.9946172674873855,0.11143159467965902
92,0.4623115577889447,0.9953081111144788,0.11205545307647324
93,0.46733668341708545,0.996204506871974,0.1127635803874426
94,0.4723618090452261,0.9972882979689609,0.11356133128421694
95,0.47738693467336685,0.9985398127132582,0.11445408595608042
96,0.4824120603015075,0.9999383896051826,0.11544720720254242
97,0.48743718592964824,1.001462899503136,0.11654599287345345
98,0.49246231155778897,1.0030923111362366,0.117755623774926
99,0.49748743718592964,1.0048063499990143,0.11908110725319955
100,0.5025125628140703,1.00658628381404,0.12052721677006205
101,0.507537688442211,1.0084158303097035,0.12209842789098245
102,0.5125628140703518,1.010282130462535,0.12379885121833545
103,0.5175879396984925,1.0121766729768358,0.12563216291441948
104,0.5226130653266332,1.0140960071839484,0.12760153356923798
105,0.5276381909547738,1.0160420556945888,0.12970955627252634
106,0.5326633165829145,1.0180218461242017,0.13195817484470873
107,0.5376884422110553,1.0200465282907232,0.13434861326305114
108,0.542713567839196,1.0221296269497286,0.1368813073834806
109,0.5477386934673367,1.0242845897779607,0.13955584010144073
110,0.5527638190954774,1.026521808718157,0.1423708811131864
111,0.5577889447236181,1.0288453992017423,0.1453241324295086
112,0.5628140703517588,1.0312500959550446,0.14841228075456006
113,0.5678391959798995,1.033718650578282,0.15163095777250968
114,0.5728643216080402,1.0362200874284082,0.1549747092838224
115,0.577889447236181,1.0387090928735265,0.15843697400270595
116,0.5829145728643216,1.0411266904978935,0.16201007266985767
117,0.5879396984924623,1.0434022102324765,0.16568520795418973
118,0.592964824120603,1.0454564149391479,0.1694524754185429
119,0.5979899497487438,1.047205524952314,0.17330088561364154
120,0.6030150753768845,1.04856579577629,0.17721839714846155
121,0.6080402010050251,1.0494582651729165,0.1811919603710369
122,0.6130653266331658,1.0498132933213429,0.18520757108933072
123,0.6180904522613065,1.0495745661074614,0.1892503335740391
124,0.6231155778894473,1.048702304385975,0.19330453192140215
125,0.628140703517588,1.047175507002586,0.19735370872003188
126,0.6331658291457286,1.0449931396926675,0.20138074986659396
127,0.6381909547738693,1.0421742567393717,0.20536797431433074
128,0.6432160804020101,1.0387571033487215,0.2092972275184716
129,0.6482412060301508,1.03479729432233,0.21314997736388666
130,0.6532663316582915,1.0303652018050455,0.21690741142250247
131,0.6582914572864321,1.0255427153512406,0.22055053448866524
132,0.6633165829145728,1.020419563686701,0.22406026547646585
133,0.6683417085427136,1.015089409231138,0.22741753292995426
134,0.6733668341708543,1.0096459409144478,0.2306033685893444
135,0.678391959798995,1.0041791935444324,0.233598998668879
136,0.6834170854271356,0.9987723083263929,0.23638593272802666
137,0.6884422110552764,0.9934989161774155,0.23894605025154825
138,0.6934673366834171,0.9884212734853662,0.2412616852891576
139,0.6984924623115578,0.9835892130356977,0.2433157097357681
140,0.7035175879396985,0.9790398985419148,0.24509161605291385
141,0.7085427135678392,0.9747982993293496,0.2465736004344138
142,0.7135678391959799,0.9708782422886033,0.24774664759887066
143,0.7185929648241206,0.9672838595664867,0.2485966185414891
144,0.7236180904522613,0.9640112375362087,0.24911034269116986
145,0.7286432160804021,0.9610500859939064,0.2492757159882157
146,0.7336683417085427,0.9583852825039062,0.2490818064137271
147,0.7386934673366834,0.9559981980565984,0.24851896845498844
148,0.7437185929648241,0.9538677673293817,0.2475789678683956
149,0.7487437185929648,0.9519713201539584,0.24625511789090335
150,0.7537688442211056,0.9502852319760537,0.2445424277363064
151,0.7587939698492463,0.9487854745260725,0.24243776377850726
152,0.7638190954773869,0.9474481514183779,0.2399400232529377
153,0.7688442211055276,0.9462500883128928,0.2370503195834825
154,0.7738693467336684,0.9451695179823154,0.2337721775514936
155,0.7788944723618091,0.9441868635887191,0.2301117354564768
156,0.7839195979899498,0.9432855860036486,0.22607795017285534
157,0.7889447236180904,0.94245303002077,0.22168279959380788
158,0.7939698492462312,0.9416811851797955,0.21694147539682795
159,0.7989949748743719,0.9409672726206325,0.2118725574130479
160,0.8040201005025126,0.9403140800458976,0.2064981592052149
161,0.8090452261306533,0.9397299897857658,0.2008440328596801
162,0.8140703517587939,0.9392286750934501,0.194939619610122
163,0.8190954773869347,0.9388284706967458,0.1888180319019902
164,0.8241206030150754,0.9385514486584355,0.1825159520720826
165,0.8291457286432161,0.9384222443022554,0.17607343317081306
166,0.8341708542713568,0.9384666763332099,0.1695335888117271
167,0.8391959798994975,0.9387101906635372,0.16294216148824936
168,0.8442211055276382,0.9391761328785869,0.15634696269461812
169,0.8492462311557789,0.9398838270822465,0.1497971834834172
170,0.8542713567839196,0.9408464185913564,0.1433425807208546
171,0.8592964824120604,0.9420684346279213,0.13703255204532394
172,0.864321608040201,0.9435430392308183,0.13091512100491332
173,0.8693467336683417,0.9452490108825763,0.12503586248435938
174,0.8743718592964824,0.947147553336756,0.11943680662398724
175,0.8793969849246231,0.949179155135996,0.11415536618348955
176,0.8844221105527639,0.9512608284562858,0.10922333690199904
177,0.8894472361809045,0.9532841652299486,0.10466602213240496
178,0.8944723618090452,0.9551147269448846,0.10050153135718733
179,0.8994974874371859,0.9565933127156029,0.09674029688777784
180,0.9045226130653267,0.9575396096104659,0.09338484422211757
181,0.9095477386934674,0.9577586072322152,0.09042983966160399
182,0.914572864321608,0.9570499514845836,0.08786242466728755
183,0.9195979899497487,0.9552201276750661,0.08566283109420503
184,0.9246231155778895,0.9520970202058388,0.0838052560069793
185,0.9296482412060302,0.9475460267940974,0.08225896032641611
186,0.9346733668341709,0.9414865514702462,0.08098954298003336
187,0.9396984924623115,0.9339074113109082,0.07996033214943754
188,0.9447236180904522,0.9248795171229242,0.07913382793555679
189,0.949748743718593,0.914564172745275,0.07847312634076997
190,0.9547738693467337,0.9032155127375314,0.07794325277116987
191,0.9597989949748744,0.8911759748973059,0.07751233416656977
192,0.964824120603015,0.8788642670270295,0.0771525424385342
193,0.9698492462311558,0.8667559927110835,0.07684074860983857
194,0.9748743718592965,0.8553578778206355,0.07655883797161889
195,0.9798994974874372,0.8451772972524249,0.07629365352868599
196,0.9849246231155779,0.8366894405188812,0.07603656066154085
197,0.9899497487437187,0.8303048814613259,0.07578266386546995
198,0.9949748743718593,0.8263404588247298,0.07552976114480614
199,1.0,0.8249961924088686,0.07527719885202377
