,x,y
0,0.0,7.087726496224092e-10
1,0.010101010101010102,4.863645784939655e-09
2,0.020202020202020204,2.95120762579207e-08
3,0.030303030303030304,1.5848922274307585e-07
4,0.04040404040404041,7.541755585586871e-07
5,0.05050505050505051,3.1849552782439935e-06
6,0.06060606060606061,1.196208677823029e-05
7,0.07070707070707072,4.00673948725469e-05
8,0.08080808080808081,0.0001201229250945022
9,0.09090909090909091,0.00032382181473199976
10,0.10101010101010102,0.0007893817132346945
11,0.11111111111111112,0.0017517304732270434
12,0.12121212121212122,0.0035652824632607556
13,0.13131313131313133,0.006707950054423218
14,0.14141414141414144,0.011758241791612375
15,0.15151515151515152,0.019343505458998312
16,0.16161616161616163,0.030067627876779107
17,0.17171717171717174,0.044442379011249325
18,0.18181818181818182,0.06285838974070714
19,0.19191919191919193,0.0856176598588844
20,0.20202020202020204,0.11300157775330276
21,0.21212121212121213,0.14529870381664925
22,0.22222222222222224,0.18272052930039814
23,0.23232323232323235,0.22521481416042843
24,0.24242424242424243,0.27229723663224525
25,0.25252525252525254,0.3230676039631976
26,0.26262626262626265,0.3764897968881376
27,0.27272727272727276,0.43182120898791415
28,0.2828282828282829,0.4889020516793533
29,0.29292929292929293,0.5480212938242278
30,0.30303030303030304,0.6093444070130517
31,0.31313131313131315,0.6722717180630983
32,0.32323232323232326,0.7352459430152924
33,0.33333333333333337,0.7962191866449068
34,0.3434343434343435,0.8534567930346916
35,0.3535353535353536,0.9061200011750328
36,0.36363636363636365,0.9543474929171396
37,0.37373737373737376,0.9989910860495455
38,0.38383838383838387,1.0412822920849547
39,0.393939393939394,1.0825065767758917
40,0.4040404040404041,1.1236236100511723
41,0.4141414141414142,1.164902291141235
42,0.42424242424242425,1.2058129408029212
43,0.43434343434343436,1.2453265371504938
44,0.4444444444444445,1.282454517724051
45,0.4545454545454546,1.3166647736204626
46,0.4646464646464647,1.3479408187376558
47,0.4747474747474748,1.376552590668546
48,0.48484848484848486,1.4027756635651545
49,0.494949494949495,1.4267319491938415
50,0.5050505050505051,1.4483723702892752
51,0.5151515151515152,1.4675355476587837
52,0.5252525252525253,1.4840134926086737
53,0.5353535353535354,1.4975784884413437
54,0.5454545454545455,1.5079576629272555
55,0.5555555555555556,1.5148112399333218
56,0.5656565656565657,1.5178568629762244
57,0.5757575757575758,1.5172632447508314
58,0.5858585858585859,1.5142011733725251
59,0.595959595959596,1.5111073947644493
60,0.6060606060606061,1.5111614598402492
61,0.6161616161616162,1.5169601009369547
62,0.6262626262626263,1.5291027746735704
63,0.6363636363636365,1.5456551989247207
64,0.6464646464646465,1.5628823626814548
65,0.6565656565656566,1.576762806064635
66,0.6666666666666667,1.5844372374407656
67,0.6767676767676768,1.58506156768632
68,0.686868686868687,1.5799729983974222
69,0.696969696969697,1.5722255713670075
70,0.7070707070707072,1.5655768178125808
71,0.7171717171717172,1.5631876037048216
72,0.7272727272727273,1.566524772406685
73,0.7373737373737375,1.5749169922743467
74,0.7474747474747475,1.5858517871634903
75,0.7575757575757577,1.5957190856113403
76,0.7676767676767677,1.6006438186522423
77,0.7777777777777778,1.5973033918553559
78,0.787878787878788,1.5838160506941164
79,0.797979797979798,1.5605978835513452
80,0.8080808080808082,1.530717475149237
81,0.8181818181818182,1.4992553889685598
82,0.8282828282828284,1.4716917359728772
83,0.8383838383838385,1.4519959879793398
84,0.8484848484848485,1.4413430964753555
85,0.8585858585858587,1.4380574181011259
86,0.8686868686868687,1.438707925444419
87,0.8787878787878789,1.4396577548002047
88,0.888888888888889,1.4382209970823652
89,0.8989898989898991,1.4329942654009937
90,0.9090909090909092,1.4235017980209907
91,0.9191919191919192,1.409499361480604
92,0.9292929292929294,1.3900889056499746
93,0.9393939393939394,1.3626491522348045
94,0.9494949494949496,1.3218461648449151
95,0.9595959595959597,1.2595291758473741
96,0.9696969696969697,1.1665697024194992
97,0.9797979797979799,1.0369704357119673
98,0.98989898989899,0.8727575039165212
99,1.0,0.6865211543415999
