,x,y,pNG
0,0.0,1.130903847108446,0.12533111851005752
1,0.005025125628140704,1.1312666358382122,0.12515540962561222
2,0.010050251256281407,1.1323545946018374,0.1249781500566417
3,0.01507537688442211,1.1341660639147015,0.12479932818649064
4,0.020100502512562814,1.1366968469002028,0.12461893296737915
5,0.02512562814070352,1.1399381564617652,0.12443695397445895
6,0.03015075376884422,1.1438739344300681,0.12425338145851585
7,0.035175879396984924,1.1484777460213003,0.12406820639699535
8,0.04020100502512563,1.1537095191511564,0.12388142054303285
9,0.04522613065326633,1.15951246044547,0.12369301647220945
10,0.05025125628140704,1.1658105287494127,0.12350298762673405
11,0.05527638190954774,1.1725068711494933,0.12331132835682103
12,0.06030150753768844,1.1794836144155034,0.1231180339589969
13,0.06532663316582915,1.186603346856933,0.12292310071116595
14,0.07035175879396985,1.1937125167848046,0.12272652590422704
15,0.07537688442211056,1.2006468153875123,0.12252830787009028
16,0.08040201005025126,1.2072384128614337,0.12232844600604753
17,0.08542713567839195,1.2133246940128997,0.12212694079534304
18,0.09045226130653267,1.218757917138225,0.1219237938239991
19,0.09547738693467336,1.2234150263354007,0.12171900779393485
20,0.10050251256281408,1.227206712311697,0.12151258653245768
21,0.10552763819095477,1.2300847671147639,0.12130453499835248
22,0.11055276381909548,1.2320468335550734,0.1210948592848652
23,0.11557788944723618,1.2331378185261617,0.12088356661995835
24,0.12060301507537688,1.2334475147446449,0.12067066536440985
25,0.12562814070351758,1.2331043358832805,0.12045616500843292
26,0.1306532663316583,1.2322654794511705,0.1202400761677177
27,0.135678391959799,1.231104242878194,0.12002241057999675
28,0.1407035175879397,1.229795578539317,0.11980318110348898
29,0.1457286432160804,1.2285012322404119,0.1195824017189202
30,0.15075376884422112,1.227355925941665,0.11936008753706615
31,0.15577889447236182,1.2264559948301372,0.1191362548142778
32,0.16080402010050251,1.2258516685324756,0.1189109209787792
33,0.1658291457286432,1.225543817091107,0.11868410467114188
34,0.1708542713567839,1.2254855068816535,0.11845582580279435
35,0.17587939698492464,1.225588188788501,0.1182261056371522
36,0.18090452261306533,1.2257318374760964,0.1179949668986211
37,0.18592964824120603,1.2257779412342165,0.11776243391542572
38,0.19095477386934673,1.2255839594713784,0.11752853280320265
39,0.19597989949748745,1.2250177523931822,0.11729329169701475
40,0.20100502512562815,1.223970553022029,0.11705674104058085
41,0.20603015075376885,1.2223672785913406,0.11681891394243205
42,0.21105527638190955,1.220173328023143,0.11657984660985075
43,0.21608040201005024,1.2173974317302925,0.1163395788725864
44,0.22110552763819097,1.214090551071874,0.11609815480945407
45,0.22613065326633167,1.2103412131814828,0.1158556234922622
46,0.23115577889447236,1.206267970355346,0.1156120398625594
47,0.23618090452261306,1.2020098666713255,0.1153674657580489
48,0.24120603015075376,1.1977158717443845,0.1151219711066208
49,0.24623115577889448,1.1935342131637379,0.11487563530711398
50,0.25125628140703515,1.1896024281869533,0.11462854881696805
51,0.2562814070351759,1.186038790922386,0.11438081496789175
52,0.2613065326633166,1.1829355828788406,0.11413255203147656
53,0.2663316582914573,1.1803544869645788,0.11388389555729815
54,0.271356783919598,1.178324214651475,0.11363500100649936
55,0.2763819095477387,1.1768403316319658,0.11338604670395536
56,0.2814070351758794,1.1758671304258397,0.1131372371320074
57,0.2864321608040201,1.1753413060960234,0.11288880658817445
58,0.2914572864321608,1.175177118923978,0.11264102322838533
59,0.2964824120603015,1.1752726717371158,0.11239419351578904
60,0.30150753768844224,1.1755168878723257,0.11214866709333073
61,0.3065326633165829,1.1757967492357413,0.11190484209570706
62,0.31155778894472363,1.1760043451296667,0.11166317091314236
63,0.3165829145728643,1.1760432947085264,0.11142416641552877
64,0.32160804020100503,1.1758341418543987,0.11118840864076962
65,0.32663316582914576,1.175318382265744,0.11095655194568088
66,0.3316582914572864,1.1744608680204218,0.1107293326113018
67,0.33668341708542715,1.1732504420611296,0.11050757688713576
68,0.3417085427135678,1.1716987790975726,0.11029220945039253
69,0.34673366834170855,1.1698375434062014,0.11008426224684564
70,0.35175879396984927,1.167714109025372,0.10988488366936576
71,0.35678391959798994,1.165386213110432,0.10969534801851323
72,0.36180904522613067,1.1629160164767445,0.10951706517674598
73,0.36683417085427134,1.1603641137375693,0.10935159041393172
74,0.37185929648241206,1.1577840568768718,0.10920063422684534
75,0.3768844221105528,1.1552179213236746,0.10906607209932496
76,0.38190954773869346,1.1526933484291575,0.10894995405287576
77,0.3869346733668342,1.150222345678694,0.1088545138397854
78,0.3919597989949749,1.147801927553227,0.10878217761253528
79,0.3969849246231156,1.1454164559435727,0.10873557188463034
80,0.4020100502512563,1.143041316904725,0.10871753057917456
81,0.40703517587939697,1.1406473818733682,0.10873110094304883
82,0.4120603015075377,1.138205577315899,0.10877954808671796
83,0.4170854271356784,1.1356908523330065,0.10886635789297183
84,0.4221105527638191,1.1330849031662862,0.10899523802302813
85,0.4271356783919598,1.1303771859047644,0.10917011673571808
86,0.4321608040201005,1.1275640061141494,0.10939513922597832
87,0.4371859296482412,1.1246457828235217,0.1096746611831072
88,0.44221105527638194,1.1216228986521077,0.1100132392681622
89,0.4472361809045226,1.1184908170639731,0.11041561821425283
90,0.45226130653266333,1.115235324308876,0.11088671426440078
91,0.457286432160804,1.1118288019892524,0.11143159467965902
92,0.4623115577889447,1.1082283399873043,0.11205545307647324
93,0.46733668341708545,1.104376265710456,0.1127635803874426
94,0.4723618090452261,1.1002033249327838,0.11356133128421694
95,0.47738693467336685,1.0956343521212522,0.11445408595608042
96,0.4824120603015075,1.0905958758372505,0.11544720720254242
97,0.48743718592964824,1.085024780597924,0.11654599287345345
98,0.49246231155778897,1.0788769437133157,0.117755623774926
99,0.49748743718592964,1.0721347181397707,0.11908110725319955
100,0.5025125628140703,1.06481224910316,0.12052721677006205
101,0.507537688442211,1.056957875175036,0.12209842789098245
102,0.5125628140703518,1.0486532322359043,0.12379885121833545
103,0.5175879396984925,1.0400090940375708,0.12563216291441948
104,0.5226130653266332,1.0311583829032542,0.12760153356923798
105,0.5276381909547738,1.0222471107102504,0.12970955627252634
106,0.5326633165829145,1.0134242206315631,0.13195817484470873
107,0.5376884422110553,1.004831372206165,0.13434861326305114
108,0.542713567839196,0.9965936474962368,0.1368813073834806
109,0.5477386934673367,0.9888119768778798,0.13955584010144073
110,0.5527638190954774,0.9815578273102498,0.1423708811131864
111,0.5577889447236181,0.9748704090166532,0.1453241324295086
112,0.5628140703517588,0.9687563824508986,0.14841228075456006
113,0.5678391959798995,0.963191821602511,0.15163095777250968
114,0.5728643216080402,0.9581260338322142,0.1549747092838224
115,0.577889447236181,0.9534867567414971,0.15843697400270595
116,0.5829145728643216,0.9491862411357308,0.16201007266985767
117,0.5879396984924623,0.9451277677775942,0.16568520795418973
118,0.592964824120603,0.9412122113629078,0.1694524754185429
119,0.5979899497487438,0.937344335831524,0.17330088561364154
120,0.6030150753768845,0.9334385641379503,0.17721839714846155
121,0.6080402010050251,0.9294240047923586,0.1811919603710369
122,0.6130653266331658,0.9252485378239058,0.18520757108933072
123,0.6180904522613065,0.9208817729770956,0.1892503335740391
124,0.6231155778894473,0.9163167061392903,0.19330453192140215
125,0.628140703517588,0.9115699299771219,0.19735370872003188
126,0.6331658291457286,0.9066803118861726,0.20138074986659396
127,0.6381909547738693,0.90170614049889,0.20536797431433074
128,0.6432160804020101,0.8967208569736829,0.2092972275184716
129,0.6482412060301508,0.8918076171314046,0.21314997736388666
130,0.6532663316582915,0.8870530574419476,0.21690741142250247
131,0.6582914572864321,0.882540741622095,0.22055053448866524
132,0.6633165829145728,0.8783448263387925,0.22406026547646585
133,0.6683417085427136,0.8745244905455049,0.22741753292995426
134,0.6733668341708543,0.8711196176183311,0.2306033685893444
135,0.678391959798995,0.8681481063103188,0.233598998668879
136,0.6834170854271356,0.86560502810887,0.23638593272802666
137,0.6884422110552764,0.8634636642481741,0.23894605025154825
138,0.6934673366834171,0.861678268486312,0.2412616852891576
139,0.6984924623115578,0.8601882349071213,0.2433157097357681
140,0.7035175879396985,0.8589232230688182,0.24509161605291385
141,0.7085427135678392,0.857808719249822,0.2465736004344138
142,0.7135678391959799,0.8567714981590375,0.24774664759887066
143,0.7185929648241206,0.8557444923264342,0.2485966185414891
144,0.7236180904522613,0.8546706677645205,0.24911034269116986
145,0.7286432160804021,0.8535056307854669,0.2492757159882157
146,0.7336683417085427,0.8522188358009749,0.2490818064137271
147,0.7386934673366834,0.8507934107930029,0.24851896845498844
148,0.7437185929648241,0.8492247506149403,0.2475789678683956
149,0.7487437185929648,0.8475181358660462,0.24625511789090335
150,0.7537688442211056,0.8456857079665039,0.2445424277363064
151,0.7587939698492463,0.8437431645564712,0.24243776377850726
152,0.7638190954773869,0.8417065329600828,0.2399400232529377
153,0.7688442211055276,0.8395893367004861,0.2370503195834825
154,0.7738693467336684,0.8374003979678843,0.2337721775514936
155,0.7788944723618091,0.835142427369683,0.2301117354564768
156,0.7839195979899498,0.8328114528391479,0.22607795017285534
157,0.7889447236180904,0.830397044313355,0.22168279959380788
158,0.7939698492462312,0.8278832107474509,0.21694147539682795
159,0.7989949748743719,0.8252497897299944,0.2118725574130479
160,0.8040201005025126,0.8224741221751309,0.2064981592052149
161,0.8090452261306533,0.8195328056060743,0.2008440328596801
162,0.8140703517587939,0.8164033452776945,0.194939619610122
163,0.8190954773869347,0.8130655650425345,0.1888180319019902
164,0.8241206030150754,0.8095026895467671,0.1825159520720826
165,0.8291457286432161,0.8057020559857432,0.17607343317081306
166,0.8341708542713568,0.8016554490355379,0.1695335888117271
167,0.8391959798994975,0.7973590719944353,0.16294216148824936
168,0.8442211055276382,0.7928131703460599,0.15634696269461812
169,0.8492462311557789,0.7880213150659763,0.1497971834834172
170,0.8542713567839196,0.7829893397148923,0.1433425807208546
171,0.8592964824120604,0.7777239171758856,0.13703255204532394
172,0.864321608040201,0.772230767974525,0.13091512100491332
173,0.8693467336683417,0.7665125192177842,0.12503586248435938
174,0.8743718592964824,0.7605662839075698,0.11943680662398724
175,0.8793969849246231,0.754381102174402,0.11415536618348955
176,0.8844221105527639,0.747935470959007,0.10922333690199904
177,0.8894472361809045,0.7411952743458761,0.10466602213240496
178,0.8944723618090452,0.7341124974403657,0.10050153135718733
179,0.8994974874371859,0.7266251455052053,0.09674029688777784
180,0.9045226130653267,0.7186587812715087,0.09338484422211757
181,0.9095477386934674,0.7101300246839459,0.09042983966160399
182,0.914572864321608,0.7009522244494862,0.08786242466728755
183,0.9195979899497487,0.6910433111309847,0.08566283109420503
184,0.9246231155778895,0.680335588025378,0.0838052560069793
185,0.9296482412060302,0.6687869295907093,0.08225896032641611
186,0.9346733668341709,0.6563925681686708,0.08098954298003336
187,0.9396984924623115,0.6431963961473502,0.07996033214943754
188,0.9447236180904522,0.6293005342790935,0.07913382793555679
189,0.949748743718593,0.6148718577669243,0.07847312634076997
190,0.9547738693467337,0.6001442618742289,0.07794325277116987
191,0.9597989949748744,0.5854157048805836,0.07751233416656977
192,0.964824120603015,0.5710394836002574,0.0771525424385342
193,0.9698492462311558,0.5574097458717265,0.07684074860983857
194,0.9748743718592965,0.5449418710852606,0.07655883797161889
195,0.9798994974874372,0.5340489795169735,0.07629365352868599
196,0.9849246231155779,0.5251163787294068,0.07603656066154085
197,0.9899497487437187,0.5184761372406137,0.07578266386546995
198,0.9949748743718593,0.514384124787781,0.07552976114480614
199,1.0,0.5130017365118882,0.07527719885202377
