,x,y,pNG
0,0.0,4.7464688640814204e-254,
1,0.6030150753768844,1.508752003027568e-243,
2,1.2060301507537687,2.8469485130033408e-233,
3,1.809045226130653,3.189015456715514e-223,
4,2.4120603015075375,2.120556175556609e-213,
5,3.015075376884422,8.370669030411255e-204,
6,3.618090452261306,1.9615036246632464e-194,
7,4.221105527638191,2.7285896794245315e-185,
8,4.824120603015075,2.253250606619156e-176,
9,5.427135678391959,1.1046007147162901e-167,0.0
10,6.030150753768844,3.2146126278758876e-159,0.0
11,6.633165829145728,5.553708384251066e-151,0.0
12,7.236180904522612,5.6960394351642175e-143,0.0
13,7.839195979899497,3.46819696634253e-135,0.0
14,8.442211055276381,1.25366620155956e-127,0.0
15,9.045226130653266,2.6903914148099882e-120,0.0
16,9.64824120603015,3.4277896131666165e-113,0.0
17,10.251256281407034,2.5929245856966704e-106,0.002585978907965081
18,10.854271356783919,1.1645473759570139e-99,0.013500177316229768
19,11.457286432160803,3.105515307435566e-93,0.0339219475192768
20,12.060301507537687,4.917461580061824e-87,0.08226461533642426
21,12.663316582914572,4.623866630051156e-81,0.18418044839459854
22,13.266331658291456,2.582013746967867e-75,0.3192006451881578
23,13.86934673366834,8.563267057230298e-70,0.3684109576405018
24,14.472361809045225,1.686922507732216e-64,0.3605660589044857
25,15.07537688442211,1.9741603804104974e-59,0.3520987329421602
26,15.678391959798994,1.3726829127619227e-54,0.3438358482797802
27,16.281407035175878,5.67206975585392e-50,0.3358285822525192
28,16.884422110552762,1.3931451782880762e-45,0.3281231460832621
29,17.487437185929647,2.0344857146024078e-41,0.3208209068187877
30,18.09045226130653,1.767095759264726e-37,0.3143186594439993
31,18.693467336683415,9.132392622661682e-34,0.30892682649333697
32,19.2964824120603,2.8095299063005058e-30,0.3050302149174896
33,19.899497487437184,5.148181344569419e-27,0.3015362444012054
34,20.50251256281407,5.622675850338104e-24,0.2969878490934831
35,21.105527638190953,3.6632553869760866e-21,0.2896708418122551
36,21.708542713567837,1.425240739389978e-18,0.2783271426515802
37,22.31155778894472,3.3159981893363675e-16,0.2635294068171098
38,22.914572864321606,4.6226570168513767e-14,0.24702024562481886
39,23.51758793969849,3.872345182694556e-12,0.22992760889191746
40,24.120603015075375,1.958073729995104e-10,0.2132596679617066
41,24.72361809045226,6.021035176666827e-09,0.19729327143164388
42,25.326633165829143,1.1397598567651207e-07,0.1819333553905496
43,25.929648241206028,1.3545710086344501e-06,0.1670245988181004
44,26.532663316582912,1.040798041898384e-05,0.15267749466664882
45,27.135678391959797,5.3719098678883524e-05,0.13884866635146975
46,27.73869346733668,0.00019445428797120167,0.12579082469666036
47,28.341708542713565,0.0005185750256303572,0.1136895223277362
48,28.94472361809045,0.00109709907223842,0.10268306038132002
49,29.547738693467334,0.0020540270102654776,0.09284806176755178
50,30.15075376884422,0.003703083411407107,0.0843358969516429
51,30.753768844221103,0.006453959968443266,0.07712171866661753
52,31.356783919597987,0.010684985424315509,0.07134755190352893
53,31.95979899497487,0.016695012937180717,0.06718080061879195
54,32.562814070351756,0.02425449438629614,0.06466491059792245
55,33.16582914572864,0.032407893290651635,0.06384844133919376
56,33.768844221105525,0.04036891848872576,0.06480094726227825
57,34.37185929648241,0.04833016505973275,0.06751261973709377
58,34.97487437185929,0.05664175058572616,0.07202041613581311
59,35.577889447236174,0.06462719162616108,0.07852724613247153
60,36.18090452261306,0.07087666183349647,0.0873614688297466
61,36.78391959798995,0.07458313176203465,0.09825118343759842
62,37.38693467336683,0.07643220318493471,0.111998208856793
63,37.98994974874371,0.07757186985312443,0.1285521381644471
64,38.5929648241206,0.07813131246544922,0.14870244801206545
65,39.19597989949749,0.07754518746981641,0.17234963992201147
66,39.79899497487437,0.07550258088656575,0.20072277591210508
67,40.40201005025125,0.07225686510819311,0.2326339262303724
68,41.00502512562814,0.06843662234897209,0.2676376011139616
69,41.608040201005025,0.06456706692298027,0.3047715148036787
70,42.211055276381906,0.06074708422899015,0.3435786099219493
71,42.81407035175879,0.05683087654875038,0.3853344221166149
72,43.417085427135675,0.05273193001868259,0.4268248674511882
73,44.02010050251256,0.048232332137147914,0.4698677793086414
74,44.62311557788944,0.04312059673399235,0.5154895314171577
75,45.226130653266324,0.03788842525294317,0.5575343020990238
76,45.82914572864321,0.03337720341289206,0.5990551468049039
77,46.4321608040201,0.02988544672491988,0.6373216969278366
78,47.03517587939698,0.027259325450041918,0.6751374039059331
79,47.63819095477386,0.025164763964117126,0.7121530786733851
80,48.24120603015075,0.02311172451604386,0.7459151192511393
81,48.84422110552764,0.02093841761133322,0.7774558144066097
82,49.44723618090452,0.01879270246591404,0.806520935173375
83,50.0502512562814,0.016665571563179014,0.8326942302538363
84,50.65326633165829,0.01459956943533492,0.8576555893841482
85,51.256281407035175,0.012807423103911895,0.8796588219362034
86,51.859296482412056,0.01133356262975893,0.8988453301127746
87,52.46231155778894,0.009955616109196572,0.9154264301414432
88,53.065326633165824,0.008574663489859516,0.9285890504258892
89,53.66834170854271,0.007430637922972098,0.9407791462948659
90,54.27135678391959,0.006694698672379379,0.9511279838786804
91,54.874371859296474,0.006201081600520508,0.960536157003672
92,55.47738693467336,0.005636280481408219,0.966558707380048
93,56.08040201005025,0.004807337516477868,0.9728791287385014
94,56.68341708542713,0.0039018438838676834,0.977472188126228
95,57.28643216080401,0.0032761251648477665,0.9818743700105974
96,57.8894472361809,0.0029582002685413296,0.9849552157848732
97,58.49246231155779,0.0027323622161685135,0.9876708106632632
98,59.09547738693467,0.002455513161475504,0.9896342780618672
99,59.69849246231155,0.0021167811754824115,0.991462220054917
100,60.30150753768844,0.0017886907428752,0.9929802293963674
101,60.904522613065325,0.0015490732965643419,0.9940370486403466
102,61.507537688442206,0.0013783997085899222,0.9947934741266024
103,62.110552763819086,0.001178690980256946,0.9955967443114208
104,62.713567839195974,0.000942314123496091,0.9963721774570484
105,63.31658291457286,0.0007570549334854252,0.9969213245255326
106,63.91959798994974,0.000648885705586873,0.9973122737599529
107,64.52261306532662,0.000582444174247177,0.9976626783842416
108,65.12562814070351,0.0005697086209220266,0.9980050667826634
109,65.7286432160804,0.0006192356239686879,0.9983363374735588
110,66.33165829145727,0.0006472495606865639,0.9985897121555004
111,66.93467336683416,0.0005932056143813484,0.9988126300677572
112,67.53768844221105,0.0005021678676826892,0.9989245979026278
113,68.14070351758794,0.00041593281561445243,0.9991566724801842
114,68.74371859296483,0.00033014111582257164,0.999277713695395
115,69.3467336683417,0.0002572237219113797,0.9993867034894122
116,69.94974874371859,0.00020267060747040667,0.9994516302587084
117,70.55276381909547,0.00015241998855528783,0.9995181835825536
118,71.15577889447235,0.00012166717412334449,0.999542518911558
119,71.75879396984924,0.0001241835241024137,0.9996022874241656
120,72.36180904522612,0.0001316356117436429,0.9996066758244726
121,72.96482412060301,0.00012250988145077508,0.9996336787104304
122,73.5678391959799,0.00011163045747105235,0.9996447217671668
123,74.17085427135677,9.877923836187932e-05,0.9996498167775171
124,74.77386934673366,7.368756455372724e-05,0.9996538596004352
125,75.37688442211055,5.1873107965966926e-05,0.9996845597269745
126,75.97989949748742,4.3191579378971036e-05,0.9996929732001444
127,76.58291457286431,4.016894603822971e-05,0.9996954881189823
128,77.1859296482412,3.460612263859684e-05,0.9997556550970618
129,77.78894472361809,2.254242019282515e-05,0.9999130981292907
130,78.39195979899498,9.600122573139279e-06,0.9999180487738458
131,78.99497487437185,2.5058969384198506e-06,0.9999219837765814
132,79.59798994974874,3.9213959751176347e-07,0.9999402271325668
133,80.20100502512562,3.65355001346039e-08,0.99994741776928
134,80.8040201005025,2.022478254565588e-09,0.9999512070627551
135,81.40703517587939,6.64779853107451e-11,0.9999619245442796
136,82.01005025125627,1.297229825895676e-12,0.9999658301204141
137,82.61306532663316,1.5027172969642093e-14,0.9999694853981256
138,83.21608040201005,1.0333604997895623e-16,0.9999726886782132
139,83.81909547738692,4.218310442273508e-19,0.9999756790217249
140,84.42211055276381,1.022201950789902e-21,0.9999782778252146
141,85.0251256281407,1.470436157664678e-24,0.9999828363536494
142,85.62814070351757,1.2556450437439296e-27,0.9999850611555962
143,86.23115577889446,6.3650061734603945e-31,0.999987106445656
144,86.83417085427135,1.9153228765849195e-34,0.9999888573670892
145,87.43718592964824,3.4213411854143416e-38,0.9999904221105668
146,88.04020100502512,3.627955882233099e-42,0.9999918489461
147,88.643216080402,2.283698839587674e-46,0.9999930459869476
148,89.24623115577889,8.533493999380817e-51,0.9999940767140856
149,89.84924623115577,1.892893438609178e-55,0.9999949986651075
150,90.45226130653265,2.4925086053653836e-60,0.9999958278429184
151,91.05527638190954,1.948311478168931e-65,0.9999965102603317
152,91.65829145728642,9.040476758019861e-71,0.9999971092090366
153,92.26130653266331,2.490207295146879e-76,0.9999976109291896
154,92.8643216080402,4.0718417431428686e-82,0.9999980506482068
155,93.46733668341707,3.952369158374764e-88,0.9999984070194944
156,94.07035175879396,2.2773791238097108e-94,0.9999986966522272
157,94.67336683417085,7.789765624635822e-101,0.9999989401579188
158,95.27638190954772,1.5817020186357053e-107,0.9999991376472176
159,95.87939698492461,1.9064971876058872e-114,0.9999993038652076
160,96.4824120603015,1.3641398350186271e-121,0.99999944299943
161,97.08542713567839,5.794191378648279e-129,0.9999995570450008
162,97.68844221105527,1.4609589124959432e-136,0.9999996476800244
163,98.29145728643215,2.1867261117173151e-144,0.9999997214058484
164,98.89447236180904,1.942951687589772e-152,0.9999997797164736
165,99.49748743718592,1.0248040542622769e-160,0.9999998269564752
166,100.1005025125628,3.2087131203658564e-169,0.9999998641329392
167,100.70351758793969,5.963924920537332e-178,0.9999998936517678
168,101.30653266331657,6.580284443161311e-187,0.9999999170475808
169,101.90954773869346,4.309911861245317e-196,0.9999999355245344
170,102.51256281407035,1.675727252665782e-205,0.9999999502145228
171,103.11557788944722,3.867670774664301e-215,0.9999999615823068
172,103.71859296482411,5.2991582243939e-225,0.9999999705524596
173,104.321608040201,4.309982407467021e-235,0.999999977408596
174,104.92462311557787,2.080919740060464e-245,0.9999999828515836
175,105.52763819095476,5.964120161566859e-256,0.9999999869956138
176,106.13065326633165,1.0147257041606352e-266,0.9999999903002158
177,106.73366834170854,1.0248543781939822e-277,0.9999999926281664
178,107.33668341708542,6.144504717776006e-289,0.9999999944901076
179,107.9396984924623,2.1868692877803983e-300,0.9999999958829449
180,108.54271356783919,4.620298036406e-312,0.999999996908535
181,109.14572864321607,5e-324,0.9999999976648252
182,109.74874371859295,0.0,0.9999999982937936
183,110.35175879396984,0.0,0.999999998745475
184,110.95477386934672,0.0,0.9999999991010828
185,111.55778894472361,0.0,0.9999999993469078
186,112.1608040201005,0.0,0.9999999995178009
187,112.76381909547737,0.0,0.9999999996524364
188,113.36683417085426,0.0,0.9999999997522412
189,113.96984924623115,0.0,0.9999999998203628
190,114.57286432160802,0.0,0.9999999998694008
191,115.17587939698491,0.0,0.9999999999072636
192,115.7788944723618,0.0,0.9999999999335344
193,116.38190954773869,0.0,0.9999999999531044
194,116.98492462311557,0.0,0.9999999999664094
195,117.58793969849245,0.0,0.99999999997658
196,118.19095477386934,0.0,0.9999999999837672
197,118.79396984924622,0.0,0.999999999988682
198,119.3969849246231,0.0,0.99999999999207
199,120.0,0.0,0.9999999999944272
