,x,y,pNG
0,0.0,6.502410491567347e-66,
1,0.6030150753768844,5.81149090689954e-63,
2,1.2060301507537687,4.381032364477846e-60,
3,1.809045226130653,2.785746111425495e-57,
4,2.4120603015075375,1.4941126865633843e-54,
5,3.015075376884422,6.759314516792738e-52,
6,3.618090452261306,2.5792911515163365e-49,
7,4.221105527638191,8.301903388840088e-47,
8,4.824120603015075,2.2539074397215757e-44,
9,5.427135678391959,5.1615184220788985e-42,0.11653302654971055
10,6.030150753768844,9.970210139670254e-40,0.1139059902165791
11,6.633165829145728,1.6244997356528286e-37,0.11634409005397894
12,7.236180904522612,2.232684662653429e-35,0.11664202782583745
13,7.839195979899497,2.5884066455824142e-33,0.11653805602992072
14,8.442211055276381,2.5312864598251306e-31,0.1165112671273707
15,9.045226130653266,2.0881502951849037e-29,0.11660866302727856
16,9.64824120603015,1.4531285119035721e-27,0.11689966618176305
17,10.251256281407034,8.530627388131334e-26,0.11735887784089695
18,10.854271356783919,4.224826793880888e-24,0.11803577021216773
19,11.457286432160803,1.765259240158915e-22,0.1190641735965784
20,12.060301507537687,6.223087094950515e-21,0.12210810431598673
21,12.663316582914572,1.8511181332823047e-19,0.1301970261914387
22,13.266331658291456,4.646597149637338e-18,0.1446683651140631
23,13.86934673366834,9.843763860865933e-17,0.15132613545856433
24,14.472361809045225,1.7602682925897047e-15,0.15015362122850173
25,15.07537688442211,2.657487110286714e-14,0.14895461253090836
26,15.678391959798994,3.387989210547021e-13,0.14782323316355395
27,16.281407035175878,3.648554582249752e-12,0.14676286051042264
28,16.884422110552762,3.320228635766123e-11,0.14575159061838894
29,17.487437185929647,2.5543523429582773e-10,0.14482850316885398
30,18.09045226130653,1.6622651811902154e-09,0.14403540895459288
31,18.693467336683415,9.156260698399412e-09,0.14339566912656546
32,19.2964824120603,4.2725146349625595e-08,0.14291140999483287
33,19.899497487437184,1.690481092946394e-07,0.14248869536912
34,20.50251256281407,5.677860295259232e-07,0.1419239540512892
35,21.105527638190953,1.6209823935059427e-06,0.1409689444474581
36,21.708542713567837,3.939822957036777e-06,0.1395810813377517
37,22.31155778894472,8.168677830837199e-06,0.13782139126124515
38,22.914572864321606,1.4489123792093297e-05,0.13595276193401107
39,23.51758793969849,2.208961788835367e-05,0.13408206991801153
40,24.120603015075375,2.920335480874851e-05,0.13232970105908592
41,24.72361809045226,3.408425003998609e-05,0.13069546936945986
42,25.326633165829143,3.6396008592426495e-05,0.12917477133156352
43,25.929648241206028,3.7829661866666705e-05,0.12776600473104138
44,26.532663316582912,4.131500510355694e-05,0.1264457028052558
45,27.135678391959797,4.9555270355945295e-05,0.12523201499550873
46,27.73869346733668,6.429935152263464e-05,0.12412106148749558
47,28.341708542713565,8.702040490117437e-05,0.1231082498485806
48,28.94472361809045,0.00012022065757902493,0.12219835746425213
49,29.547738693467334,0.00016764425065449778,0.1213803328601688
50,30.15075376884422,0.00023222337164710205,0.12065030457755188
51,30.753768844221103,0.00031284762378676936,0.120001298781247
52,31.356783919597987,0.00040319416678995365,0.1193973001456512
53,31.95979899497487,0.0004946851769891057,0.11884262000365907
54,32.562814070351756,0.0005812875971234576,0.11837679373885167
55,33.16582914572864,0.0006615491804737192,0.11800425783868262
56,33.768844221105525,0.0007365246270874704,0.1177766938818432
57,34.37185929648241,0.0008071515712660143,0.11770380834221195
58,34.97487437185929,0.0008750534192007921,0.11776498305479488
59,35.577889447236174,0.000946503900109597,0.1179350671658138
60,36.18090452261306,0.001035076286708096,0.11824806712159565
61,36.78391959798995,0.0011581839345330468,0.11872652691451313
62,37.38693467336683,0.0013274772816044005,0.11935606979152726
63,37.98994974874371,0.0015402462647734158,0.1200674739557327
64,38.5929648241206,0.0017811499632494187,0.12096549204397368
65,39.19597989949749,0.00203536293764867,0.12220802727346193
66,39.79899497487437,0.0023021079531708026,0.1240590185298801
67,40.40201005025125,0.0025958050364454483,0.1262254958239426
68,41.00502512562814,0.0029348172705373154,0.12901524723755994
69,41.608040201005025,0.0033310737954300937,0.13264936020557294
70,42.211055276381906,0.0037916200775189647,0.1368049832714725
71,42.81407035175879,0.004327545596711538,0.14200882257376535
72,43.417085427135675,0.004955045436656261,0.1477575375469442
73,44.02010050251256,0.005681016654460227,0.15523376132987265
74,44.62311557788944,0.006485357601914851,0.1645218863811868
75,45.226130653266324,0.007322234134297704,0.17474817961851294
76,45.82914572864321,0.008146879051314436,0.1867635327295468
77,46.4321608040201,0.008945957245466754,0.1999817360926971
78,47.03517587939698,0.009742291352151902,0.2153986504495634
79,47.63819095477386,0.010570448900800953,0.23367307340069865
80,48.24120603015075,0.011447759834823034,0.2541750433132569
81,48.84422110552764,0.012364137042276067,0.2778982929045555
82,49.44723618090452,0.013292310340902287,0.3044493194435779
83,50.0502512562814,0.014206609259641787,0.3335826524408855
84,50.65326633165829,0.015100091790592882,0.3682576620640795
85,51.256281407035175,0.015992486304627466,0.4061328771296283
86,51.859296482412056,0.016921188060717407,0.4467824732410379
87,52.46231155778894,0.017916426315289037,0.4897081837207603
88,53.065326633165824,0.018979335963332195,0.5305371432248995
89,53.66834170854271,0.0200841747726446,0.5754349331426734
90,54.27135678391959,0.021201567995277382,0.6204526477653556
91,54.874371859296474,0.022316828638720063,0.6686703607778071
92,55.47738693467336,0.023428182439453677,0.7036392948040286
93,56.08040201005025,0.024539278454430956,0.7448665731370919
94,56.68341708542713,0.02566563736668391,0.7781473786908085
95,57.28643216080401,0.026847830264439175,0.8130644305257209
96,57.8894472361809,0.0281455707932433,0.8394760254266921
97,58.49246231155779,0.029606589355210926,0.8643239528197739
98,59.09547738693467,0.031235899410134417,0.8832650004028977
99,59.69849246231155,0.03299039636860687,0.901692013622792
100,60.30150753768844,0.03479486429847308,0.9176388357498321
101,60.904522613065325,0.03656079450548397,0.9290723256490891
102,61.507537688442206,0.03820123883001913,0.9374390500705744
103,62.110552763819086,0.039644114746968245,0.9465089835711851
104,62.713567839195974,0.040838610060926456,0.9554485368220884
105,63.31658291457286,0.04174713335918918,0.9618827185926692
106,63.91959798994974,0.04233332804751841,0.966514729382104
107,64.52261306532662,0.042569902476189816,0.9707151181327884
108,65.12562814070351,0.04246900763162912,0.9748652102807962
109,65.7286432160804,0.04210111912293254,0.9789235204326869
110,66.33165829145727,0.041568682466039765,0.982054183861134
111,66.93467336683416,0.040950199333919295,0.984830709212502
112,67.53768844221105,0.04026863704398223,0.9862290788069796
113,68.14070351758794,0.03950975766330375,0.9891591343540518
114,68.74371859296483,0.03865684770244492,0.9906928825279911
115,69.3467336683417,0.03769855868419353,0.9920806214584008
116,69.94974874371859,0.036612455415922424,0.9929066720582732
117,70.55276381909547,0.03535877173219993,0.9937565377466252
118,71.15577889447235,0.0339009753539009,0.994064112388512
119,71.75879396984924,0.03223676269415623,0.9948312099186508
120,72.36180904522612,0.030411880182168505,0.9948815620706044
121,72.96482412060301,0.02850212706422284,0.9952259865019109
122,73.5678391959799,0.02657555739378188,0.9953641998322228
123,74.17085427135677,0.024667529656510073,0.9954250962976796
124,74.77386934673366,0.022789847752161425,0.9954702104737104
125,75.37688442211055,0.02095853129275187,0.995861849844048
126,75.97989949748742,0.01920708774646706,0.9959614409229064
127,76.58291457286431,0.017573663476206224,0.99598179825826
128,77.1859296482412,0.016079035521789964,0.9967654601733772
129,77.78894472361809,0.014716117611580069,0.998842976625888
130,78.39195979899498,0.013457391041942704,0.998905327525275
131,78.99497487437185,0.012274054413856738,0.9989565960841604
132,79.59798994974874,0.01115480381952227,0.9991971866593058
133,80.20100502512562,0.01011209135859772,0.999291987895118
134,80.8040201005025,0.009171266122539525,0.999339479852954
135,81.40703517587939,0.00834985170226763,0.999481474008721
136,82.01005025125627,0.007640891996145308,0.9995335445737406
137,82.61306532663316,0.0070113485814209744,0.9995829355450242
138,83.21608040201005,0.006417237419257247,0.9996254665950024
139,83.81909547738692,0.005826169710117916,0.9996647950718676
140,84.42211055276381,0.005231780443907397,0.9996997568831856
141,85.0251256281407,0.004650805986160465,0.9997619143721346
142,85.62814070351757,0.0041083100505701665,0.9997920046015406
143,86.23115577889446,0.0036238725224499806,0.9998196170480734
144,86.83417085427135,0.003205428859057884,0.9998432094851379
145,87.43718592964824,0.002849347389883221,0.9998649488455764
146,88.04020100502512,0.0025440543832011744,0.99988487280719
147,88.643216080402,0.0022755050506738667,0.9999016504316612
148,89.24623115577889,0.002032011822057643,0.9999160324162528
149,89.84924623115577,0.0018067088525828216,0.999928776063581
150,90.45226130653265,0.0015983132554777293,0.9999405402815259
151,91.05527638190954,0.0014102553123895684,0.9999501720104448
152,91.65829145728642,0.001246540839284969,0.9999586857968814
153,92.26130653266331,0.0011058378508506175,0.9999657957505882
154,92.8643216080402,0.0009799448934650458,0.9999720860985318
155,93.46733668341707,0.0008598279173142682,0.999977166883011
156,94.07035175879396,0.000743457945579291,0.999981248735331
157,94.67336683417085,0.0006369254201675782,0.9999846875693342
158,95.27638190954772,0.0005480873510916841,0.9999875296772271
159,95.87939698492461,0.0004801498253518437,0.9999899200490552
160,96.4824120603015,0.0004312084006251142,0.9999919234620246
161,97.08542713567839,0.0003981242014315832,0.99999357983206
162,97.68844221105527,0.0003792594337818757,0.9999948902426136
163,98.29145728643215,0.00037372047233337317,0.9999959576842092
164,98.89447236180904,0.00037919172914707304,0.9999968004441632
165,99.49748743718592,0.0003909927598408939,0.9999974791477106
166,100.1005025125628,0.0004028868025675565,0.9999980168311898
167,100.70351758793969,0.00040889918267762856,0.9999984479545454
168,101.30653266331657,0.00040524505471205264,0.9999987895634164
169,101.90954773869346,0.0003912306588619255,0.9999990586066524
170,102.51256281407035,0.00036842491355495104,0.9999992735872136
171,103.11557788944722,0.00033896900395446935,0.9999994400292536
172,103.71859296482411,0.0003046104056398962,0.9999995700050068
173,104.321608040201,0.00026688460104669104,0.9999996702582516
174,104.92462311557787,0.00022775496988166295,0.9999997498123028
175,105.52763819095476,0.00019009978738446893,0.9999998102638902
176,106.13065326633165,0.00015748088739744897,0.9999998584168952
177,106.73366834170854,0.00013258374225304768,0.9999998922561202
178,107.33668341708542,0.00011504202821031123,0.999999919257452
179,107.9396984924623,0.00010099472088071661,0.9999999393484252
180,108.54271356783919,8.566175894156947e-05,0.9999999542826608
181,109.14572864321607,6.692241547337697e-05,0.9999999655086846
182,109.74874371859295,4.655348838582064e-05,0.9999999748618508
183,110.35175879396984,2.826964902096648e-05,0.9999999814059162
184,110.95477386934672,1.4825293554493538e-05,0.9999999866680408
185,111.55778894472361,6.675156624872316e-06,0.9999999903636898
186,112.1608040201005,2.571760528336668e-06,0.9999999928938484
187,112.76381909547737,8.460114499778366e-07,0.999999994897914
188,113.36683417085426,2.3726266636101394e-07,0.9999999963778848
189,113.96984924623115,5.665787948882403e-08,0.9999999973937774
190,114.57286432160802,1.1508532641190857e-08,0.9999999980910654
191,115.17587939698491,1.9866094875063834e-09,0.9999999986462084
192,115.7788944723618,2.9119393717556675e-10,0.9999999990213077
193,116.38190954773869,3.621658450916487e-11,0.9999999993076756
194,116.98492462311557,3.819409382341827e-12,0.9999999995054424
195,117.58793969849245,3.413379103040756e-13,0.9999999996567859
196,118.19095477386934,2.5836544454675672e-14,0.9999999997622596
197,118.79396984924622,1.6555112961695621e-15,0.9999999998341778
198,119.3969849246231,8.976074701045002e-17,0.9999999998847088
199,120.0,4.1164890189004806e-18,0.9999999999190756
