,x,y,pNG
0,0.0,3.2695030475827177e-189,
1,0.6030150753768844,1.965218453356531e-180,
2,1.2060301507537687,7.210378122471291e-172,
3,1.809045226130653,1.6148421625629802e-163,
4,2.4120603015075375,2.207669770417168e-155,
5,3.015075376884422,1.842373957559648e-147,
6,3.618090452261306,9.385757140781216e-140,
7,4.221105527638191,2.9188885927940064e-132,
8,4.824120603015075,5.541558721587532e-125,
9,5.427135678391959,6.422777946644031e-118,0.0
10,6.030150753768844,4.544662877576533e-111,0.0
11,6.633165829145728,1.9632723012615446e-104,0.0
12,7.236180904522612,5.17813096000424e-98,0.0
13,7.839195979899497,8.338618132650571e-92,0.0
14,8.442211055276381,8.198989076068458e-86,0.0
15,9.045226130653266,4.9225513015574386e-80,0.0
16,9.64824120603015,1.804699028591515e-74,0.0
17,10.251256281407034,4.0404295402733486e-69,0.002585978907965081
18,10.854271356783919,5.5244042809818564e-64,0.013500177316229768
19,11.457286432160803,4.613276494087139e-59,0.0339219475192768
20,12.060301507537687,2.35307343306252e-54,0.08226461533642426
21,12.663316582914572,7.331710707302124e-50,0.18418044839459854
22,13.266331658291456,1.395623875067602e-45,0.3192006451881578
23,13.86934673366834,1.6232429603200283e-41,0.3684109576405018
24,14.472361809045225,1.1537763107713148e-37,0.3605660589044857
25,15.07537688442211,5.012669888938506e-34,0.3520987329421602
26,15.678391959798994,1.3314744131230455e-30,0.3438358482797802
27,16.281407035175878,2.162951292671837e-27,0.3358285822525192
28,16.884422110552762,2.149717951303751e-24,0.3281231460832621
29,17.487437185929647,1.3078505729032658e-21,0.3208209068187877
30,18.09045226130653,4.873808054023717e-19,0.3143186594439993
31,18.693467336683415,1.1135385390943391e-16,0.30892682649333697
32,19.2964824120603,1.5617437866148115e-14,0.3050302149174896
33,19.899497487437184,1.346936061031695e-12,0.3015362444012054
34,20.50251256281407,7.161952742552127e-11,0.2969878490934831
35,21.105527638190953,2.356929237407767e-09,0.2896708418122551
36,21.708542713567837,4.829934099171072e-08,0.2783271426515802
37,22.31155778894472,6.225422789014333e-07,0.2635294068171098
38,22.914572864321606,5.134045668971585e-06,0.24702024562481886
39,23.51758793969849,2.7906729770793044e-05,0.22992760889191746
40,24.120603015075375,0.00010510468276395467,0.2132596679617066
41,24.72361809045226,0.0002956317074652632,0.19729327143164388
42,25.326633165829143,0.0006786487269867517,0.1819333553905496
43,25.929648241206028,0.001369413723731908,0.1670245988181004
44,26.532663316582912,0.0025383130098954373,0.15267749466664882
45,27.135678391959797,0.004414332480641746,0.13884866635146975
46,27.73869346733668,0.00725252271670138,0.12579082469666036
47,28.341708542713565,0.011284444105322849,0.1136895223277362
48,28.94472361809045,0.01667948081735075,0.10268306038132002
49,29.547738693467334,0.02344348097391509,0.09284806176755178
50,30.15075376884422,0.031243676630274952,0.0843358969516429
51,30.753768844221103,0.039253043922746124,0.07712171866661753
52,31.356783919597987,0.0465164497928503,0.07134755190352893
53,31.95979899497487,0.05280187365194581,0.06718080061879195
54,32.562814070351756,0.05854591796563389,0.06466491059792245
55,33.16582914572864,0.06383117708539407,0.06384844133919376
56,33.768844221105525,0.06826643175438342,0.06480094726227825
57,34.37185929648241,0.07157952096827681,0.06751261973709377
58,34.97487437185929,0.07349933093536702,0.07202041613581311
59,35.577889447236174,0.07399898052461332,0.07852724613247153
60,36.18090452261306,0.07357676047402664,0.0873614688297466
61,36.78391959798995,0.07222233725800771,0.09825118343759842
62,37.38693467336683,0.06948862969158846,0.111998208856793
63,37.98994974874371,0.06600697247578868,0.1285521381644471
64,38.5929648241206,0.0631140611674448,0.14870244801206545
65,39.19597989949749,0.061027052105202,0.17234963992201147
66,39.79899497487437,0.058647736199989975,0.20072277591210508
67,40.40201005025125,0.0550709439153281,0.2326339262303724
68,41.00502512562814,0.05056591777049689,0.2676376011139616
69,41.608040201005025,0.045879939427381736,0.3047715148036787
70,42.211055276381906,0.04148124719580429,0.3435786099219493
71,42.81407035175879,0.03775980877314556,0.3853344221166149
72,43.417085427135675,0.03482350861878718,0.4268248674511882
73,44.02010050251256,0.03217891580927523,0.4698677793086414
74,44.62311557788944,0.029271253453757036,0.5154895314171577
75,45.226130653266324,0.026092075368965264,0.5575343020990238
76,45.82914572864321,0.023055230658206038,0.5990551468049039
77,46.4321608040201,0.020422504274159824,0.6373216969278366
78,47.03517587939698,0.018058606943042982,0.6751374039059331
79,47.63819095477386,0.015744739626865137,0.7121530786733851
80,48.24120603015075,0.01358663141386231,0.7459151192511393
81,48.84422110552764,0.011901779452421804,0.7774558144066097
82,49.44723618090452,0.010716880639166043,0.806520935173375
83,50.0502512562814,0.009721911370811576,0.8326942302538363
84,50.65326633165829,0.008695140194437585,0.8576555893841482
85,51.256281407035175,0.007693192670141753,0.8796588219362034
86,51.859296482412056,0.006839687608655646,0.8988453301127746
87,52.46231155778894,0.006103895005263453,0.9154264301414432
88,53.065326633165824,0.005367713586729709,0.9285890504258892
89,53.66834170854271,0.004609508623241081,0.9407791462948659
90,54.27135678391959,0.003908294639043792,0.9511279838786804
91,54.874371859296474,0.0033296337507056216,0.960536157003672
92,55.47738693467336,0.0029083382091465377,0.966558707380048
93,56.08040201005025,0.0026390640278947954,0.9728791287385014
94,56.68341708542713,0.0024482308584659654,0.977472188126228
95,57.28643216080401,0.0022522842589656773,0.9818743700105974
96,57.8894472361809,0.0020149315731980227,0.9849552157848732
97,58.49246231155779,0.0017601244756047765,0.9876708106632632
98,59.09547738693467,0.001534737734984635,0.9896342780618672
99,59.69849246231155,0.001335572076442006,0.991462220054917
100,60.30150753768844,0.00112605600944289,0.9929802293963674
101,60.904522613065325,0.000909601551845204,0.9940370486403466
102,61.507537688442206,0.0006998045389638705,0.9947934741266024
103,62.110552763819086,0.0004979070145142237,0.9955967443114208
104,62.713567839195974,0.00033433802190152833,0.9963721774570484
105,63.31658291457286,0.00025038794838070337,0.9969213245255326
106,63.91959798994974,0.0002516472156053896,0.9973122737599529
107,64.52261306532662,0.00029854512756866716,0.9976626783842416
108,65.12562814070351,0.0003361654129331444,0.9980050667826634
109,65.7286432160804,0.0003306417888831227,0.9983363374735588
110,66.33165829145727,0.0002817501087168182,0.9985897121555004
111,66.93467336683416,0.00020451188895129725,0.9988126300677572
112,67.53768844221105,0.0001245383515514046,0.9989245979026278
113,68.14070351758794,7.407939230678042e-05,0.9991566724801842
114,68.74371859296483,5.869460236002072e-05,0.999277713695395
115,69.3467336683417,6.254467901968964e-05,0.9993867034894122
116,69.94974874371859,7.986853025727184e-05,0.9994516302587084
117,70.55276381909547,0.0001083551582166188,0.9995181835825536
118,71.15577889447235,0.00012815646568462566,0.999542518911558
119,71.75879396984924,0.00011811335156765379,0.9996022874241656
120,72.36180904522612,8.556520108959803e-05,0.9996066758244726
121,72.96482412060301,5.249396196202043e-05,0.9996336787104304
122,73.5678391959799,2.752310869915966e-05,0.9996447217671668
123,74.17085427135677,1.1041966858865e-05,0.9996498167775171
124,74.77386934673366,3.2971909098806677e-06,0.9996538596004352
125,75.37688442211055,2.5230093392645173e-06,0.9996845597269745
126,75.97989949748742,7.926385513379175e-06,0.9996929732001444
127,76.58291457286431,1.911833586581115e-05,0.9996954881189823
128,77.1859296482412,3.0033360848943925e-05,0.9997556550970618
129,77.78894472361809,3.4799366432493306e-05,0.9999130981292907
130,78.39195979899498,3.786837626481521e-05,0.9999180487738458
131,78.99497487437185,4.402062070159255e-05,0.9999219837765814
132,79.59798994974874,5.1036451763187335e-05,0.9999402271325668
133,80.20100502512562,5.5115166545423906e-05,0.99994741776928
134,80.8040201005025,5.0380692512871004e-05,0.9999512070627551
135,81.40703517587939,3.4700648125989885e-05,0.9999619245442796
136,82.01005025125627,1.6545516565381807e-05,0.9999658301204141
137,82.61306532663316,5.182020929787223e-06,0.9999694853981256
138,83.21608040201005,1.0324550026489495e-06,0.9999726886782132
139,83.81909547738692,1.2839894480519912e-07,0.9999756790217249
140,84.42211055276381,9.861389903554248e-09,0.9999782778252146
141,85.0251256281407,4.6505321249317954e-10,0.9999828363536494
142,85.62814070351757,1.3425912308075168e-11,0.9999850611555962
143,86.23115577889446,2.369105961078649e-13,0.999987106445656
144,86.83417085427135,2.553160548896014e-15,0.9999888573670892
145,87.43718592964824,1.679763721763758e-17,0.9999904221105668
146,88.04020100502512,6.74535811735387e-20,0.9999918489461
147,88.643216080402,1.6531149655349991e-22,0.9999930459869476
148,89.24623115577889,2.4724029781019234e-25,0.9999940767140856
149,89.84924623115577,2.256534177548823e-28,0.9999949986651075
150,90.45226130653265,1.2567969044683733e-31,0.9999958278429184
151,91.05527638190954,4.271553141218093e-35,0.9999965102603317
152,91.65829145728642,8.859363626850903e-39,0.9999971092090366
153,92.26130653266331,1.1212810231774606e-42,0.9999976109291896
154,92.8643216080402,8.660067098888304e-47,0.9999980506482068
155,93.46733668341707,4.0815270953654585e-51,0.9999984070194944
156,94.07035175879396,1.173866348001988e-55,0.9999986966522272
157,94.67336683417085,2.0601987158472626e-60,0.9999989401579188
158,95.27638190954772,2.206449727467162e-65,0.9999991376472176
159,95.87939698492461,1.4420270711638883e-70,0.9999993038652076
160,96.4824120603015,5.751051220819142e-76,0.99999944299943
161,97.08542713567839,1.39963727415846e-81,0.9999995570450008
162,97.68844221105527,2.0786348502998946e-87,0.9999996476800244
163,98.29145728643215,1.8838024113416997e-93,0.9999997214058484
164,98.89447236180904,1.0418061855669872e-99,0.9999997797164736
165,99.49748743718592,3.5158711749841273e-106,0.9999998269564752
166,100.1005025125628,7.240580969672184e-113,0.9999998641329392
167,100.70351758793969,9.09930691912762e-120,0.9999998936517678
168,101.30653266331657,6.978107444668001e-127,0.9999999170475808
169,101.90954773869346,3.2655882819529794e-134,0.9999999355245344
170,102.51256281407035,9.325661433764409e-142,0.9999999502145228
171,103.11557788944722,1.6251456829592065e-149,0.9999999615823068
172,103.71859296482411,1.728221450537874e-157,0.9999999705524596
173,104.321608040201,1.1215042472214645e-165,0.999999977408596
174,104.92462311557787,4.4411648371209555e-174,0.9999999828515836
175,105.52763819095476,1.0732164017260579e-182,0.9999999869956138
176,106.13065326633165,1.582603597294616e-191,0.9999999903002158
177,106.73366834170854,1.4241359002630298e-200,0.9999999926281664
178,107.33668341708542,7.820331428673695e-210,0.9999999944901076
179,107.9396984924623,2.620555260261199e-219,0.9999999958829449
180,108.54271356783919,5.358656564000068e-229,0.999999996908535
181,109.14572864321607,6.686717329736335e-239,0.9999999976648252
182,109.74874371859295,5.091719183212836e-249,0.9999999982937936
183,110.35175879396984,2.365976143784347e-259,0.999999998745475
184,110.95477386934672,6.708890718317069e-270,0.9999999991010828
185,111.55778894472361,1.160875144663678e-280,0.9999999993469078
186,112.1608040201005,1.22578625247749e-291,0.9999999995178009
187,112.76381909547737,7.898387170763012e-303,0.9999999996524364
188,113.36683417085426,3.105678743e-314,0.9999999997522412
189,113.96984924623115,0.0,0.9999999998203628
190,114.57286432160802,0.0,0.9999999998694008
191,115.17587939698491,0.0,0.9999999999072636
192,115.7788944723618,0.0,0.9999999999335344
193,116.38190954773869,0.0,0.9999999999531044
194,116.98492462311557,0.0,0.9999999999664094
195,117.58793969849245,0.0,0.99999999997658
196,118.19095477386934,0.0,0.9999999999837672
197,118.79396984924622,0.0,0.999999999988682
198,119.3969849246231,0.0,0.99999999999207
199,120.0,0.0,0.9999999999944272
