,x,y
0,0.0,6.368534608308329e-12
1,0.010101010101010102,8.787365344743355e-11
2,0.020202020202020204,1.0226754696934472e-09
3,0.030303030303030304,1.0054077746188065e-08
4,0.04040404040404041,8.363571636888437e-08
5,0.05050505050505051,5.897205521489041e-07
6,0.06060606060606061,3.5308910018941316e-06
7,0.07070707070707072,1.798365334349191e-05
8,0.08080808080808081,7.804898325812696e-05
9,0.09090909090909091,0.00028909684255836886
10,0.10101010101010102,0.0009152711443649552
11,0.11111111111111112,0.0024803723506757543
12,0.12121212121212122,0.005762969937132063
13,0.13131313131313133,0.011504556663874153
14,0.14141414141414144,0.019797949381025595
15,0.15151515151515152,0.029531103227918406
16,0.16161616161616163,0.03854013916602123
17,0.17171717171717174,0.044711179613549056
18,0.18181818181818182,0.04732025624224517
19,0.19191919191919193,0.04748321093418263
20,0.20202020202020204,0.04735206381455806
21,0.21212121212121213,0.048814634940362894
22,0.22222222222222224,0.052697723229686494
23,0.23232323232323235,0.058801228101324064
24,0.24242424242424243,0.0664042170483
25,0.25252525252525254,0.07474683832564091
26,0.26262626262626265,0.08326425227082547
27,0.27272727272727276,0.09165545242632221
28,0.2828282828282829,0.0999597111610995
29,0.29292929292929293,0.10866488288865775
30,0.30303030303030304,0.118685158137372
31,0.31313131313131315,0.13109119566002134
32,0.32323232323232326,0.14677392855004245
33,0.33333333333333337,0.1663505563983364
34,0.3434343434343435,0.1902235570757688
35,0.3535353535353536,0.21831775488027252
36,0.36363636363636365,0.24950321993512778
37,0.37373737373737376,0.2815445677678069
38,0.38383838383838387,0.31209587899143193
39,0.393939393939394,0.339968506360584
40,0.4040404040404041,0.3656269719237859
41,0.4141414141414142,0.39101116572525396
42,0.42424242424242425,0.4193119262184338
43,0.43434343434343436,0.4544239340166055
44,0.4444444444444445,0.4993745430362628
45,0.4545454545454546,0.5542937685312425
46,0.4646464646464647,0.6157517881032895
47,0.4747474747474748,0.6785684207346251
48,0.48484848484848486,0.7390411932256212
49,0.494949494949495,0.7970840331762568
50,0.5050505050505051,0.8554291596053479
51,0.5151515151515152,0.91651076307462
52,0.5252525252525253,0.9798695502880944
53,0.5353535353535354,1.0424424069894742
54,0.5454545454545455,1.101115467216862
55,0.5555555555555556,1.1548416093904716
56,0.5656565656565657,1.204756737206855
57,0.5757575757575758,1.2531192494740062
58,0.5858585858585859,1.3024981559382702
59,0.595959595959596,1.3554024053966856
60,0.6060606060606061,1.413620522267939
61,0.6161616161616162,1.4771310884508086
62,0.6262626262626263,1.543629329504465
63,0.6363636363636365,1.6096561437200891
64,0.6464646464646465,1.6725904586195495
65,0.6565656565656566,1.7314118967410121
66,0.6666666666666667,1.785325905353144
67,0.6767676767676768,1.832020297451655
68,0.686868686868687,1.8680551075702354
69,0.696969696969697,1.8915475328070555
70,0.7070707070707072,1.9047351308192586
71,0.7171717171717172,1.9140199684079893
72,0.7272727272727273,1.9272798015138521
73,0.7373737373737375,1.9503750486699487
74,0.7474747474747475,1.9852350313232583
75,0.7575757575757577,2.0302544687060577
76,0.7676767676767677,2.081512721032455
77,0.7777777777777778,2.1331975601276976
78,0.787878787878788,2.177758849126355
79,0.797979797979798,2.2076533399263787
80,0.8080808080808082,2.2189725263381628
81,0.8181818181818182,2.2145247857588513
82,0.8282828282828284,2.203287139036741
83,0.8383838383838385,2.1955785593832906
84,0.8484848484848485,2.196889084460629
85,0.8585858585858587,2.2049054085598283
86,0.8686868686868687,2.2121245907430693
87,0.8787878787878789,2.2119307470822136
88,0.888888888888889,2.2030855708744763
89,0.8989898989898991,2.189182587535618
90,0.9090909090909092,2.174300064012119
91,0.9191919191919192,2.1591799499428728
92,0.9292929292929294,2.1407227180112947
93,0.9393939393939394,2.11333245636889
94,0.9494949494949496,2.068486508109973
95,0.9595959595959597,1.9915820785374558
96,0.9696969696969697,1.86065471983041
97,0.9797979797979799,1.6540194897272618
98,0.98989898989899,1.3673141244065268
99,1.0,1.027645121467394
