,x,y,pNG
0,0.0,0.8354496865323796,0.12533111851005752
1,0.005025125628140704,0.8358310917836259,0.12515540962561222
2,0.010050251256281407,0.8369653542084292,0.1249781500566417
3,0.01507537688442211,0.8388230864532835,0.12479932818649064
4,0.020100502512562814,0.8413568284219466,0.12461893296737915
5,0.02512562814070352,0.8445031375791534,0.12443695397445895
6,0.03015075376884422,0.8481851743389239,0.12425338145851585
7,0.035175879396984924,0.8523155158907354,0.12406820639699535
8,0.04020100502512563,0.8567989455601135,0.12388142054303285
9,0.04522613065326633,0.8615350208954425,0.12369301647220945
10,0.05025125628140704,0.8664203099272484,0.12350298762673405
11,0.05527638190954774,0.8713502836222919,0.12331132835682103
12,0.06030150753768844,0.8762209435130479,0.1231180339589969
13,0.06532663316582915,0.8809303287087114,0.12292310071116595
14,0.07035175879396985,0.885380073216266,0.12272652590422704
15,0.07537688442211056,0.8894771677068591,0.12252830787009028
16,0.08040201005025126,0.8931360231288213,0.12232844600604753
17,0.08542713567839195,0.8962808481733442,0.12212694079534304
18,0.09045226130653267,0.89884825513757,0.1219237938239991
19,0.09547738693467336,0.900789917765467,0.12171900779393485
20,0.10050251256281408,0.9020750371079852,0.12151258653245768
21,0.10552763819095477,0.9026923395277592,0.12130453499835248
22,0.11055276381909548,0.9026513401544517,0.1210948592848652
23,0.11557788944723618,0.9019826535849542,0.12088356661995835
24,0.12060301507537688,0.900737213278282,0.12067066536440985
25,0.12562814070351758,0.8989843594749759,0.12045616500843292
26,0.1306532663316583,0.8968088584903403,0.1202400761677177
27,0.135678391959799,0.8943070107862126,0.12002241057999675
28,0.1407035175879397,0.8915820812527676,0.11980318110348898
29,0.1457286432160804,0.8887393367110786,0.1195824017189202
30,0.15075376884422112,0.8858810010733899,0.11936008753706615
31,0.15577889447236182,0.883101439566135,0.1191362548142778
32,0.16080402010050251,0.8804828636795277,0.1189109209787792
33,0.1658291457286432,0.8780918124266329,0.11868410467114188
34,0.1708542713567839,0.8759766169334252,0.11845582580279435
35,0.17587939698492464,0.8741659971303061,0.1182261056371522
36,0.18090452261306533,0.8726688731838917,0.1179949668986211
37,0.18592964824120603,0.8714754017309884,0.11776243391542572
38,0.19095477386934673,0.870559169891433,0.11752853280320265
39,0.19597989949748745,0.869880401692355,0.11729329169701475
40,0.20100502512562815,0.869389956947309,0.11705674104058085
41,0.20603015075376885,0.8690338384665818,0.11681891394243205
42,0.21105527638190955,0.8687578773364377,0.11657984660985075
43,0.21608040201005024,0.8685122452129715,0.1163395788725864
44,0.22110552763819097,0.8682554526820097,0.11609815480945407
45,0.22613065326633167,0.8679575360843362,0.1158556234922622
46,0.23115577889447236,0.8676022098871602,0.1156120398625594
47,0.23618090452261306,0.86718786113658,0.1153674657580489
48,0.24120603015075376,0.8667273759602913,0.1151219711066208
49,0.24623115577889448,0.8662469017299632,0.11487563530711398
50,0.25125628140703515,0.865783747518903,0.11462854881696805
51,0.2562814070351759,0.8653836963632477,0.11438081496789175
52,0.2613065326633166,0.8650980356364979,0.11413255203147656
53,0.2663316582914573,0.864980602193428,0.11388389555729815
54,0.271356783919598,0.8650850890856635,0.11363500100649936
55,0.2763819095477387,0.8654627794992715,0.11338604670395536
56,0.2814070351758794,0.8661607754823346,0.1131372371320074
57,0.2864321608040201,0.8672206915873315,0.11288880658817445
58,0.2914572864321608,0.8686777045098383,0.11264102322838533
59,0.2964824120603015,0.8705598038682467,0.11239419351578904
60,0.30150753768844224,0.87288708520213,0.11214866709333073
61,0.3065326633165829,0.8756709649581083,0.11190484209570706
62,0.31155778894472363,0.8789132711420582,0.11166317091314236
63,0.3165829145728643,0.8826052575270684,0.11142416641552877
64,0.32160804020100503,0.8867266840451117,0.11118840864076962
65,0.32663316582914576,0.8912451802362225,0.11095655194568088
66,0.3316582914572864,0.8961161441379222,0.1107293326113018
67,0.33668341708542715,0.9012834139847659,0.11050757688713576
68,0.3417085427135678,0.9066808818293229,0.11029220945039253
69,0.34673366834170855,0.9122351040042481,0.11008426224684564
70,0.35175879396984927,0.9178688196879079,0.10988488366936576
71,0.35678391959798994,0.9235051387034738,0.10969534801851323
72,0.36180904522613067,0.9290720286827211,0.10951706517674598
73,0.36683417085427134,0.9345066436147396,0.10935159041393172
74,0.37185929648241206,0.9397590082500521,0.10920063422684534
75,0.3768844221105528,0.9447946142350616,0.10906607209932496
76,0.38190954773869346,0.9495955917034968,0.10894995405287576
77,0.3869346733668342,0.9541602811813565,0.1088545138397854
78,0.3919597989949749,0.9585012232669556,0.10878217761253528
79,0.3969849246231156,0.9626417806164717,0.10873557188463034
80,0.4020100502512563,0.9666117803109219,0.10871753057917456
81,0.40703517587939697,0.9704426900420391,0.10873110094304883
82,0.4120603015075377,0.9741629010896258,0.10877954808671796
83,0.4170854271356784,0.9777936766463653,0.10886635789297183
84,0.4221105527638191,0.9813462380564233,0.10899523802302813
85,0.4271356783919598,0.9848203162205451,0.10917011673571808
86,0.4321608040201005,0.9882043108469281,0.10939513922597832
87,0.4371859296482412,0.9914770011668121,0.1096746611831072
88,0.44221105527638194,0.9946105640408119,0.1100132392681622
89,0.4472361809045226,0.9975745024136021,0.11041561821425283
90,0.45226130653266333,1.0003399866860003,0.11088671426440078
91,0.457286432160804,1.002884074086842,0.11143159467965902
92,0.4623115577889447,1.0051932984921508,0.11205545307647324
93,0.46733668341708545,1.0072662093081146,0.1127635803874426
94,0.4723618090452261,1.0091145703637667,0.11356133128421694
95,0.47738693467336685,1.0107630911226524,0.11445408595608042
96,0.4824120603015075,1.0122477337351214,0.11544720720254242
97,0.48743718592964824,1.013612801594821,0.11654599287345345
98,0.49246231155778897,1.0149071514141148,0.117755623774926
99,0.49748743718592964,1.0161799682068913,0.11908110725319955
100,0.5025125628140703,1.017476592051265,0.12052721677006205
101,0.507537688442211,1.018834882700624,0.12209842789098245
102,0.5125628140703518,1.0202825530681034,0.12379885121833545
103,0.5175879396984925,1.0218357996514962,0.12563216291441948
104,0.5226130653266332,1.0234994155092945,0.12760153356923798
105,0.5276381909547738,1.0252684017711087,0.12970955627252634
106,0.5326633165829145,1.027130912769567,0.13195817484470873
107,0.5376884422110553,1.0290721964870022,0.13434861326305114
108,0.542713567839196,1.0310790464687518,0.1368813073834806
109,0.5477386934673367,1.0331441835912836,0.13955584010144073
110,0.5527638190954774,1.0352699529805676,0.1423708811131864
111,0.5577889447236181,1.0374707638887222,0.1453241324295086
112,0.5628140703517588,1.0397738207412022,0.14841228075456006
113,0.5678391959798995,1.042217883659297,0.15163095777250968
114,0.5728643216080402,1.0448500374543475,0.1549747092838224
115,0.577889447236181,1.0477207108493602,0.15843697400270595
116,0.5829145728643216,1.050877437842973,0.16201007266985767
117,0.5879396984924623,1.0543580547216471,0.16568520795418973
118,0.592964824120603,1.0581841475816616,0.1694524754185429
119,0.5979899497487438,1.0623555843954242,0.17330088561364154
120,0.6030150753768845,1.0668468745892303,0.17721839714846155
121,0.6080402010050251,1.0716059057062166,0.1811919603710369
122,0.6130653266331658,1.0765553343724863,0.18520757108933072
123,0.6180904522613065,1.0815965931304445,0.1892503335740391
124,0.6231155778894473,1.0866161584347296,0.19330453192140215
125,0.628140703517588,1.0914934513919046,0.19735370872003188
126,0.6331658291457286,1.0961095486796943,0.20138074986659396
127,0.6381909547738693,1.1003557917658013,0.20536797431433074
128,0.6432160804020101,1.1041414079527894,0.2092972275184716
129,0.6482412060301508,1.1073993903753496,0.21314997736388666
130,0.6532663316582915,1.110090104508873,0.21690741142250247
131,0.6582914572864321,1.1122023636844784,0.22055053448866524
132,0.6633165829145728,1.1137520076104968,0.22406026547646585
133,0.6683417085427136,1.1147782883202344,0.22741753292995426
134,0.6733668341708543,1.115338585313015,0.2306033685893444
135,0.678391959798995,1.1155021136476104,0.233598998668879
136,0.6834170854271356,1.1153433449431107,0.23638593272802666
137,0.6884422110552764,1.1149358331274115,0.23894605025154825
138,0.6934673366834171,1.1143470360144656,0.2412616852891576
139,0.6984924623115578,1.1136345692112979,0.2433157097357681
140,0.7035175879396985,1.112844142839133,0.24509161605291385
141,0.7085427135678392,1.1120092366072392,0.2465736004344138
142,0.7135678391959799,1.11115238484123,0.24774664759887066
143,0.7185929648241206,1.1102877858795914,0.2485966185414891
144,0.7236180904522613,1.1094248308231835,0.24911034269116986
145,0.7286432160804021,1.1085720715620848,0.2492757159882157
146,0.7336683417085427,1.1077411202928826,0.2490818064137271
147,0.7386934673366834,1.1069499925105308,0.24851896845498844
148,0.7437185929648241,1.1062254704429153,0.2475789678683956
149,0.7487437185929648,1.105604169389906,0.24625511789090335
150,0.7537688442211056,1.1051321279008157,0.2445424277363064
151,0.7587939698492463,1.104862903346096,0.24243776377850726
152,0.7638190954773869,1.1048543229577494,0.2399400232529377
153,0.7688442211055276,1.1051641997296906,0.2370503195834825
154,0.7738693467336684,1.1058454542139924,0.2337721775514936
155,0.7788944723618091,1.1069411697006668,0.2301117354564768
156,0.7839195979899498,1.1084801357647263,0.22607795017285534
157,0.7889447236180904,1.1104733964508529,0.22168279959380788
158,0.7939698492462312,1.1129122157338096,0.21694147539682795
159,0.7989949748743719,1.1157677149253415,0.2118725574130479
160,0.8040201005025126,1.1189922434017443,0.2064981592052149
161,0.8090452261306533,1.1225223403251336,0.2008440328596801
162,0.8140703517587939,1.1262829580234068,0.194939619610122
163,0.8190954773869347,1.1301924723107104,0.1888180319019902
164,0.8241206030150754,1.1341679199802002,0.1825159520720826
165,0.8291457286432161,1.1381298884668478,0.17607343317081306
166,0.8341708542713568,1.1420065362344824,0.1695335888117271
167,0.8391959798994975,1.1457363338915834,0.16294216148824936
168,0.8442211055276382,1.1492692670738445,0.15634696269461812
169,0.8492462311557789,1.1525664107226277,0.1497971834834172
170,0.8542713567839196,1.1555979489593207,0.1433425807208546
171,0.8592964824120604,1.158339857919422,0.13703255204532394
172,0.864321608040201,1.1607695799991595,0.13091512100491332
173,0.8693467336683417,1.1628610938818602,0.12503586248435938
174,0.8743718592964824,1.1645798289399445,0.11943680662398724
175,0.8793969849246231,1.1658778927435876,0.11415536618348955
176,0.8844221105527639,1.1666900847524861,0.10922333690199904
177,0.8894472361809045,1.166931163390397,0.10466602213240496
178,0.8944723618090452,1.1664948177738976,0.10050153135718733
179,0.8994974874371859,1.165254763010812,0.09674029688777784
180,0.9045226130653267,1.1630683170442955,0.09338484422211757
181,0.9095477386934674,1.15978271228116,0.09042983966160399
182,0.914572864321608,1.1552442327169492,0.08786242466728755
183,0.9195979899497487,1.1493100392669027,0.08566283109420503
184,0.9246231155778895,1.1418622560019975,0.0838052560069793
185,0.9296482412060302,1.1328235560885918,0.08225896032641611
186,0.9346733668341709,1.1221731422851073,0.08098954298003336
187,0.9396984924623115,1.109961710371333,0.07996033214943754
188,0.9447236180904522,1.0963237706032862,0.07913382793555679
189,0.949748743718593,1.081485637712997,0.07847312634076997
190,0.9547738693467337,1.065767529088005,0.07794325277116987
191,0.9597989949748744,1.0495785575134535,0.07751233416656977
192,0.964824120603015,1.0334039635252195,0.0771525424385342
193,0.9698492462311558,1.0177846629686416,0.07684074860983857
194,0.9748743718592965,1.0032900143370185,0.07655883797161889
195,0.9798994974874372,0.9904855382438627,0.07629365352868599
196,0.9849246231155779,0.9798980352084695,0.07603656066154085
197,0.9899497487437187,0.9719810390778203,0.07578266386546995
198,0.9949748743718593,0.9670837255597606,0.07552976114480614
199,1.0,0.9654262208214761,0.07527719885202377
