,x,y
0,0.0,3.820405848797885e-48
1,0.010101010101010102,7.276898616058119e-45
2,0.020202020202020204,1.0412259796037684e-41
3,0.030303030303030304,1.1192750105958936e-38
4,0.04040404040404041,9.039789173469222e-36
5,0.05050505050505051,5.485956217787454e-33
6,0.06060606060606061,2.5018969677092658e-30
7,0.07070707070707072,8.575696092624957e-28
8,0.08080808080808081,2.209650027858019e-25
9,0.09090909090909091,4.2807235570479195e-23
10,0.10101010101010102,6.236680782113507e-21
11,0.11111111111111112,6.835302445431459e-19
12,0.12121212121212122,5.637456402239275e-17
13,0.13131313131313133,3.500412306619296e-15
14,0.14141414141414144,1.6371989289123832e-13
15,0.15151515151515152,5.771996480381505e-12
16,0.16161616161616163,1.5352125634863306e-10
17,0.17171717171717174,3.0839658965129444e-09
18,0.18181818181818182,4.685658751294371e-08
19,0.19191919191919193,5.394643199687599e-07
20,0.20202020202020204,4.717948247295445e-06
21,0.21212121212121213,3.1445352604124156e-05
22,0.22222222222222224,0.00016041773517996556
23,0.23232323232323235,0.0006299819065540918
24,0.24242424242424243,0.0019187571468866397
25,0.25252525252525254,0.004575033889746702
26,0.26262626262626265,0.008635229989576203
27,0.27272727272727276,0.013061886603786103
28,0.2828282828282829,0.016051539804688496
29,0.29292929292929293,0.016337965996607355
30,0.30303030303030304,0.014333006720120743
31,0.31313131313131315,0.011769631893129627
32,0.32323232323232326,0.010044537659958344
33,0.33333333333333337,0.009162411010751636
34,0.3434343434343435,0.008495710817834633
35,0.3535353535353536,0.008080756563231484
36,0.36363636363636365,0.008756952199638998
37,0.37373737373737376,0.011452407090666738
38,0.38383838383838387,0.016766371057188978
39,0.393939393939394,0.025141949207587104
40,0.4040404040404041,0.037300469585498874
41,0.4141414141414142,0.05421759198120902
42,0.42424242424242425,0.07598982352524604
43,0.43434343434343436,0.10083881346513915
44,0.4444444444444445,0.12667237767297895
45,0.4545454545454546,0.1542499868412119
46,0.4646464646464647,0.18752931520731186
47,0.4747474747474748,0.23002121165336592
48,0.48484848484848486,0.28156407607217926
49,0.494949494949495,0.3392607353752157
50,0.5050505050505051,0.40084906401244685
51,0.5151515151515152,0.46665406572513957
52,0.5252525252525253,0.5392932968934564
53,0.5353535353535354,0.6221909807427324
54,0.5454545454545455,0.7169646711335736
55,0.5555555555555556,0.8206393587826848
56,0.5656565656565657,0.9259315035687596
57,0.5757575757575758,1.0257802227937982
58,0.5858585858585859,1.1175499308681782
59,0.595959595959596,1.2023461232182622
60,0.6060606060606061,1.2824043502519522
61,0.6161616161616162,1.361503929685584
62,0.6262626262626263,1.446634868918723
63,0.6363636363636365,1.5462687654388618
64,0.6464646464646465,1.6644801682931436
65,0.6565656565656566,1.7949862043690579
66,0.6666666666666667,1.9211248530095673
67,0.6767676767676768,2.023418594447406
68,0.686868686868687,2.0899975976057306
69,0.696969696969697,2.122909699394209
70,0.7070707070707072,2.135397150453104
71,0.7171717171717172,2.1434094856186428
72,0.7272727272727273,2.1611382323219246
73,0.7373737373737375,2.201745639544032
74,0.7474747474747475,2.273211678106678
75,0.7575757575757577,2.3680574500560723
76,0.7676767676767677,2.461904991935713
77,0.7777777777777778,2.5287971544360137
78,0.787878787878788,2.5587492785480523
79,0.797979797979798,2.558989124923465
80,0.8080808080808082,2.5407234971624613
81,0.8181818181818182,2.51044079868016
82,0.8282828282828284,2.474441678962265
83,0.8383838383838385,2.443959828080299
84,0.8484848484848485,2.4305206657095857
85,0.8585858585858587,2.4389950684719244
86,0.8686868686868687,2.466636450232284
87,0.8787878787878789,2.5054637934818955
88,0.888888888888889,2.545335517428699
89,0.8989898989898991,2.578927086104235
90,0.9090909090909092,2.604684345426894
91,0.9191919191919192,2.62252994585979
92,0.9292929292929294,2.628073444869709
93,0.9393939393939394,2.613018863751448
94,0.9494949494949496,2.567163700031858
95,0.9595959595959597,2.475361984309647
96,0.9696969696969697,2.3114102438120256
97,0.9797979797979799,2.0390112090707704
98,0.98989898989899,1.6376353104401795
99,1.0,1.1471860737089847
