,x,y
0,0.0,1.0570276749138821e-09
1,0.010101010101010102,9.089036471369067e-09
2,0.020202020202020204,6.585565099069914e-08
3,0.030303030303030304,4.023189314246692e-07
4,0.04040404040404041,2.0740671079884082e-06
5,0.05050505050505051,9.03430764976346e-06
6,0.06060606060606061,3.3311321394104676e-05
7,0.07070707070707072,0.00010425822419185072
8,0.08080808080808081,0.0002781143974771395
9,0.09090909090909091,0.0006360920933533943
10,0.10101010101010102,0.0012579441672930234
11,0.11111111111111112,0.002175512207115454
12,0.12121212121212122,0.0033369617705601663
13,0.13131313131313133,0.004614460552772455
14,0.14141414141414144,0.005860313867987159
15,0.15151515151515152,0.00699907856857044
16,0.16161616161616163,0.008141720958278394
17,0.17171717171717174,0.009663885601331232
18,0.18181818181818182,0.012119932975840336
19,0.19191919191919193,0.015918766776180503
20,0.20202020202020204,0.02092800772583281
21,0.21212121212121213,0.026381774441334035
22,0.22222222222222224,0.03133976017813678
23,0.23232323232323235,0.03546543106902244
24,0.24242424242424243,0.03946323936813181
25,0.25252525252525254,0.04465551563374615
26,0.26262626262626265,0.05193948456864604
27,0.27272727272727276,0.06106448801589668
28,0.2828282828282829,0.07098221069220456
29,0.29292929292929293,0.08099032956634664
30,0.30303030303030304,0.09159794148361869
31,0.31313131313131315,0.10439531915945731
32,0.32323232323232326,0.12125496347432005
33,0.33333333333333337,0.14372301718783184
34,0.3434343434343435,0.17307855875706596
35,0.3535353535353536,0.21081811294873312
36,0.36363636363636365,0.25883407749107223
37,0.37373737373737376,0.31864188194282134
38,0.38383838383838387,0.3899349994494606
39,0.393939393939394,0.4699022436128888
40,0.4040404040404041,0.5545161113561421
41,0.4141414141414142,0.6409487128677396
42,0.42424242424242425,0.7286539851974787
43,0.43434343434343436,0.8178704125434534
44,0.4444444444444445,0.9071879029420722
45,0.4545454545454546,0.9928104778229669
46,0.4646464646464647,1.0701864226410431
47,0.4747474747474748,1.1365269044122246
48,0.48484848484848486,1.1926093467384469
49,0.494949494949495,1.2430468250625266
50,0.5050505050505051,1.2944525538982083
51,0.5151515151515152,1.3516781989837687
52,0.5252525252525253,1.4143777126841608
53,0.5353535353535354,1.477120367093987
54,0.5454545454545455,1.5336350917260748
55,0.5555555555555556,1.5817089890863227
56,0.5656565656565657,1.6245235855210718
57,0.5757575757575758,1.6675974225680565
58,0.5858585858585859,1.7141540906114066
59,0.595959595959596,1.7624734705375877
60,0.6060606060606061,1.806877647970677
61,0.6161616161616162,1.8412938950175262
62,0.6262626262626263,1.8626406326713933
63,0.6363636363636365,1.8718468683163187
64,0.6464646464646465,1.8725294660012075
65,0.6565656565656566,1.8688561870990605
66,0.6666666666666667,1.8637467448378375
67,0.6767676767676768,1.8577818500983247
68,0.686868686868687,1.8492998123866582
69,0.696969696969697,1.8361053618895635
70,0.7070707070707072,1.8180229417656466
71,0.7171717171717172,1.7985032530320577
72,0.7272727272727273,1.7839108689716587
73,0.7373737373737375,1.7803287855353973
74,0.7474747474747475,1.7891604822336389
75,0.7575757575757577,1.8045474109294046
76,0.7676767676767677,1.8157648979039207
77,0.7777777777777778,1.814104101752356
78,0.787878787878788,1.798998351330096
79,0.797979797979798,1.778204347558926
80,0.8080808080808082,1.7623172190243221
81,0.8181818181818182,1.7585087353459277
82,0.8282828282828284,1.7675850885267934
83,0.8383838383838385,1.7848280564459815
84,0.8484848484848485,1.8030374003866876
85,0.8585858585858587,1.8161350237029248
86,0.8686868686868687,1.8218678765703051
87,0.8787878787878789,1.822349964814579
88,0.888888888888889,1.822051678764001
89,0.8989898989898991,1.824178566883286
90,0.9090909090909092,1.8275756033242936
91,0.9191919191919192,1.8265214821180242
92,0.9292929292929294,1.8139163151499658
93,0.9393939393939394,1.784967867669927
94,0.9494949494949496,1.7370147536871394
95,0.9595959595959597,1.6645223391581634
96,0.9696969696969697,1.5544805655806238
97,0.9797979797979799,1.3899973516242525
98,0.98989898989899,1.1637999400956494
99,1.0,0.8919340995560187
