,x,y
0,0.0,7.838480819984609e-31
1,0.010101010101010102,2.072768976263916e-28
2,0.020202020202020204,4.233812849216909e-26
3,0.030303030303030304,6.680659653088687e-24
4,0.04040404040404041,8.144477815163613e-22
5,0.05050505050505051,7.672150356865036e-20
6,0.06060606060606061,5.5852127892453174e-18
7,0.07070707070707072,3.142648407960306e-16
8,0.08080808080808081,1.3669648042650491e-14
9,0.09090909090909091,4.597333749377746e-13
10,0.10101010101010102,1.1957415136041139e-11
11,0.11111111111111112,2.405842086055069e-10
12,0.12121212121212122,3.745791370567962e-09
13,0.13131313131313133,4.515092116473403e-08
14,0.14141414141414144,4.216197758789028e-07
15,0.15151515151515152,3.0530346347806708e-06
16,0.16161616161616163,1.71694618952069e-05
17,0.17171717171717174,7.516906362986413e-05
18,0.18181818181818182,0.0002571924881529357
19,0.19191919191919193,0.0006920498340190677
20,0.20202020202020204,0.0014795096379890526
21,0.21212121212121213,0.0025557998286150335
22,0.22222222222222224,0.0036705092699874553
23,0.23232323232323235,0.004599868097576718
24,0.24242424242424243,0.005418409698716318
25,0.25252525252525254,0.006476921676184385
26,0.26262626262626265,0.007977112189479753
27,0.27272727272727276,0.009519868631005988
28,0.2828282828282829,0.010237851534606855
29,0.29292929292929293,0.009556737337449946
30,0.30303030303030304,0.00775438348052857
31,0.31313131313131315,0.005719046256874132
32,0.32323232323232326,0.004390445525559293
33,0.33333333333333337,0.004495662148512506
34,0.3434343434343435,0.006428540651706531
35,0.3535353535353536,0.010045466510663166
36,0.36363636363636365,0.014797323544002131
37,0.37373737373737376,0.02067070388203317
38,0.38383838383838387,0.029289134052782693
39,0.393939393939394,0.04363673079964252
40,0.4040404040404041,0.0662507970663468
41,0.4141414141414142,0.09796791266795078
42,0.42424242424242425,0.1384650706735773
43,0.43434343434343436,0.18703263750721785
44,0.4444444444444445,0.2426529875567656
45,0.4545454545454546,0.3051731711543403
46,0.4646464646464647,0.37761279871132897
47,0.4747474747474748,0.4656836041467033
48,0.48484848484848486,0.5725949098362294
49,0.494949494949495,0.694050475538516
50,0.5050505050505051,0.8201111985271726
51,0.5151515151515152,0.9428489669226164
52,0.5252525252525253,1.0609722546458626
53,0.5353535353535354,1.176790366101101
54,0.5454545454545455,1.291077656320808
55,0.5555555555555556,1.4025919149921504
56,0.5656565656565657,1.511338264893436
57,0.5757575757575758,1.6193208361759326
58,0.5858585858585859,1.7268771901648532
59,0.595959595959596,1.8314857605386736
60,0.6060606060606061,1.9326506703170263
61,0.6161616161616162,2.0342052663918495
62,0.6262626262626263,2.1383507264489356
63,0.6363636363636365,2.2403818429879516
64,0.6464646464646465,2.332272499144437
65,0.6565656565656566,2.4086947439131188
66,0.6666666666666667,2.466641354197362
67,0.6767676767676768,2.5025490941693547
68,0.686868686868687,2.5144333863409893
69,0.696969696969697,2.5050946153289457
70,0.7070707070707072,2.479276526403003
71,0.7171717171717172,2.4398402675797737
72,0.7272727272727273,2.3911884564478716
73,0.7373737373737375,2.343366254225199
74,0.7474747474747475,2.3058186089812995
75,0.7575757575757577,2.2778740397021364
76,0.7676767676767677,2.2512493555847204
77,0.7777777777777778,2.22160183214265
78,0.787878787878788,2.1923242989863354
79,0.797979797979798,2.1670709289797583
80,0.8080808080808082,2.1446971181344012
81,0.8181818181818182,2.123391045800907
82,0.8282828282828284,2.1041852529149856
83,0.8383838383838385,2.08659180788802
84,0.8484848484848485,2.063797391505699
85,0.8585858585858587,2.026520992674975
86,0.8686868686868687,1.971912602722882
87,0.8787878787878789,1.9059918763255737
88,0.888888888888889,1.8370190861975022
89,0.8989898989898991,1.7704987739974325
90,0.9090909090909092,1.7122406027271093
91,0.9191919191919192,1.6708561685821466
92,0.9292929292929294,1.6527266638391283
93,0.9393939393939394,1.6557154972243562
94,0.9494949494949496,1.6670904009574528
95,0.9595959595959597,1.6624729069230797
96,0.9696969696969697,1.6052734365112689
97,0.9797979797979799,1.455533334733086
98,0.98989898989899,1.1958292941899533
99,1.0,0.8591869716771607
