,x,y
0,0.0,7.00953802787566e-13
1,0.010101010101010102,9.736700656335011e-12
2,0.020202020202020204,1.1590215135283989e-10
3,0.030303030303030304,1.1824942639845276e-09
4,0.04040404040404041,1.0341784154622839e-08
5,0.05050505050505051,7.754152968217027e-08
6,0.06060606060606061,4.98501350324524e-07
7,0.07070707070707072,2.7481899339619783e-06
8,0.08080808080808081,1.2994159654982195e-05
9,0.09090909090909091,5.270848382506166e-05
10,0.10101010101010102,0.00018349432448863128
11,0.11111111111111112,0.0005486237195826037
12,0.12121212121212122,0.001410408490987834
13,0.13131313131313133,0.003123935523684784
14,0.14141414141414144,0.005981959514682664
15,0.15151515151515152,0.00996275709956132
16,0.16161616161616163,0.014584233741066882
17,0.17171717171717174,0.01910922525249124
18,0.18181818181818182,0.02308034703507969
19,0.19191919191919193,0.026775864410778505
20,0.20202020202020204,0.03113824868503043
21,0.21212121212121213,0.0371879018972344
22,0.22222222222222224,0.045447157590260065
23,0.23232323232323235,0.05591373749005437
24,0.24242424242424243,0.06860544668649948
25,0.25252525252525254,0.08413823258602077
26,0.26262626262626265,0.10373768645240947
27,0.27272727272727276,0.12861565455613785
28,0.2828282828282829,0.1592607006036707
29,0.29292929292929293,0.19524772144450933
30,0.30303030303030304,0.2356378086591524
31,0.31313131313131315,0.2795542843425426
32,0.32323232323232326,0.326558395804112
33,0.33333333333333337,0.37675695559666533
34,0.3434343434343435,0.4306839214065913
35,0.3535353535353536,0.4889399084134819
36,0.36363636363636365,0.5517140916536939
37,0.37373737373737376,0.618618278392642
38,0.38383838383838387,0.6891744542569039
39,0.393939393939394,0.7635619341813137
40,0.4040404040404041,0.8425961753271479
41,0.4141414141414142,0.9264369080485089
42,0.42424242424242425,1.0130285778091985
43,0.43434343434343436,1.0980593588429644
44,0.4444444444444445,1.1769913704343575
45,0.4545454545454546,1.2475596428218316
46,0.4646464646464647,1.3105797176338678
47,0.4747474747474748,1.3686730840337167
48,0.48484848484848486,1.4244655264228505
49,0.494949494949495,1.4796999817246477
50,0.5050505050505051,1.5350722773982983
51,0.5151515151515152,1.589857721732036
52,0.5252525252525253,1.6415092872963726
53,0.5353535353535354,1.6864930476328652
54,0.5454545454545455,1.7225548971302014
55,0.5555555555555556,1.7504247622389246
56,0.5656565656565657,1.7729096640025994
57,0.5757575757575758,1.7920964833812263
58,0.5858585858585859,1.807618364842964
59,0.595959595959596,1.8177616089643653
60,0.6060606060606061,1.8220997626902509
61,0.6161616161616162,1.8229484990335658
62,0.6262626262626263,1.824415282108396
63,0.6363636363636365,1.8300914491649798
64,0.6464646464646465,1.8411297050650015
65,0.6565656565656566,1.855574348834441
66,0.6666666666666667,1.8690152272898222
67,0.6767676767676768,1.8764242368782253
68,0.686868686868687,1.8744745204686621
69,0.696969696969697,1.8629008521211292
70,0.7070707070707072,1.8439831093338293
71,0.7171717171717172,1.820893708748244
72,0.7272727272727273,1.7964230668754773
73,0.7373737373737375,1.7726607287114862
74,0.7474747474747475,1.7510060696725982
75,0.7575757575757577,1.7318536496243868
76,0.7676767676767677,1.7142141076110122
77,0.7777777777777778,1.696079958741687
78,0.787878787878788,1.6756851860329425
79,0.797979797979798,1.652682683581112
80,0.8080808080808082,1.6282148632348035
81,0.8181818181818182,1.6040037046406381
82,0.8282828282828284,1.5813820549631266
83,0.8383838383838385,1.5607859456199056
84,0.8484848484848485,1.5416186400353216
85,0.8585858585858587,1.522507264820956
86,0.8686868686868687,1.5021486635384949
87,0.8787878787878789,1.480335069533301
88,0.888888888888889,1.4581294199048
89,0.8989898989898991,1.4368412680329727
90,0.9090909090909092,1.416871011868477
91,0.9191919191919192,1.3976119919335677
92,0.9292929292929294,1.3779786054594996
93,0.9393939393939394,1.3558428297361012
94,0.9494949494949496,1.3256542315163513
95,0.9595959595959597,1.2761615924802663
96,0.9696969696969697,1.191827525327266
97,0.9797979797979799,1.0598847984796984
98,0.98989898989899,0.8801393825033771
99,1.0,0.6703227912209387
