,x,y,pNG
0,0.0,4.1273079055851363e-23,
1,0.6030150753768844,1.4264424214249546e-21,
2,1.2060301507537687,4.220844740516065e-20,
3,1.809045226130653,1.0698412155101547e-18,
4,2.4120603015075375,2.3241138739917422e-17,
5,3.015075376884422,4.329969215228186e-16,
6,3.618090452261306,6.923121310024953e-15,
7,4.221105527638191,9.506909879679044e-14,
8,4.824120603015075,1.1221696440610393e-12,
9,5.427135678391959,1.139599025726313e-11,0.11653302654971055
10,6.030150753768844,9.966546327208183e-11,0.1139059902165791
11,6.633165829145728,7.514400132888435e-10,0.11634409005397894
12,7.236180904522612,4.889844523360732e-09,0.11664202782583745
13,7.839195979899497,2.749683569865521e-08,0.11653805602992072
14,8.442211055276381,1.3379647637842681e-07,0.1165112671273707
15,9.045226130653266,5.642036148399288e-07,0.11660866302727856
16,9.64824120603015,2.065398713169925e-06,0.11689966618176305
17,10.251256281407034,6.576991409950074e-06,0.11735887784089695
18,10.854271356783919,1.8263040318876338e-05,0.11803577021216773
19,11.457286432160803,4.435934269754284e-05,0.1190641735965784
20,12.060301507537687,9.462812519400596e-05,0.12210810431598673
21,12.663316582914572,0.00017826300806995758,0.1301970261914387
22,13.266331658291456,0.0002988424871122381,0.1446683651140631
23,13.86934673366834,0.0004507265740960707,0.15132613545856433
24,14.472361809045225,0.0006211377900233248,0.15015362122850173
25,15.07537688442211,0.0007985614976308372,0.14895461253090836
26,15.678391959798994,0.000982210455144806,0.14782323316355395
27,16.281407035175878,0.001185247885868341,0.14676286051042264
28,16.884422110552762,0.001429406934719298,0.14575159061838894
29,17.487437185929647,0.0017359700376487499,0.14482850316885398
30,18.09045226130653,0.0021202185180087345,0.14403540895459288
31,18.693467336683415,0.0025918697991195896,0.14339566912656546
32,19.2964824120603,0.003158272356286721,0.14291140999483287
33,19.899497487437184,0.003825646394225869,0.14248869536912
34,20.50251256281407,0.004596875587337501,0.1419239540512892
35,21.105527638190953,0.005469228136258029,0.1409689444474581
36,21.708542713567837,0.006436943762049826,0.1395810813377517
37,22.31155778894472,0.007497772148349944,0.13782139126124515
38,22.914572864321606,0.00865411123242597,0.13595276193401107
39,23.51758793969849,0.009901470308141312,0.13408206991801153
40,24.120603015075375,0.01121195689086131,0.13232970105908592
41,24.72361809045226,0.012530288475350242,0.13069546936945986
42,25.326633165829143,0.013789417700935733,0.12917477133156352
43,25.929648241206028,0.014934114677352554,0.12776600473104138
44,26.532663316582912,0.015936502002837066,0.1264457028052558
45,27.135678391959797,0.016799450901404236,0.12523201499550873
46,27.73869346733668,0.01755397515437969,0.12412106148749558
47,28.341708542713565,0.018254347281142915,0.1231082498485806
48,28.94472361809045,0.018966781198516733,0.12219835746425213
49,29.547738693467334,0.019747178411850787,0.1213803328601688
50,30.15075376884422,0.020614936264109523,0.12065030457755188
51,30.753768844221103,0.021542381746460393,0.120001298781247
52,31.356783919597987,0.022474141844122806,0.1193973001456512
53,31.95979899497487,0.023364996520502106,0.11884262000365907
54,32.562814070351756,0.02420522458389863,0.11837679373885167
55,33.16582914572864,0.02501499818679593,0.11800425783868262
56,33.768844221105525,0.025820167522333605,0.1177766938818432
57,34.37185929648241,0.02663352033475017,0.11770380834221195
58,34.97487437185929,0.027449703267783954,0.11776498305479488
59,35.577889447236174,0.028246641524723125,0.1179350671658138
60,36.18090452261306,0.028990196698156806,0.11824806712159565
61,36.78391959798995,0.029646020957626133,0.11872652691451313
62,37.38693467336683,0.03019528181099305,0.11935606979152726
63,37.98994974874371,0.03064100974679789,0.1200674739557327
64,38.5929648241206,0.0309987685700378,0.12096549204397368
65,39.19597989949749,0.03128201182107132,0.12220802727346193
66,39.79899497487437,0.03149700790054292,0.1240590185298801
67,40.40201005025125,0.03165118546480969,0.1262254958239426
68,41.00502512562814,0.031766174459804966,0.12901524723755994
69,41.608040201005025,0.031881766936959356,0.13264936020557294
70,42.211055276381906,0.0320414999249561,0.1368049832714725
71,42.81407035175879,0.03226533529378184,0.14200882257376535
72,43.417085427135675,0.032530486360105595,0.1477575375469442
73,44.02010050251256,0.032779769457772764,0.15523376132987265
74,44.62311557788944,0.03295543122030936,0.1645218863811868
75,45.226130653266324,0.03303462457283678,0.17474817961851294
76,45.82914572864321,0.033039217559930195,0.1867635327295468
77,46.4321608040201,0.033010809618946056,0.1999817360926971
78,47.03517587939698,0.0329706583546328,0.2153986504495634
79,47.63819095477386,0.03289916143779551,0.23367307340069865
80,48.24120603015075,0.03275116811457251,0.2541750433132569
81,48.84422110552764,0.03248841270369445,0.2778982929045555
82,49.44723618090452,0.03209843491136025,0.3044493194435779
83,50.0502512562814,0.03158953300194473,0.3335826524408855
84,50.65326633165829,0.030972746325629914,0.3682576620640795
85,51.256281407035175,0.030243881269218554,0.4061328771296283
86,51.859296482412056,0.029374087796827604,0.4467824732410379
87,52.46231155778894,0.02831848653978067,0.4897081837207603
88,53.065326633165824,0.02704711521554261,0.5305371432248995
89,53.66834170854271,0.025582258165618106,0.5754349331426734
90,54.27135678391959,0.024009991117649825,0.6204526477653556
91,54.874371859296474,0.022446962176785486,0.6686703607778071
92,55.47738693467336,0.02098112807857303,0.7036392948040286
93,56.08040201005025,0.019631233007716634,0.7448665731370919
94,56.68341708542713,0.018355497104819592,0.7781473786908085
95,57.28643216080401,0.01709727581171695,0.8130644305257209
96,57.8894472361809,0.01582611526498021,0.8394760254266921
97,58.49246231155779,0.014544042652804156,0.8643239528197739
98,59.09547738693467,0.013263936814496058,0.8832650004028977
99,59.69849246231155,0.011990346501772393,0.901692013622792
100,60.30150753768844,0.010722680964827052,0.9176388357498321
101,60.904522613065325,0.009472542968637615,0.9290723256490891
102,61.507537688442206,0.008272182058950632,0.9374390500705744
103,62.110552763819086,0.007162560274715479,0.9465089835711851
104,62.713567839195974,0.006171919820795803,0.9554485368220884
105,63.31658291457286,0.005304514444488076,0.9618827185926692
106,63.91959798994974,0.004547392742360266,0.966514729382104
107,64.52261306532662,0.0038858331155788048,0.9707151181327884
108,65.12562814070351,0.0033125316788832834,0.9748652102807962
109,65.7286432160804,0.002824698805789043,0.9789235204326869
110,66.33165829145727,0.0024160744535419694,0.982054183861134
111,66.93467336683416,0.0020744103542857254,0.984830709212502
112,67.53768844221105,0.001786250457982431,0.9862290788069796
113,68.14070351758794,0.0015412972878551116,0.9891591343540518
114,68.74371859296483,0.0013306010430736734,0.9906928825279911
115,69.3467336683417,0.001142615338600601,0.9920806214584008
116,69.94974874371859,0.0009645490790577198,0.9929066720582732
117,70.55276381909547,0.0007891762884368908,0.9937565377466252
118,71.15577889447235,0.0006198961136830045,0.994064112388512
119,71.75879396984924,0.0004684792354354857,0.9948312099186508
120,72.36180904522612,0.00034720248615262967,0.9948815620706044
121,72.96482412060301,0.0002613895900933912,0.9952259865019109
122,73.5678391959799,0.0002069145041215803,0.9953641998322228
123,74.17085427135677,0.0001731851010210027,0.9954250962976796
124,74.77386934673366,0.00014890443648698964,0.9954702104737104
125,75.37688442211055,0.0001267837619625456,0.995861849844048
126,75.97989949748742,0.00010466403008842604,0.9959614409229064
127,76.58291457286431,8.343059322774151e-05,0.99598179825826
128,77.1859296482412,6.430498064543866e-05,0.9967654601733772
129,77.78894472361809,4.76670183822434e-05,0.998842976625888
130,78.39195979899498,3.343538351693762e-05,0.998905327525275
131,78.99497487437185,2.170375318689895e-05,0.9989565960841604
132,79.59798994974874,1.276002962929158e-05,0.9991971866593058
133,80.20100502512562,6.678957105151865e-06,0.999291987895118
134,80.8040201005025,3.0741915833146717e-06,0.999339479852954
135,81.40703517587939,1.2336249209511654e-06,0.999481474008721
136,82.01005025125627,4.2901790040933187e-07,0.9995335445737406
137,82.61306532663316,1.2876190655883054e-07,0.9995829355450242
138,83.21608040201005,3.325193324816161e-08,0.9996254665950024
139,83.81909547738692,7.372550428857071e-09,0.9996647950718676
140,84.42211055276381,1.4011808970877709e-09,0.9996997568831856
141,85.0251256281407,2.2799757958641723e-10,0.9997619143721346
142,85.62814070351757,3.1735162935546375e-11,0.9997920046015406
143,86.23115577889446,3.776043457388693e-12,0.9998196170480734
144,86.83417085427135,3.838855605732569e-13,0.9998432094851379
145,87.43718592964824,3.333275531551401e-14,0.9998649488455764
146,88.04020100502512,2.471276398959697e-15,0.99988487280719
147,88.643216080402,1.5640769638273098e-16,0.9999016504316612
148,89.24623115577889,8.449095731833993e-18,0.9999160324162528
149,89.84924623115577,3.895142511552757e-19,0.999928776063581
150,90.45226130653265,1.5323434173459187e-20,0.9999405402815259
151,91.05527638190954,5.143715383185664e-22,0.9999501720104448
152,91.65829145728642,1.4731999966378312e-23,0.9999586857968814
153,92.26130653266331,3.5999130461597215e-25,0.9999657957505882
154,92.8643216080402,7.505052385798302e-27,0.9999720860985318
155,93.46733668341707,1.3348610419715942e-28,0.999977166883011
156,94.07035175879396,2.0254928949148143e-30,0.999981248735331
157,94.67336683417085,2.621992101161036e-32,0.9999846875693342
158,95.27638190954772,2.8955639129958644e-34,0.9999875296772271
159,95.87939698492461,2.7279243240432192e-36,0.9999899200490552
160,96.4824120603015,2.192431336119488e-38,0.9999919234620246
161,97.08542713567839,1.5031835062585978e-40,0.99999357983206
162,97.68844221105527,8.792019268486278e-43,0.9999948902426136
163,98.29145728643215,4.386868242398352e-45,0.9999959576842092
164,98.89447236180904,1.8672775818489336e-47,0.9999968004441632
165,99.49748743718592,6.780328606218318e-50,0.9999974791477106
166,100.1005025125628,2.100291522412306e-52,0.9999980168311898
167,100.70351758793969,5.550025034150161e-55,0.9999984479545454
168,101.30653266331657,1.2511128442101852e-57,0.9999987895634164
169,101.90954773869346,2.4059352437628705e-60,0.9999990586066524
170,102.51256281407035,3.9469087943950417e-63,0.9999992735872136
171,103.11557788944722,5.523518273110527e-66,0.9999994400292536
172,103.71859296482411,6.594166757297093e-69,0.9999995700050068
173,104.321608040201,6.715670648158035e-72,0.9999996702582516
174,104.92462311557787,5.834506312504049e-75,0.9999997498123028
175,105.52763819095476,4.324182801430734e-78,0.9999998102638902
176,106.13065326633165,2.7339410129178215e-81,0.9999998584168952
177,106.73366834170854,1.4745495342555336e-84,0.9999998922561202
178,107.33668341708542,6.784450822738639e-88,0.999999919257452
179,107.9396984924623,2.6629015985333376e-91,0.9999999393484252
180,108.54271356783919,8.916216599991818e-95,0.9999999542826608
181,109.14572864321607,2.546778429468261e-98,0.9999999655086846
182,109.74874371859295,6.205642713010862e-102,0.9999999748618508
183,110.35175879396984,1.289933785812943e-105,0.9999999814059162
184,110.95477386934672,2.287352553945886e-109,0.9999999866680408
185,111.55778894472361,3.4600616357857563e-113,0.9999999903636898
186,112.1608040201005,4.4649807944798046e-117,0.9999999928938484
187,112.76381909547737,4.9151908558260805e-121,0.999999994897914
188,113.36683417085426,4.615791744058573e-125,0.9999999963778848
189,113.96984924623115,3.697745810564102e-129,0.9999999973937774
190,114.57286432160802,2.527044722817815e-133,0.9999999980910654
191,115.17587939698491,1.473241106569527e-137,0.9999999986462084
192,115.7788944723618,7.326891382312407e-142,0.9999999990213077
193,116.38190954773869,3.108498795025478e-146,0.9999999993076756
194,116.98492462311557,1.1250366683637533e-150,0.9999999995054424
195,117.58793969849245,3.4735029815159817e-155,0.9999999996567859
196,118.19095477386934,9.148580168836232e-160,0.9999999997622596
197,118.79396984924622,2.0555343749883534e-164,0.9999999998341778
198,119.3969849246231,3.9398602131323817e-169,0.9999999998847088
199,120.0,6.442017585025265e-174,0.9999999999190756
