,x,y
0,0.0,1.3091288609374148e-16
1,0.010101010101010102,3.8046752069750365e-15
2,0.020202020202020204,9.037418181229596e-14
3,0.030303030303030304,1.754929589128733e-12
4,0.04040404040404041,2.7867061715922493e-11
5,0.05050505050505051,3.619988223554111e-10
6,0.06060606060606061,3.848845793260178e-09
7,0.07070707070707072,3.3516511285542484e-08
8,0.08080808080808081,2.392739971689191e-07
9,0.09090909090909091,1.4021744166647058e-06
10,0.10101010101010102,6.757576228845395e-06
11,0.11111111111111112,2.6859663570836315e-05
12,0.12121212121212122,8.845600923968742e-05
13,0.13131313131313133,0.00024324269059269337
14,0.14141414141414144,0.0005659850101335525
15,0.15151515151515152,0.0011389772524760852
16,0.16161616161616163,0.002046388253387843
17,0.17171717171717174,0.0034029707960973638
18,0.18181818181818182,0.005370326532252814
19,0.19191919191919193,0.008065896112696532
20,0.20202020202020204,0.011411356856361295
21,0.21212121212121213,0.01515463547666408
22,0.22222222222222224,0.019127256937216466
23,0.23232323232323235,0.023380751291284748
24,0.24242424242424243,0.02791352668579011
25,0.25252525252525254,0.03234504486614309
26,0.26262626262626265,0.03614589646592445
27,0.27272727272727276,0.03937286458553643
28,0.2828282828282829,0.04313636689252417
29,0.29292929292929293,0.04921338194710654
30,0.30303030303030304,0.059086359497922465
31,0.31313131313131315,0.07327153629232669
32,0.32323232323232326,0.09157438810986361
33,0.33333333333333337,0.11404999235367665
34,0.3434343434343435,0.14155172578825662
35,0.3535353535353536,0.17482986349067725
36,0.36363636363636365,0.21268941685025136
37,0.37373737373737376,0.25122332236489237
38,0.38383838383838387,0.2853589362052185
39,0.393939393939394,0.31147465990899253
40,0.4040404040404041,0.3289515774740753
41,0.4141414141414142,0.34030389191148097
42,0.42424242424242425,0.35089982824067234
43,0.43434343434343436,0.36805980503505165
44,0.4444444444444445,0.3981678301588283
45,0.4545454545454546,0.4425885055093412
46,0.4646464646464647,0.4963800042762197
47,0.4747474747474748,0.5524330009237007
48,0.48484848484848486,0.6075493787694591
49,0.494949494949495,0.6638572632200406
50,0.5050505050505051,0.7242104455183028
51,0.5151515151515152,0.7874970870292413
52,0.5252525252525253,0.849270767328091
53,0.5353535353535354,0.9061593891110706
54,0.5454545454545455,0.9590211182625451
55,0.5555555555555556,1.0129969364035722
56,0.5656565656565657,1.0757818846005447
57,0.5757575757575758,1.1544935587363825
58,0.5858585858585859,1.2509705151699648
59,0.595959595959596,1.3583223344992015
60,0.6060606060606061,1.462845168415348
61,0.6161616161616162,1.5509919454120074
62,0.6262626262626263,1.616219965202697
63,0.6363636363636365,1.661080813319905
64,0.6464646464646465,1.6940098223117679
65,0.6565656565656566,1.7236259556199756
66,0.6666666666666667,1.754351624896507
67,0.6767676767676768,1.7856572532394452
68,0.686868686868687,1.8144940678938595
69,0.696969696969697,1.838696201260359
70,0.7070707070707072,1.859051414541376
71,0.7171717171717172,1.8789944885323373
72,0.7272727272727273,1.903003489473178
73,0.7373737373737375,1.9358463927687837
74,0.7474747474747475,1.9826413844955255
75,0.7575757575757577,2.046794767505347
76,0.7676767676767677,2.1249987316964485
77,0.7777777777777778,2.2042264894175654
78,0.787878787878788,2.2660615496715324
79,0.797979797979798,2.296748302908767
80,0.8080808080808082,2.295740607260692
81,0.8181818181818182,2.2766412207065025
82,0.8282828282828284,2.2596044449411954
83,0.8383838383838385,2.2600204250382343
84,0.8484848484848485,2.2809273757802124
85,0.8585858585858587,2.3131289633341905
86,0.8686868686868687,2.3413629095923008
87,0.8787878787878789,2.3527886541076395
88,0.888888888888889,2.343848831494617
89,0.8989898989898991,2.32117940251987
90,0.9090909090909092,2.295706212284804
91,0.9191919191919192,2.2754727671100214
92,0.9292929292929294,2.263074058549504
93,0.9393939393939394,2.256260659909786
94,0.9494949494949496,2.2456995915086027
95,0.9595959595959597,2.208883244322169
96,0.9696969696969697,2.1083651631643505
97,0.9797979797979799,1.9050153384118065
98,0.98989898989899,1.5856664916671517
99,1.0,1.1852646638613484
