,x,y,pNG
0,0.0,7.186550937453071e-115,
1,0.6030150753768844,3.437590460282794e-109,
2,1.2060301507537687,1.1616122696380633e-103,
3,1.809045226130653,2.7729971697723905e-98,
4,2.4120603015075375,4.676565339822566e-93,
5,3.015075376884422,5.571890093324046e-88,
6,3.618090452261306,4.690132673300584e-83,
7,4.221105527638191,2.789230495492437e-78,
8,4.824120603015075,1.171954133416386e-73,
9,5.427135678391959,3.4791623200663955e-69,0.0
10,6.030150753768844,7.297739537472443e-65,0.0
11,6.633165829145728,1.0815940037521346e-60,0.0
12,7.236180904522612,1.132703324867043e-56,0.0
13,7.839195979899497,8.382221460528396e-53,0.0
14,8.442211055276381,4.383386632450528e-49,0.0
15,9.045226130653266,1.6198943418481043e-45,0.0
16,9.64824120603015,4.2306859853563427e-42,0.0
17,10.251256281407034,7.809188992527698e-39,0.002585978907965081
18,10.854271356783919,1.018824920568617e-35,0.013500177316229768
19,11.457286432160803,9.395579679658946e-33,0.0339219475192768
20,12.060301507537687,6.125131914463758e-30,0.08226461533642426
21,12.663316582914572,2.8230559582944375e-27,0.18418044839459854
22,13.266331658291456,9.20001557192173e-25,0.3192006451881578
23,13.86934673366834,2.1202453299829407e-22,0.3684109576405018
24,14.472361809045225,3.456119146284482e-20,0.3605660589044857
25,15.07537688442211,3.985558504824222e-18,0.3520987329421602
26,15.678391959798994,3.2523762156860935e-16,0.3438358482797802
27,16.281407035175878,1.8787218499824643e-14,0.3358285822525192
28,16.884422110552762,7.685055393761998e-13,0.3281231460832621
29,17.487437185929647,2.2272720837700496e-11,0.3208209068187877
30,18.09045226130653,4.576454755765308e-10,0.3143186594439993
31,18.693467336683415,6.672931469139288e-09,0.30892682649333697
32,19.2964824120603,6.914312865054817e-08,0.3050302149174896
33,19.899497487437184,5.103532782574365e-07,0.3015362444012054
34,20.50251256281407,2.6956954726761648e-06,0.2969878490934831
35,21.105527638190953,1.0286813885266995e-05,0.2896708418122551
36,21.708542713567837,2.8952142423269108e-05,0.2783271426515802
37,22.31155778894472,6.280094522389135e-05,0.2635294068171098
38,22.914572864321606,0.0001139183406129512,0.24702024562481886
39,23.51758793969849,0.000192724201472694,0.22992760889191746
40,24.120603015075375,0.00032867759154551075,0.2132596679617066
41,24.72361809045226,0.0005715938922332202,0.19729327143164388
42,25.326633165829143,0.0009944231779239626,0.1819333553905496
43,25.929648241206028,0.001692322851619131,0.1670245988181004
44,26.532663316582912,0.002773838328971948,0.15267749466664882
45,27.135678391959797,0.004374327932307523,0.13884866635146975
46,27.73869346733668,0.006671217344747055,0.12579082469666036
47,28.341708542713565,0.009835155915161015,0.1136895223277362
48,28.94472361809045,0.013954144105662902,0.10268306038132002
49,29.547738693467334,0.019007007806847397,0.09284806176755178
50,30.15075376884422,0.024842375735732388,0.0843358969516429
51,30.753768844221103,0.031171630431583514,0.07712171866661753
52,31.356783919597987,0.037660341489042584,0.07134755190352893
53,31.95979899497487,0.04399481518946859,0.06718080061879195
54,32.562814070351756,0.049826932936032624,0.06466491059792245
55,33.16582914572864,0.054790200878010696,0.06384844133919376
56,33.768844221105525,0.058691964907610875,0.06480094726227825
57,34.37185929648241,0.06164147336790271,0.06751261973709377
58,34.97487437185929,0.0638822330364451,0.07202041613581311
59,35.577889447236174,0.06558924626037356,0.07852724613247153
60,36.18090452261306,0.06693427669394837,0.0873614688297466
61,36.78391959798995,0.0680126825609529,0.09825118343759842
62,37.38693467336683,0.06849633398080619,0.111998208856793
63,37.98994974874371,0.06781402336065964,0.1285521381644471
64,38.5929648241206,0.06584859142988946,0.14870244801206545
65,39.19597989949749,0.06308110763240936,0.17234963992201147
66,39.79899497487437,0.06004623773492965,0.20072277591210508
67,40.40201005025125,0.05692071994453204,0.2326339262303724
68,41.00502512562814,0.05359236564649227,0.2676376011139616
69,41.608040201005025,0.049962696366453854,0.3047715148036787
70,42.211055276381906,0.04615172987893181,0.3435786099219493
71,42.81407035175879,0.042385145438518165,0.3853344221166149
72,43.417085427135675,0.03875503798558894,0.4268248674511882
73,44.02010050251256,0.03525607736386811,0.4698677793086414
74,44.62311557788944,0.03195477814586421,0.5154895314171577
75,45.226130653266324,0.02892246898985263,0.5575343020990238
76,45.82914572864321,0.026108600018896255,0.5990551468049039
77,46.4321608040201,0.02340707586958676,0.6373216969278366
78,47.03517587939698,0.020783550584996525,0.6751374039059331
79,47.63819095477386,0.018335486870654116,0.7121530786733851
80,48.24120603015075,0.016240819408513733,0.7459151192511393
81,48.84422110552764,0.014588011585860833,0.7774558144066097
82,49.44723618090452,0.013269657931472612,0.806520935173375
83,50.0502512562814,0.012083519158625525,0.8326942302538363
84,50.65326633165829,0.010912296527829999,0.8576555893841482
85,51.256281407035175,0.009777941257381207,0.8796588219362034
86,51.859296482412056,0.008743831455319312,0.8988453301127746
87,52.46231155778894,0.007813807336038685,0.9154264301414432
88,53.065326633165824,0.006940110765392732,0.9285890504258892
89,53.66834170854271,0.006097949620048007,0.9407791462948659
90,54.27135678391959,0.0053279316103623485,0.9511279838786804
91,54.874371859296474,0.004697007406062354,0.960536157003672
92,55.47738693467336,0.004219053440663206,0.966558707380048
93,56.08040201005025,0.003846168867146599,0.9728791287385014
94,56.68341708542713,0.0035457209977355,0.977472188126228
95,57.28643216080401,0.003318863379091665,0.9818743700105974
96,57.8894472361809,0.0031307076410472764,0.9849552157848732
97,58.49246231155779,0.0029087619063441995,0.9876708106632632
98,59.09547738693467,0.0026309353410469923,0.9896342780618672
99,59.69849246231155,0.002356346697503022,0.991462220054917
100,60.30150753768844,0.0021518970089696855,0.9929802293963674
101,60.904522613065325,0.002015261271675134,0.9940370486403466
102,61.507537688442206,0.0018863525571719108,0.9947934741266024
103,62.110552763819086,0.0017248610420741667,0.9955967443114208
104,62.713567839195974,0.0015609052660817803,0.9963721774570484
105,63.31658291457286,0.0014600114216699086,0.9969213245255326
106,63.91959798994974,0.0014393634707460154,0.9973122737599529
107,64.52261306532662,0.0014396176569886395,0.9976626783842416
108,65.12562814070351,0.001390437008117338,0.9980050667826634
109,65.7286432160804,0.0012839814978787972,0.9983363374735588
110,66.33165829145727,0.0011681728999935212,0.9985897121555004
111,66.93467336683416,0.0010818055855495489,0.9988126300677572
112,67.53768844221105,0.0010159436799831868,0.9989245979026278
113,68.14070351758794,0.0009344173996728959,0.9991566724801842
114,68.74371859296483,0.0008218317614695563,0.999277713695395
115,69.3467336683417,0.0007037508058414815,0.9993867034894122
116,69.94974874371859,0.0006133817663900096,0.9994516302587084
117,70.55276381909547,0.0005575838384031312,0.9995181835825536
118,71.15577889447235,0.0005230261352068456,0.999542518911558
119,71.75879396984924,0.000489424828242812,0.9996022874241656
120,72.36180904522612,0.0004372636606302831,0.9996066758244726
121,72.96482412060301,0.00036717975642331757,0.9996336787104304
122,73.5678391959799,0.00030723221820929964,0.9996447217671668
123,74.17085427135677,0.0002824244929124022,0.9996498167775171
124,74.77386934673366,0.000285657803854453,0.9996538596004352
125,75.37688442211055,0.0002925367869136575,0.9996845597269745
126,75.97989949748742,0.000289824678499561,0.9996929732001444
127,76.58291457286431,0.00027770163585387714,0.9996954881189823
128,77.1859296482412,0.0002623468342376018,0.9997556550970618
129,77.78894472361809,0.00025208999265318637,0.9999130981292907
130,78.39195979899498,0.00024649170973091764,0.9999180487738458
131,78.99497487437185,0.00023659590771902942,0.9999219837765814
132,79.59798994974874,0.00022336131994660485,0.9999402271325668
133,80.20100502512562,0.00021897793207637789,0.99994741776928
134,80.8040201005025,0.0002253054209798795,0.9999512070627551
135,81.40703517587939,0.00022903280602809358,0.9999619245442796
136,82.01005025125627,0.0002237216464607469,0.9999658301204141
137,82.61306532663316,0.0002192272140117469,0.9999694853981256
138,83.21608040201005,0.00022110402934324362,0.9999726886782132
139,83.81909547738692,0.0002156866416256892,0.9999756790217249
140,84.42211055276381,0.00018591136151838608,0.9999782778252146
141,85.0251256281407,0.00013405991573346525,0.9999828363536494
142,85.62814070351757,8.110899794853652e-05,0.9999850611555962
143,86.23115577889446,4.6340916906425514e-05,0.999987106445656
144,86.83417085427135,3.194916154701261e-05,0.9999888573670892
145,87.43718592964824,2.7031685862420744e-05,0.9999904221105668
146,88.04020100502512,2.2973603488201854e-05,0.9999918489461
147,88.643216080402,2.061591130003442e-05,0.9999930459869476
148,89.24623115577889,2.2635907362839306e-05,0.9999940767140856
149,89.84924623115577,2.6170264661789668e-05,0.9999949986651075
150,90.45226130653265,2.7332914591121033e-05,0.9999958278429184
151,91.05527638190954,2.711795921655141e-05,0.9999965102603317
152,91.65829145728642,2.7082389998719303e-05,0.9999971092090366
153,92.26130653266331,2.4762562742142386e-05,0.9999976109291896
154,92.8643216080402,1.8995649396075875e-05,0.9999980506482068
155,93.46733668341707,1.4330070967683905e-05,0.9999984070194944
156,94.07035175879396,1.552440195957603e-05,0.9999986966522272
157,94.67336683417085,2.073966095516276e-05,0.9999989401579188
158,95.27638190954772,2.3092003518812563e-05,0.9999991376472176
159,95.87939698492461,1.872728599180736e-05,0.9999993038652076
160,96.4824120603015,1.078080231634712e-05,0.99999944299943
161,97.08542713567839,4.386558467785523e-06,0.9999995570450008
162,97.68844221105527,1.2606352815882337e-06,0.9999996476800244
163,98.29145728643215,2.558576440070461e-07,0.9999997214058484
164,98.89447236180904,3.667268845179885e-08,0.9999997797164736
165,99.49748743718592,3.7121132737393976e-09,0.9999998269564752
166,100.1005025125628,2.653588643584387e-10,0.9999998641329392
167,100.70351758793969,1.3396145453032087e-11,0.9999998936517678
168,101.30653266331657,4.775952271982962e-13,0.9999999170475808
169,101.90954773869346,1.2024692244633999e-14,0.9999999355245344
170,102.51256281407035,2.1380695583749075e-16,0.9999999502145228
171,103.11557788944722,2.6847481904430635e-18,0.9999999615823068
172,103.71859296482411,2.38077939210344e-20,0.9999999705524596
173,104.321608040201,1.4909690182763862e-22,0.999999977408596
174,104.92462311557787,6.594045683847374e-25,0.9999999828515836
175,105.52763819095476,2.0595348836837356e-27,0.9999999869956138
176,106.13065326633165,4.542764476678134e-30,0.9999999903002158
177,106.73366834170854,7.076282424949162e-33,0.9999999926281664
178,107.33668341708542,7.784378830221437e-36,0.9999999944901076
179,107.9396984924623,6.047510568548402e-39,0.9999999958829449
180,108.54271356783919,3.31789911959731e-42,0.999999996908535
181,109.14572864321607,1.2855340565527299e-45,0.9999999976648252
182,109.74874371859295,3.517530436186732e-49,0.9999999982937936
183,110.35175879396984,6.797136781406425e-53,0.999999998745475
184,110.95477386934672,9.275728387935321e-57,0.9999999991010828
185,111.55778894472361,8.939308080791303e-61,0.9999999993469078
186,112.1608040201005,6.084062331305099e-65,0.9999999995178009
187,112.76381909547737,2.924268679373446e-69,0.9999999996524364
188,113.36683417085426,9.926011152590361e-74,0.9999999997522412
189,113.96984924623115,2.3793926352917824e-78,0.9999999998203628
190,114.57286432160802,4.028017375919805e-83,0.9999999998694008
191,115.17587939698491,4.8156002214058166e-88,0.9999999999072636
192,115.7788944723618,4.065775404140518e-93,0.9999999999335344
193,116.38190954773869,2.4242098466720272e-98,0.9999999999531044
194,116.98492462311557,1.0207770696695176e-103,0.9999999999664094
195,117.58793969849245,3.035466669504657e-109,0.99999999997658
196,118.19095477386934,6.374614107067405e-115,0.9999999999837672
197,118.79396984924622,9.454013074541838e-121,0.999999999988682
198,119.3969849246231,9.901759318934448e-127,0.99999999999207
199,120.0,7.323899919530742e-133,0.9999999999944272
