,x,y
0,0.0,9.875321179328228e-21
1,0.010101010101010102,4.422272932312266e-19
2,0.020202020202020204,1.6344517209777214e-17
3,0.030303030303030304,4.98709635981589e-16
4,0.04040404040404041,1.256657143438888e-14
5,0.05050505050505051,2.616123067339544e-13
6,0.06060606060606061,4.501891495905675e-12
7,0.07070707070707072,6.407778992698018e-11
8,0.08080808080808081,7.550055605062031e-10
9,0.09090909090909091,7.3718351040008825e-09
10,0.10101010101010102,5.972669208720905e-08
11,0.11111111111111112,4.0224727140838406e-07
12,0.12121212121212122,2.2571649543316565e-06
13,0.13131313131313133,1.0586277762934339e-05
14,0.14141414141414144,4.167675167569671e-05
15,0.15151515151515152,0.00013854046523069317
16,0.16161616161616163,0.0003920293711423236
17,0.17171717171717174,0.0009547725702595714
18,0.18181818181818182,0.002030212536667531
19,0.19191919191919193,0.003834873379257323
20,0.20202020202020204,0.006555013067091826
21,0.21212121212121213,0.010311527790769324
22,0.22222222222222224,0.015117646746178515
23,0.23232323232323235,0.02082559980896933
24,0.24242424242424243,0.027104050853578004
25,0.25252525252525254,0.033475508832068956
26,0.26262626262626265,0.03940169215286206
27,0.27272727272727276,0.04446747440403422
28,0.2828282828282829,0.048758785056921036
29,0.29292929292929293,0.05327885500479526
30,0.30303030303030304,0.05991767751271351
31,0.31313131313131315,0.07070244618154112
32,0.32323232323232326,0.0867898125576618
33,0.33333333333333337,0.10804452647514698
34,0.3434343434343435,0.13358262219072242
35,0.3535353535353536,0.1628458605526541
36,0.36363636363636365,0.19630586117830273
37,0.37373737373737376,0.23507655177802633
38,0.38383838383838387,0.2796119958860187
39,0.393939393939394,0.328716478558644
40,0.4040404040404041,0.38003493637122326
41,0.4141414141414142,0.43172942018399285
42,0.42424242424242425,0.48379897563563723
43,0.43434343434343436,0.5379025197887115
44,0.4444444444444445,0.5959146482391149
45,0.4545454545454546,0.6584007855887006
46,0.4646464646464647,0.7242690791382361
47,0.4747474747474748,0.7918766720496657
48,0.48484848484848486,0.8603519177774174
49,0.494949494949495,0.9297222566753656
50,0.5050505050505051,1.0000310672981212
51,0.5151515151515152,1.0705534933972987
52,0.5252525252525253,1.139518364266371
53,0.5353535353535354,1.204391727683146
54,0.5454545454545455,1.263078709303104
55,0.5555555555555556,1.3155956452232234
56,0.5656565656565657,1.3645666069171645
57,0.5757575757575758,1.4136536181033834
58,0.5858585858585859,1.465196493012742
59,0.595959595959596,1.5191620677117
60,0.6060606060606061,1.5739668234325945
61,0.6161616161616162,1.6276746757233214
62,0.6262626262626263,1.678182657724055
63,0.6363636363636365,1.723326523755661
64,0.6464646464646465,1.7625104531001667
65,0.6565656565656566,1.79852530775542
66,0.6666666666666667,1.8363706528863575
67,0.6767676767676768,1.8791253336541631
68,0.686868686868687,1.9248240303891895
69,0.696969696969697,1.9673393672897879
70,0.7070707070707072,2.000316676319015
71,0.7171717171717172,2.0209866042613034
72,0.7272727272727273,2.0313482717900264
73,0.7373737373737375,2.036400557951215
74,0.7474747474747475,2.0410810896820726
75,0.7575757575757577,2.047951074476347
76,0.7676767676767677,2.0564669701351783
77,0.7777777777777778,2.063499388957593
78,0.787878787878788,2.064906614714648
79,0.797979797979798,2.058392197200085
80,0.8080808080808082,2.046417126480108
81,0.8181818181818182,2.035952065283988
82,0.8282828282828284,2.0337865942719118
83,0.8383838383838385,2.0413822930451855
84,0.8484848484848485,2.0545036496356484
85,0.8585858585858587,2.067276091763331
86,0.8686868686868687,2.0755818807076105
87,0.8787878787878789,2.0772130872937242
88,0.888888888888889,2.0710776544007135
89,0.8989898989898991,2.05770544923017
90,0.9090909090909092,2.0400104846995704
91,0.9191919191919192,2.0224990969049808
92,0.9292929292929294,2.0088108906984172
93,0.9393939393939394,1.9980725011453726
94,0.9494949494949496,1.9803918940299066
95,0.9595959595959597,1.933639571540734
96,0.9696969696969697,1.8264440326299467
97,0.9797979797979799,1.6314481134062855
98,0.98989898989899,1.3452355327362937
99,1.0,1.0009642133546384
