,x,y,pNG
0,0.0,1.4658914955e-314,
1,0.6030150753768844,7.772912716458001e-300,
2,1.2060301507537687,1.803346347445747e-285,
3,1.809045226130653,1.830576513762239e-271,
4,2.4120603015075375,8.130364486012792e-258,
5,3.015075376884422,1.5799579661452397e-244,
6,3.618090452261306,1.3433662660694006e-231,
7,4.221105527638191,4.997545210079129e-219,
8,4.824120603015075,8.134529021598101e-207,
9,5.427135678391959,5.793239487611378e-195,0.0
10,6.030150753768844,1.8051942421618752e-183,0.0
11,6.633165829145728,2.4611596437170772e-172,0.0
12,7.236180904522612,1.4681452329559622e-161,0.0
13,7.839195979899497,3.8318777251145866e-151,0.0
14,8.442211055276381,4.3759026848378737e-141,0.0
15,9.045226130653266,2.186437461159673e-131,0.0
16,9.64824120603015,4.7799115373641175e-122,0.0
17,10.251256281407034,4.5721035712742705e-113,0.002585978907965081
18,10.854271356783919,1.9134876963116347e-104,0.013500177316229768
19,11.457286432160803,3.5038759738395914e-96,0.0339219475192768
20,12.060301507537687,2.807276937369729e-88,0.08226461533642426
21,12.663316582914572,9.84091222990425e-81,0.18418044839459854
22,13.266331658291456,1.5093820919136107e-73,0.3192006451881578
23,13.86934673366834,1.0129245162225086e-66,0.3684109576405018
24,14.472361809045225,2.9741964410293485e-60,0.3605660589044857
25,15.07537688442211,3.821009379658315e-54,0.3520987329421602
26,15.678391959798994,2.147854251951869e-48,0.3438358482797802
27,16.281407035175878,5.282681146475744e-43,0.3358285822525192
28,16.884422110552762,5.68507274306442e-38,0.3281231460832621
29,17.487437185929647,2.6771202732914e-33,0.3208209068187877
30,18.09045226130653,5.516789871492703e-29,0.3143186594439993
31,18.693467336683415,4.975830771837552e-25,0.30892682649333697
32,19.2964824120603,1.964974847905464e-21,0.3050302149174896
33,19.899497487437184,3.399982168853976e-18,0.3015362444012054
34,20.50251256281407,2.5816390292754838e-15,0.2969878490934831
35,21.105527638190953,8.631167441541364e-13,0.2896708418122551
36,21.708542713567837,1.280061334958749e-10,0.2783271426515802
37,22.31155778894472,8.564032910523877e-09,0.2635294068171098
38,22.914572864321606,2.6838497439625447e-07,0.24702024562481886
39,23.51758793969849,4.258139102948707e-06,0.22992760889191746
40,24.120603015075375,3.8808053111716887e-05,0.2132596679617066
41,24.72361809045226,0.00023059259030672112,0.19729327143164388
42,25.326633165829143,0.0009546944266740344,0.1819333553905496
43,25.929648241206028,0.0028808861602394142,0.1670245988181004
44,26.532663316582912,0.006730643084028867,0.15267749466664882
45,27.135678391959797,0.012860015449906509,0.13884866635146975
46,27.73869346733668,0.020670368242983312,0.12579082469666036
47,28.341708542713565,0.028363833663439145,0.1136895223277362
48,28.94472361809045,0.03518919131501107,0.10268306038132002
49,29.547738693467334,0.041612954809593664,0.09284806176755178
50,30.15075376884422,0.0471077796940215,0.0843358969516429
51,30.753768844221103,0.05158855725613462,0.07712171866661753
52,31.356783919597987,0.055521340804221164,0.07134755190352893
53,31.95979899497487,0.05945636417933887,0.06718080061879195
54,32.562814070351756,0.0629499348432515,0.06466491059792245
55,33.16582914572864,0.06554283446875236,0.06384844133919376
56,33.768844221105525,0.06866552191664937,0.06480094726227825
57,34.37185929648241,0.0720865264929082,0.06751261973709377
58,34.97487437185929,0.07442362817419407,0.07202041613581311
59,35.577889447236174,0.07643038335165733,0.07852724613247153
60,36.18090452261306,0.07797003946055031,0.0873614688297466
61,36.78391959798995,0.07838497342202587,0.09825118343759842
62,37.38693467336683,0.07775194605253133,0.111998208856793
63,37.98994974874371,0.07617099874829933,0.1285521381644471
64,38.5929648241206,0.07406813756053088,0.14870244801206545
65,39.19597989949749,0.07044227655137097,0.17234963992201147
66,39.79899497487437,0.06507038272553867,0.20072277591210508
67,40.40201005025125,0.05910740210731499,0.2326339262303724
68,41.00502512562814,0.0528795344742406,0.2676376011139616
69,41.608040201005025,0.04639859046859809,0.3047715148036787
70,42.211055276381906,0.03984511390525028,0.3435786099219493
71,42.81407035175879,0.03352125503539757,0.3853344221166149
72,43.417085427135675,0.027753630321712654,0.4268248674511882
73,44.02010050251256,0.022644319186424584,0.4698677793086414
74,44.62311557788944,0.018026700360626858,0.5154895314171577
75,45.226130653266324,0.013803443334059192,0.5575343020990238
76,45.82914572864321,0.010289545841703851,0.5990551468049039
77,46.4321608040201,0.007601870899571116,0.6373216969278366
78,47.03517587939698,0.005412512117868734,0.6751374039059331
79,47.63819095477386,0.0038409817031217165,0.7121530786733851
80,48.24120603015075,0.0029565771415104736,0.7459151192511393
81,48.84422110552764,0.0023785712184849228,0.7774558144066097
82,49.44723618090452,0.0019240040674745106,0.806520935173375
83,50.0502512562814,0.001596449329850517,0.8326942302538363
84,50.65326633165829,0.0013194814673159379,0.8576555893841482
85,51.256281407035175,0.0010236377757998545,0.8796588219362034
86,51.859296482412056,0.0007441613171139319,0.8988453301127746
87,52.46231155778894,0.000554765757330083,0.9154264301414432
88,53.065326633165824,0.00037901339886560747,0.9285890504258892
89,53.66834170854271,0.00022147658694647893,0.9407791462948659
90,54.27135678391959,0.00020398689958105098,0.9511279838786804
91,54.874371859296474,0.00028336946040956746,0.960536157003672
92,55.47738693467336,0.00027540439380571664,0.966558707380048
93,56.08040201005025,0.00014065424990187736,0.9728791287385014
94,56.68341708542713,3.456668745408496e-05,0.977472188126228
95,57.28643216080401,3.952864323606655e-06,0.9818743700105974
96,57.8894472361809,2.072519097754848e-07,0.9849552157848732
97,58.49246231155779,4.9415298367693705e-09,0.9876708106632632
98,59.09547738693467,5.326466571370636e-11,0.9896342780618672
99,59.69849246231155,2.582568815180489e-13,0.991462220054917
100,60.30150753768844,5.607063364502424e-16,0.9929802293963674
101,60.904522613065325,5.429047160993615e-19,0.9940370486403466
102,61.507537688442206,2.3359488006880103e-22,0.9947934741266024
103,62.110552763819086,4.45271125528756e-26,0.9955967443114208
104,62.713567839195974,3.7505524036361304e-30,0.9963721774570484
105,63.31658291457286,1.3930418248404207e-34,0.9969213245255326
106,63.91959798994974,2.2776991386283537e-39,0.9973122737599529
107,64.52261306532662,1.6372177846653917e-44,0.9976626783842416
108,65.12562814070351,5.168119785114388e-50,0.9980050667826634
109,65.7286432160804,7.158349289118334e-56,0.9983363374735588
110,66.33165829145727,4.347758899034049e-62,0.9985897121555004
111,66.93467336683416,1.1573678796192038e-68,0.9988126300677572
112,67.53768844221105,1.3497750991964925e-75,0.9989245979026278
113,68.14070351758794,6.8945283423896e-83,0.9991566724801842
114,68.74371859296483,1.5420552390280868e-90,0.999277713695395
115,69.3467336683417,1.509974881610869e-98,0.9993867034894122
116,69.94974874371859,6.472230978536597e-107,0.9994516302587084
117,70.55276381909547,1.2142458737331206e-115,0.9995181835825536
118,71.15577889447235,9.9699291750983e-125,0.999542518911558
119,71.75879396984924,3.5824732408269087e-134,0.9996022874241656
120,72.36180904522612,5.633239408230043e-144,0.9996066758244726
121,72.96482412060301,3.87615915850817e-154,0.9996336787104304
122,73.5678391959799,1.1670799954048264e-164,0.9996447217671668
123,74.17085427135677,1.5376080361093406e-175,0.9996498167775171
124,74.77386934673366,8.863989123207143e-187,0.9996538596004352
125,75.37688442211055,2.2358651988426244e-198,0.9996845597269745
126,75.97989949748742,2.467688989625559e-210,0.9996929732001444
127,76.58291457286431,1.1916815711062883e-222,0.9996954881189823
128,77.1859296482412,2.5179806087586102e-235,0.9997556550970618
129,77.78894472361809,2.3279029086519602e-248,0.9999130981292907
130,78.39195979899498,9.41664280071045e-262,0.9999180487738458
131,78.99497487437185,1.6666517711547082e-275,0.9999219837765814
132,79.59798994974874,1.2906552091438416e-289,0.9999402271325668
133,80.20100502512562,4.373120880845206e-304,0.99994741776928
134,80.8040201005025,6.4832e-319,0.9999512070627551
135,81.40703517587939,0.0,0.9999619245442796
136,82.01005025125627,0.0,0.9999658301204141
137,82.61306532663316,0.0,0.9999694853981256
138,83.21608040201005,0.0,0.9999726886782132
139,83.81909547738692,0.0,0.9999756790217249
140,84.42211055276381,0.0,0.9999782778252146
141,85.0251256281407,0.0,0.9999828363536494
142,85.62814070351757,0.0,0.9999850611555962
143,86.23115577889446,0.0,0.999987106445656
144,86.83417085427135,0.0,0.9999888573670892
145,87.43718592964824,0.0,0.9999904221105668
146,88.04020100502512,0.0,0.9999918489461
147,88.643216080402,0.0,0.9999930459869476
148,89.24623115577889,0.0,0.9999940767140856
149,89.84924623115577,0.0,0.9999949986651075
150,90.45226130653265,0.0,0.9999958278429184
151,91.05527638190954,0.0,0.9999965102603317
152,91.65829145728642,0.0,0.9999971092090366
153,92.26130653266331,0.0,0.9999976109291896
154,92.8643216080402,0.0,0.9999980506482068
155,93.46733668341707,0.0,0.9999984070194944
156,94.07035175879396,0.0,0.9999986966522272
157,94.67336683417085,0.0,0.9999989401579188
158,95.27638190954772,0.0,0.9999991376472176
159,95.87939698492461,0.0,0.9999993038652076
160,96.4824120603015,0.0,0.99999944299943
161,97.08542713567839,0.0,0.9999995570450008
162,97.68844221105527,0.0,0.9999996476800244
163,98.29145728643215,0.0,0.9999997214058484
164,98.89447236180904,0.0,0.9999997797164736
165,99.49748743718592,0.0,0.9999998269564752
166,100.1005025125628,0.0,0.9999998641329392
167,100.70351758793969,0.0,0.9999998936517678
168,101.30653266331657,0.0,0.9999999170475808
169,101.90954773869346,0.0,0.9999999355245344
170,102.51256281407035,0.0,0.9999999502145228
171,103.11557788944722,0.0,0.9999999615823068
172,103.71859296482411,0.0,0.9999999705524596
173,104.321608040201,0.0,0.999999977408596
174,104.92462311557787,0.0,0.9999999828515836
175,105.52763819095476,0.0,0.9999999869956138
176,106.13065326633165,0.0,0.9999999903002158
177,106.73366834170854,0.0,0.9999999926281664
178,107.33668341708542,0.0,0.9999999944901076
179,107.9396984924623,0.0,0.9999999958829449
180,108.54271356783919,0.0,0.999999996908535
181,109.14572864321607,0.0,0.9999999976648252
182,109.74874371859295,0.0,0.9999999982937936
183,110.35175879396984,0.0,0.999999998745475
184,110.95477386934672,0.0,0.9999999991010828
185,111.55778894472361,0.0,0.9999999993469078
186,112.1608040201005,0.0,0.9999999995178009
187,112.76381909547737,0.0,0.9999999996524364
188,113.36683417085426,0.0,0.9999999997522412
189,113.96984924623115,0.0,0.9999999998203628
190,114.57286432160802,0.0,0.9999999998694008
191,115.17587939698491,0.0,0.9999999999072636
192,115.7788944723618,0.0,0.9999999999335344
193,116.38190954773869,0.0,0.9999999999531044
194,116.98492462311557,0.0,0.9999999999664094
195,117.58793969849245,0.0,0.99999999997658
196,118.19095477386934,0.0,0.9999999999837672
197,118.79396984924622,0.0,0.999999999988682
198,119.3969849246231,0.0,0.99999999999207
199,120.0,0.0,0.9999999999944272
