,x,y,pNG
0,0.0,1.1673859093034231,0.0
1,0.005025125628140704,1.1679662338042058,0.0
2,0.010050251256281407,1.169687527469826,0.0
3,0.01507537688442211,1.1724916552624118,0.0
4,0.020100502512562814,1.1762846758294174,0.0
5,0.02512562814070352,1.1809410472104485,0.0
6,0.03015075376884422,1.1863090962623988,2.220446049250313e-16
7,0.035175879396984924,1.1922173809384535,1.1102230246251563e-15
8,0.04020100502512563,1.1984815323327527,7.549516567451064e-15
9,0.04522613065326633,1.2049111610183247,3.486100297322992e-14
10,0.05025125628140704,1.2113164495130408,1.383337888682945e-13
11,0.05527638190954774,1.2175141245511538,4.785061236134425e-13
12,0.06030150753768844,1.2233325992051074,1.4841461393189093e-12
13,0.06532663316582915,1.2286161819644827,4.199973702156966e-12
14,0.07035175879396985,1.233228351927,1.0992984300628448e-11
15,0.07537688442211056,1.2370541812766773,2.6898927529828146e-11
16,0.08040201005025126,1.2400020366506297,6.207279135139743e-11
17,0.08542713567839195,1.2420047040277928,1.3604450899151743e-10
18,0.09045226130653267,1.2430200586882285,2.8486080161371774e-10
19,0.09547738693467336,1.2430313508536306,5.726588092613838e-10
20,0.10050251256281408,1.2420471124964498,1.1098912899853983e-09
21,0.10552763819095477,1.2401006277871052,2.0812813694703887e-09
22,0.11055276381909548,1.237248864246458,3.7877010417020066e-09
23,0.11557788944723618,1.2335707453825573,6.707588262599984e-09
24,0.12060301507537688,1.229164663577699,1.1585287951199064e-08
25,0.12562814070351758,1.2241451822045792,1.955589989943718e-08
26,0.1306532663316583,1.2186389498802987,3.231887280019663e-08
27,0.135678391959799,1.212779934582757,5.237580780192985e-08
28,0.1407035175879397,1.2067041668454894,8.335175805118665e-08
29,0.1457286432160804,1.2005442468249332,1.304238063104535e-07
30,0.15075376884422112,1.1944239110377632,2.0088598262635318e-07
31,0.15577889447236182,1.1884529673935977,3.048856501708386e-07
32,0.16080402010050251,1.18272289304992,4.56373452140113e-07
33,0.1658291457286432,1.1773033533663722,6.743168279310653e-07
34,0.1708542713567839,1.172239848221165,9.84236007472994e-07
35,0.17587939698492464,1.1675526302702468,1.4201313316419828e-06
36,0.18090452261306533,1.16323697288583,2.0268817668700483e-06
37,0.18592964824120603,1.159264796007544,2.8632065637301807e-06
38,0.19095477386934673,1.1555875869877643,4.005295189735136e-06
39,0.19597989949748745,1.1521404813528808,5.551224879773997e-06
40,0.20100502512562815,1.1488472967900605,7.626300381979868e-06
41,0.20603015075376885,1.1456262460049182,1.0389466603921704e-05
42,0.21105527638190955,1.1423959958623973,1.404096181234493e-05
43,0.21608040201005024,1.1390816983799557,1.8831396625285105e-05
44,0.22110552763819097,1.1356206008442444,2.5072462055297784e-05
45,0.22613065326633167,1.1319668533013203,3.314948808097462e-05
46,0.23115577889447236,1.12809517472677,4.3536092309781615e-05
47,0.23618090452261306,1.1240031132063055,5.681117585598638e-05
48,0.24120603015075376,1.1197117352073183,7.367854016515629e-05
49,0.24623115577889448,1.11526469572475,9.498941356755886e-05
50,0.25125628140703515,1.1107257636623915,0.00012176818921816324
51,0.2562814070351759,1.1061749934578244,0.0001552416859715855
52,0.2613065326633166,1.1017038336989158,0.00019687224973952144
53,0.2663316582914573,1.0974095374357786,0.00024839501389539714
54,0.271356783919598,1.0933892810931722,0.0003118596320621503
55,0.2763819095477387,1.0897344066043966,0.0003896767836720771
56,0.2814070351758794,1.0865251750703595,0.00048466973030514277
57,0.2864321608040201,1.0838263632419765,0.0006001311670300603
58,0.2914572864321608,1.0816839522672437,0.0007398855655190718
59,0.2964824120603015,1.0801230593226376,0.0009083571420223092
60,0.30150753768844224,1.079147156392033,0.0011106435004868411
61,0.3065326633165829,1.0787385168869805,0.001352594895956072
62,0.31155778894472363,1.0788597403619864,0.0016408989323892784
63,0.3165829145728643,1.0794561374946317,0.0019831703484334273
64,0.32160804020100503,1.0804587185961276,0.002388045350483425
65,0.32663316582914576,1.0817875223679443,0.002865279720645764
66,0.3316582914572864,1.0833550460523698,0.0034258496541164085
67,0.33668341708542715,1.0850695874014404,0.004082053962641163
68,0.3417085427135678,1.0868383727682687,0.004847615915588244
69,0.34673366834170855,1.0885704113715595,0.005737782576480721
70,0.35175879396984927,1.09017907049881,0.0067694190313284395
71,0.35678391959798994,1.0915843996762884,0.007961094399166924
72,0.36180904522613067,1.0927152380471274,0.009333155971870122
73,0.36683417085427134,1.09351111906327,0.010907787261231872
74,0.37185929648241206,1.0939239472292923,0.012709045153906471
75,0.3768844221105528,1.0939193752137328,0.014762870813390228
76,0.38190954773869346,1.093477770728308,0.017097068455051878
77,0.3869346733668342,1.0925946447097845,0.01974124569636193
78,0.3919597989949749,1.0912804246626682,0.02272670890008477
79,0.3969849246231156,1.0895595017605373,0.02608630684242097
80,0.4020100502512563,1.0874685517924454,0.029854216217591656
81,0.40703517587939697,1.0850542156048277,0.0340656630069478
82,0.4120603015075377,1.0823703072658861,0.03875657466706151
83,0.4170854271356784,1.0794747801335052,0.04396315949513308
84,0.4221105527638191,1.0764267082532022,0.049721411466245535
85,0.4271356783919598,1.0732835259712896,0.05606654133791822
86,0.4321608040201005,1.0700987141789315,0.06303233788205452
87,0.4371859296482412,1.066920037892235,0.07065046668727748
88,0.44221105527638194,1.0637883442485376,0.07894971797521633
89,0.4472361809045226,1.0607368426205792,0.08795521912972826
90,0.45226130653266333,1.0577907278534062,0.09768763192004892
91,0.457286432160804,1.0549669860716886,0.1081623584180399
92,0.4623115577889447,1.0522742436363703,0.11938878302838417
93,0.46733668341708545,1.0497125773889642,0.13136958050521352
94,0.4723618090452261,1.0472732836280303,0.1441001209619175
95,0.47738693467336685,1.0449386845637005,0.1575680023811027
96,0.4824120603015075,1.0426821140381484,0.1717527387756841
97,0.48743718592964824,1.0404682530105855,0.18662562784702966
98,0.49246231155778897,1.0382539715032255,0.20214981580098268
99,0.49748743718592964,1.0359897789486578,0.21828056916742367
100,0.5025125628140703,1.033621900029218,0.2349657544500421
101,0.507537688442211,1.0310948957155353,0.2521465167880159
102,0.5125628140703518,1.0283546594504525,0.26975813921982283
103,0.5175879396984925,1.0253515544187182,0.2877310553166181
104,0.5226130653266332,1.0220434316963025,0.3059919805741333
105,0.5276381909547738,1.0183982843902561,0.32446512257864146
106,0.5326633165829145,1.0143963443590764,0.3430734269796969
107,0.5376884422110553,1.0100315032110847,0.3617398158786821
108,0.542713567839196,1.0053120214900275,0.38038837731832265
109,0.5477386934673367,1.0002605627225543,0.3989454688605991
110,0.5527638190954774,0.9949136394549027,0.4173407043239209
111,0.5577889447236181,0.9893205799448763,0.4355078000548676
112,0.5628140703517588,0.9835421174366499,0.4533852650272802
113,0.5678391959798995,0.977648676022135,0.4709169270004547
114,0.5728643216080402,0.9717183893816856,0.4880522944081132
115,0.577889447236181,0.9658348539586944,0.5047467601792219
116,0.5829145728643216,0.9600845975192658,0.5209616590310353
117,0.5879396984924623,0.9545542448035889,0.5366641937770232
118,0.592964824120603,0.9493273861065464,0.551827248834457
119,0.5979899497487438,0.9444811988702726,0.5664291104762944
120,0.6030150753768845,0.9400829291766403,0.5804531136023
121,0.6080402010050251,0.9361863992347598,0.5938872341031469
122,0.6130653266331658,0.9328287577565589,0.6067236444786309
123,0.6180904522613065,0.9300277228513776,0.6189582484633316
124,0.6231155778894473,0.9277795746376061,0.6305902082109183
125,0.628140703517588,0.9260581334165405,0.6416214752632088
126,0.6331658291457286,0.9248149088576686,0.6520563342206792
127,0.6381909547738693,0.9239805295334783,0.6619009658412491
128,0.6432160804020101,0.9234674666091168,0.6711630342953384
129,0.6482412060301508,0.9231739591434536,0.679851301540131
130,0.6532663316582915,0.9229889414368481,0.6879752702635287
131,0.6582914572864321,0.9227976759973096,0.6955448555896078
132,0.6633165829145728,0.9224877195562179,0.7025700847191154
133,0.6683417085427136,0.9219548033999166,0.7090608228798867
134,0.6733668341708543,0.921108199946586,0.7150265233553559
135,0.678391959798995,0.9198751784108726,0.7204759989167833
136,0.6834170854271356,0.9182042227615451,0.7254172116764129
137,0.6884422110552764,0.9160667895984028,0.7298570781782585
138,0.6934673366834171,0.91345751227949,0.733801286425678
139,0.6984924623115578,0.9103928973369314,0.7372541214892109
140,0.7035175879396985,0.9069086946172753,0.7402182963274583
141,0.7085427135678392,0.9030562382498964,0.7426947844745945
142,0.7135678391959799,0.8988981380213225,0.7446826512918109
143,0.7185929648241206,0.894503740398702,0.7461788805422188
144,0.7236180904522613,0.889944770928943,0.7471781931305788
145,0.7286432160804021,0.8852915165829179,0.7476728549572064
146,0.7336683417085427,0.8806098151222567,0.7476524709825764
147,0.7386934673366834,0.8759590008750643,0.7471037628083135
148,0.7437185929648241,0.8713908278094777,0.7460103273827712
149,0.7487437185929648,0.866949268183101,0.7443523748819951
150,0.7537688442211056,0.862670984196333,0.742106444463035
151,0.7587939698492463,0.8585862040435558,0.7392450975221717
152,0.7638190954773869,0.8547197110709224,0.7357365894316727
153,0.7688442211055276,0.8510916782042958,0.7315445226273437
154,0.7738693467336684,0.8477181458515409,0.7266274865750821
155,0.7788944723618091,0.844611040332675,0.7209386938140533
156,0.7839195979899498,0.8417777464670039,0.7144256262813014
157,0.7889447236180904,0.8392203635886508,0.7070297128680165
158,0.7939698492462312,0.8369348691713867,0.6986860681208962
159,0.7989949748743719,0.834910470408084,0.6893233337323723
160,0.8040201005025126,0.833129428330787,0.6788636795458769
161,0.8090452261306533,0.8315675857105392,0.6672230397853499
162,0.8140703517587939,0.8301957226765008,0.6543116834735379
163,0.8190954773869347,0.8289817161056604,0.6400352454858719
164,0.8241206030150754,0.8278933122180419,0.6242963755498581
165,0.8291457286432161,0.826901163949536,0.6069971945137906
166,0.8341708542713568,0.8259816644478364,0.5880427759526633
167,0.8391959798994975,0.8251190508330564,0.5673458890044445
168,0.8442211055276382,0.8243062753397227,0.5448332332234866
169,0.8492462311557789,0.823544249404238,0.5204533509071371
170,0.8542713567839196,0.8228392518428121,0.4941862941991742
171,0.8592964824120604,0.8221985335840915,0.4660549273956464
172,0.864321608040201,0.8216244169440852,0.43613743565287655
173,0.8693467336683417,0.8211074402932471,0.4045801792333803
174,0.8743718592964824,0.8206193027940469,0.3716094969763633
175,0.8793969849246231,0.8201064885502637,0.33754049391353225
176,0.8844221105527639,0.81948547569654,0.3027803836903397
177,0.8894472361809045,0.8186403577625473,0.2678238018503152
178,0.8944723618090452,0.8174235297380137,0.23323789751017565
179,0.8994974874371859,0.8156598387844053,0.19963613235643365
180,0.9045226130653267,0.8131542963218943,0.16764157775709798
181,0.9095477386934674,0.8097031242973359,0.13784283067831282
182,0.914572864321608,0.8051075928322396,0.11074789201271662
183,0.9195979899497487,0.7991898241264095,0.0867427268022195
184,0.9246231155778895,0.7918095079542143,0.06606113519491362
185,0.9296482412060302,0.7828803115572386,0.04877081983731424
186,0.9346733668341709,0.7723846814521872,0.034777543246586114
187,0.9396984924623115,0.7603857344776314,0.023845896092320015
188,0.9447236180904522,0.7470350267253663,0.01563241741503818
189,0.949748743718593,0.7325751765534074,0.009725299483936745
190,0.9547738693467337,0.717336602840351,0.005684835019158285
191,0.9597989949748744,0.7017280166613871,0.0030798082938461317
192,0.964824120603015,0.686220758405519,0.0015166329420850386
193,0.9698492462311558,0.6713275753760023,0.0006596546314946439
194,0.9748743718592965,0.6575769466020592,0.0002423165238953917
195,0.9798994974874372,0.6454845309285359,6.972449989328666e-05
196,0.9849246231155779,0.6355236854077159,1.3643579832356426e-05
197,0.9899497487437187,0.6280972204975327,1.321543143473214e-06
198,0.9949748743718593,0.6235125855138514,2.299478685241496e-08
199,1.0,0.6219624915733923,0.0
