,x,y,pNG
0,0.0,0.9835321879055418,0.0
1,0.005025125628140704,0.9834973258186566,0.0
2,0.010050251256281407,0.9833899848398965,0.0
3,0.01507537688442211,0.9832022871612361,0.0
4,0.020100502512562814,0.9829223476694189,0.0
5,0.02512562814070352,0.9825359940861148,0.0
6,0.03015075376884422,0.9820288980854797,2.220446049250313e-16
7,0.035175879396984924,0.9813888766397555,1.1102230246251563e-15
8,0.04020100502512563,0.9806081014962602,7.549516567451064e-15
9,0.04522613065326633,0.9796849615842937,3.486100297322992e-14
10,0.05025125628140704,0.9786253573450607,1.383337888682945e-13
11,0.05527638190954774,0.9774432634703257,4.785061236134425e-13
12,0.06030150753768844,0.9761604707577443,1.4841461393189093e-12
13,0.06532663316582915,0.9748055004619083,4.199973702156966e-12
14,0.07035175879396985,0.9734117667279174,1.0992984300628448e-11
15,0.07537688442211056,0.972015136062199,2.6898927529828146e-11
16,0.08040201005025126,0.9706510905057947,6.207279135139743e-11
17,0.08542713567839195,0.969351738695685,1.3604450899151743e-10
18,0.09045226130653267,0.9681429343601996,2.8486080161371774e-10
19,0.09547738693467336,0.9670417554160607,5.726588092613838e-10
20,0.10050251256281408,0.9660545709629662,1.1098912899853983e-09
21,0.10552763819095477,0.9651758814208126,2.0812813694703887e-09
22,0.11055276381909548,0.9643880624500296,3.7877010417020066e-09
23,0.11557788944723618,0.963662079557071,6.707588262599984e-09
24,0.12060301507537688,0.9629591704610058,1.1585287951199064e-08
25,0.12562814070351758,0.9622334192686302,1.955589989943718e-08
26,0.1306532663316583,0.9614350734725983,3.231887280019663e-08
27,0.135678391959799,0.9605143857839331,5.237580780192985e-08
28,0.1407035175879397,0.9594257030353796,8.335175805118665e-08
29,0.1457286432160804,0.9581314801169604,1.304238063104535e-07
30,0.15075376884422112,0.9566058748760942,2.0088598262635318e-07
31,0.15577889447236182,0.9548375862732238,3.048856501708386e-07
32,0.16080402010050251,0.9528316370258048,4.56373452140113e-07
33,0.1658291457286432,0.9506098744309823,6.743168279310653e-07
34,0.1708542713567839,0.9482100657541443,9.84236007472994e-07
35,0.17587939698492464,0.9456835897263672,1.4201313316419828e-06
36,0.18090452261306533,0.9430918615189836,2.0268817668700483e-06
37,0.18592964824120603,0.9405017605336706,2.8632065637301807e-06
38,0.19095477386934673,0.9379804430498433,4.005295189735136e-06
39,0.19597989949748745,0.9355900010280248,5.551224879773997e-06
40,0.20100502512562815,0.9333824632477463,7.626300381979868e-06
41,0.20603015075376885,0.9313956193729299,1.0389466603921704e-05
42,0.21105527638190955,0.9296500811652199,1.404096181234493e-05
43,0.21608040201005024,0.9281478835076796,1.8831396625285105e-05
44,0.22110552763819097,0.9268727820884196,2.5072462055297784e-05
45,0.22613065326633167,0.9257922395647735,3.314948808097462e-05
46,0.23115577889447236,0.9248609252588273,4.3536092309781615e-05
47,0.23618090452261306,0.9240254029136508,5.681117585598638e-05
48,0.24120603015075376,0.92322956327871,7.367854016515629e-05
49,0.24623115577889448,0.9224202864490967,9.498941356755886e-05
50,0.25125628140703515,0.921552801157381,0.00012176818921816324
51,0.2562814070351759,0.9205952467109157,0.0001552416859715855
52,0.2613065326633166,0.9195320334622099,0.00019687224973952144
53,0.2663316582914573,0.9183657287213113,0.00024839501389539714
54,0.271356783919598,0.9171173507577429,0.0003118596320621503
55,0.2763819095477387,0.9158251146176201,0.0003896767836720771
56,0.2814070351758794,0.9145418198674061,0.00048466973030514277
57,0.2864321608040201,0.9133311843136694,0.0006001311670300603
58,0.2914572864321608,0.9122634965323286,0.0007398855655190718
59,0.2964824120603015,0.9114109781041758,0.0009083571420223092
60,0.30150753768844224,0.9108432163350649,0.0011106435004868411
61,0.3065326633165829,0.9106229601212441,0.001352594895956072
62,0.31155778894472363,0.9108024814466896,0.0016408989323892784
63,0.3165829145728643,0.911420611437759,0.0019831703484334273
64,0.32160804020100503,0.912500480709324,0.002388045350483425
65,0.32663316582914576,0.9140479422569223,0.002865279720645764
66,0.3316582914572864,0.916050637636636,0.0034258496541164085
67,0.33668341708542715,0.918477681577245,0.004082053962641163
68,0.3417085427135678,0.9212799766330574,0.004847615915588244
69,0.34673366834170855,0.9243912125358682,0.005737782576480721
70,0.35175879396984927,0.9277296368709191,0.0067694190313284395
71,0.35678391959798994,0.9312006886946286,0.007961094399166924
72,0.36180904522613067,0.9347005543136038,0.009333155971870122
73,0.36683417085427134,0.9381206323364676,0.010907787261231872
74,0.37185929648241206,0.941352790069799,0.012709045153906471
75,0.3768844221105528,0.9442951703695065,0.014762870813390228
76,0.38190954773869346,0.9468581878527412,0.017097068455051878
77,0.3869346733668342,0.9489702584833244,0.01974124569636193
78,0.3919597989949749,0.9505827571642902,0.02272670890008477
79,0.3969849246231156,0.951673708058956,0.02608630684242097
80,0.4020100502512563,0.9522497868475102,0.029854216217591656
81,0.40703517587939697,0.9523463477588896,0.0340656630069478
82,0.4120603015075377,0.9520253662300501,0.03875657466706151
83,0.4170854271356784,0.951371388482605,0.04396315949513308
84,0.4221105527638191,0.9504857765638731,0.049721411466245535
85,0.4271356783919598,0.9494797062975568,0.05606654133791822
86,0.4321608040201005,0.9484664952579637,0.06303233788205452
87,0.4371859296482412,0.9475538947707308,0.07065046668727748
88,0.44221105527638194,0.9468369694986783,0.07894971797521633
89,0.4472361809045226,0.9463921149515798,0.08795521912972826
90,0.45226130653266333,0.9462726395841569,0.09768763192004892
91,0.457286432160804,0.9465061816299097,0.1081623584180399
92,0.4623115577889447,0.9470940612805563,0.11938878302838417
93,0.46733668341708545,0.9480125052123213,0.13136958050521352
94,0.4723618090452261,0.9492155383102848,0.1441001209619175
95,0.47738693467336685,0.950639227247848,0.1575680023811027
96,0.4824120603015075,0.9522068873100017,0.1717527387756841
97,0.48743718592964824,0.9538348275054652,0.18662562784702966
98,0.49246231155778897,0.9554382059681733,0.20214981580098268
99,0.49748743718592964,0.9569365923650662,0.21828056916742367
100,0.5025125628140703,0.958258880692041,0.2349657544500421
101,0.507537688442211,0.9593472595249622,0.2521465167880159
102,0.5125628140703518,0.9601600239010256,0.26975813921982283
103,0.5175879396984925,0.9606731009650091,0.2877310553166181
104,0.5226130653266332,0.9608802578822422,0.3059919805741333
105,0.5276381909547738,0.960792061841738,0.32446512257864146
106,0.5326633165829145,0.9604337627997567,0.3430734269796969
107,0.5376884422110553,0.9598423620692688,0.3617398158786821
108,0.542713567839196,0.9590632040202858,0.38038837731832265
109,0.5477386934673367,0.9581464732944697,0.3989454688605991
110,0.5527638190954774,0.9571439864701726,0.4173407043239209
111,0.5577889447236181,0.9561066288591097,0.4355078000548676
112,0.5628140703517588,0.9550827033486539,0.4533852650272802
113,0.5678391959798995,0.954117334995911,0.4709169270004547
114,0.5728643216080402,0.9532529254762848,0.4880522944081132
115,0.577889447236181,0.9525304943285093,0.5047467601792219
116,0.5829145728643216,0.9519916013794808,0.5209616590310353
117,0.5879396984924623,0.9516804388448669,0.5366641937770232
118,0.592964824120603,0.9516456306178204,0.551827248834457
119,0.5979899497487438,0.9519412911850396,0.5664291104762944
120,0.6030150753768845,0.9526269788930267,0.5804531136023
121,0.6080402010050251,0.9537663190405776,0.5938872341031469
122,0.6130653266331658,0.9554242532812969,0.6067236444786309
123,0.6180904522613065,0.9576630682101726,0.6189582484633316
124,0.6231155778894473,0.9605375401226732,0.6305902082109183
125,0.628140703517588,0.9640896786994129,0.6416214752632088
126,0.6331658291457286,0.9683436393757952,0.6520563342206792
127,0.6381909547738693,0.9733013906964546,0.6619009658412491
128,0.6432160804020101,0.9789396675145947,0.6711630342953384
129,0.6482412060301508,0.9852086218910019,0.679851301540131
130,0.6532663316582915,0.9920324174556591,0.6879752702635287
131,0.6582914572864321,0.9993118213564249,0.6955448555896078
132,0.6633165829145728,1.00692865382285,0.7025700847191154
133,0.6683417085427136,1.0147517801308932,0.7090608228798867
134,0.6733668341708543,1.0226441903163999,0.7150265233553559
135,0.678391959798995,1.0304706194563256,0.7204759989167833
136,0.6834170854271356,1.0381051206369614,0.7254172116764129
137,0.6884422110552764,1.0454380132435883,0.7298570781782585
138,0.6934673366834171,1.0523816860285116,0.733801286425678
139,0.6984924623115578,1.0588748297970982,0.7372541214892109
140,0.7035175879396985,1.0648847991687773,0.7402182963274583
141,0.7085427135678392,1.0704079467138108,0.7426947844745945
142,0.7135678391959799,1.0754679256011246,0.7446826512918109
143,0.7185929648241206,1.0801121084218712,0.7461788805422188
144,0.7236180904522613,1.084406409804633,0.7471781931305788
145,0.7286432160804021,1.088428918781654,0.7476728549572064
146,0.7336683417085427,1.0922628343458596,0.7476524709825764
147,0.7386934673366834,1.0959892465931413,0.7471037628083135
148,0.7437185929648241,1.0996803112445321,0.7460103273827712
149,0.7487437185929648,1.1033933257721147,0.7443523748819951
150,0.7537688442211056,1.1071661336996226,0.742106444463035
151,0.7587939698492463,1.111014167250976,0.7392450975221717
152,0.7638190954773869,1.114929298626156,0.7357365894316727
153,0.7688442211055276,1.118880520756933,0.7315445226273437
154,0.7738693467336684,1.122816334392043,0.7266274865750821
155,0.7788944723618091,1.1266685937701397,0.7209386938140533
156,0.7839195979899498,1.1303574691050842,0.7144256262813014
157,0.7889447236180904,1.1337971274661371,0.7070297128680165
158,0.7939698492462312,1.1369017161098465,0.6986860681208962
159,0.7989949748743719,1.1395912505292558,0.6893233337323723
160,0.8040201005025126,1.1417970557501302,0.6788636795458769
161,0.8090452261306533,1.1434664732312712,0.6672230397853499
162,0.8140703517587939,1.1445666157222667,0.6543116834735379
163,0.8190954773869347,1.14508701832048,0.6400352454858719
164,0.8241206030150754,1.1450410883858984,0.6242963755498581
165,0.8291457286432161,1.1444662967105013,0.6069971945137906
166,0.8341708542713568,1.1434230788239603,0.5880427759526633
167,0.8391959798994975,1.141992434181522,0.5673458890044445
168,0.8442211055276382,1.1402722307864284,0.5448332332234866
169,0.8492462311557789,1.1383722530952236,0.5204533509071371
170,0.8542713567839196,1.1364080800876506,0.4941862941991742
171,0.8592964824120604,1.1344939529029217,0.4660549273956464
172,0.864321608040201,1.132734887011782,0.43613743565287655
173,0.8693467336683417,1.1312183960765705,0.4045801792333803
174,0.8743718592964824,1.1300063113009737,0.3716094969763633
175,0.8793969849246231,1.1291272847044465,0.33754049391353225
176,0.8844221105527639,1.128570638809619,0.3027803836903397
177,0.8894472361809045,1.128282250820157,0.2678238018503152
178,0.8944723618090452,1.128163122056593,0.23323789751017565
179,0.8994974874371859,1.1280711745621599,0.19963613235643365
180,0.9045226130653267,1.1278266350987851,0.16764157775709798
181,0.9095477386934674,1.1272211189400152,0.13784283067831282
182,0.914572864321608,1.1260302264416693,0.11074789201271662
183,0.9195979899497487,1.1240291357388585,0.0867427268022195
184,0.9246231155778895,1.121010342026879,0.06606113519491362
185,0.9296482412060302,1.1168023885646423,0.04877081983731424
186,0.9346733668341709,1.1112881895638391,0.034777543246586114
187,0.9396984924623115,1.1044213928619464,0.023845896092320015
188,0.9447236180904522,1.0962391997825012,0.01563241741503818
189,0.949748743718593,1.0868701730596781,0.009725299483936745
190,0.9547738693467337,1.076535832443979,0.005684835019158285
191,0.9597989949748744,1.0655452579909421,0.0030798082938461317
192,0.964824120603015,1.054282471335224,0.0015166329420850386
193,0.9698492462311558,1.0431870043237983,0.0006596546314946439
194,0.9748743718592965,1.0327287331668413,0.0002423165238953917
195,0.9798994974874372,1.0233786827022329,6.972449989328666e-05
196,0.9849246231155779,1.0155780126103462,1.3643579832356426e-05
197,0.9899497487437187,1.0097077144636173,1.321543143473214e-06
198,0.9949748743718593,1.0060616216143734,2.299478685241496e-08
199,1.0,1.004825136712563,0.0
