,x,y,pNG
0,0.0,6.05331006195412e-15,
1,0.6030150753768844,1.669306532294397e-13,
2,1.2060301507537687,3.61002390277458e-12,
3,1.809045226130653,6.13592468514564e-11,
4,2.4120603015075375,8.219651817431309e-10,
5,3.015075376884422,8.708697570404993e-09,
6,3.618090452261306,7.330224708117748e-08,
7,4.221105527638191,4.929826508022495e-07,
8,4.824120603015075,2.668696432348733e-06,
9,5.427135678391959,1.1739016473916534e-05,0.11653302654971055
10,6.030150753768844,4.246414325111321e-05,0.1139059902165791
11,6.633165829145728,0.0001281790352549337,0.11634409005397894
12,7.236180904522612,0.00032838795386499483,0.11664202782583745
13,7.839195979899497,0.0007273868259428968,0.11653805602992072
14,8.442211055276381,0.0014194686622029911,0.1165112671273707
15,9.045226130653266,0.0024845160155533685,0.11660866302727856
16,9.64824120603015,0.003962250609940213,0.11689966618176305
17,10.251256281407034,0.005829587213485283,0.11735887784089695
18,10.854271356783919,0.00798801635308342,0.11803577021216773
19,11.457286432160803,0.010289148069510515,0.1190641735965784
20,12.060301507537687,0.012619880386927207,0.12210810431598673
21,12.663316582914572,0.014989399183032364,0.1301970261914387
22,13.266331658291456,0.017512924656064046,0.1446683651140631
23,13.86934673366834,0.020288748056813806,0.15132613545856433
24,14.472361809045225,0.023292365892873184,0.15015362122850173
25,15.07537688442211,0.026386554998724093,0.14895461253090836
26,15.678391959798994,0.029415210107483023,0.14782323316355395
27,16.281407035175878,0.03226697218889841,0.14676286051042264
28,16.884422110552762,0.03485533821336183,0.14575159061838894
29,17.487437185929647,0.03710339495734089,0.14482850316885398
30,18.09045226130653,0.039009446051666466,0.14403540895459288
31,18.693467336683415,0.04068111549537669,0.14339566912656546
32,19.2964824120603,0.04222486544714504,0.14291140999483287
33,19.899497487437184,0.043623748486869986,0.14248869536912
34,20.50251256281407,0.04477181098112193,0.1419239540512892
35,21.105527638190953,0.045595210881016666,0.1409689444474581
36,21.708542713567837,0.04610301171484029,0.1395810813377517
37,22.31155778894472,0.04634069529271395,0.13782139126124515
38,22.914572864321606,0.0463160257377072,0.13595276193401107
39,23.51758793969849,0.045975439672272175,0.13408206991801153
40,24.120603015075375,0.0452688726468151,0.13232970105908592
41,24.72361809045226,0.04425239366946157,0.13069546936945986
42,25.326633165829143,0.04311910994771128,0.12917477133156352
43,25.929648241206028,0.04209662619221564,0.12776600473104138
44,26.532663316582912,0.04127508481348595,0.1264457028052558
45,27.135678391959797,0.04052749795010647,0.12523201499550873
46,27.73869346733668,0.03961405105915916,0.12412106148749558
47,28.341708542713565,0.03836696828047775,0.1231082498485806
48,28.94472361809045,0.03679287656281553,0.12219835746425213
49,29.547738693467334,0.035057745350475594,0.1213803328601688
50,30.15075376884422,0.03340756964811836,0.12065030457755188
51,30.753768844221103,0.032054782633036565,0.120001298781247
52,31.356783919597987,0.031061890073607722,0.1193973001456512
53,31.95979899497487,0.0303029555046492,0.11884262000365907
54,32.562814070351756,0.02956199312122545,0.11837679373885167
55,33.16582914572864,0.02869860189355642,0.11800425783868262
56,33.768844221105525,0.0277230499024386,0.1177766938818432
57,34.37185929648241,0.02672070842039708,0.11770380834221195
58,34.97487437185929,0.02572867019248362,0.11776498305479488
59,35.577889447236174,0.0246836902629976,0.1179350671658138
60,36.18090452261306,0.023471508043653735,0.11824806712159565
61,36.78391959798995,0.022036365985552562,0.11872652691451313
62,37.38693467336683,0.020448539647776126,0.11935606979152726
63,37.98994974874371,0.018843999102250392,0.1200674739557327
64,38.5929648241206,0.017308576774926858,0.12096549204397368
65,39.19597989949749,0.0158545574873348,0.12220802727346193
66,39.79899497487437,0.014479472567572288,0.1240590185298801
67,40.40201005025125,0.013184245412353189,0.1262254958239426
68,41.00502512562814,0.011946919232089239,0.12901524723755994
69,41.608040201005025,0.010736556008163893,0.13264936020557294
70,42.211055276381906,0.00955310297944192,0.1368049832714725
71,42.81407035175879,0.008426027971761138,0.14200882257376535
72,43.417085427135675,0.007389854031823652,0.1477575375469442
73,44.02010050251256,0.006476202806713091,0.15523376132987265
74,44.62311557788944,0.005699653140516872,0.1645218863811868
75,45.226130653266324,0.0050327130041056,0.17474817961851294
76,45.82914572864321,0.004419677927116514,0.1867635327295468
77,46.4321608040201,0.0038309113378866104,0.1999817360926971
78,47.03517587939698,0.0032854208819009,0.2153986504495634
79,47.63819095477386,0.0028109401056385075,0.23367307340069865
80,48.24120603015075,0.00240191184818339,0.2541750433132569
81,48.84422110552764,0.002032356950043391,0.2778982929045555
82,49.44723618090452,0.001695661793633162,0.3044493194435779
83,50.0502512562814,0.0014080574595322169,0.3335826524408855
84,50.65326633165829,0.0011767723748202894,0.3682576620640795
85,51.256281407035175,0.0009878860152281877,0.4061328771296283
86,51.859296482412056,0.0008262946386793918,0.4467824732410379
87,52.46231155778894,0.0006901477142539249,0.4897081837207603
88,53.065326633165824,0.0005849841529450665,0.5305371432248995
89,53.66834170854271,0.0005127243023536225,0.5754349331426734
90,54.27135678391959,0.0004636379490841738,0.6204526477653556
91,54.874371859296474,0.00041603332552627613,0.6686703607778071
92,55.47738693467336,0.00035019467080582713,0.7036392948040286
93,56.08040201005025,0.0002651950642823907,0.7448665731370919
94,56.68341708542713,0.00017790086230502197,0.7781473786908085
95,57.28643216080401,0.00010614805852235115,0.8130644305257209
96,57.8894472361809,5.6763581921486236e-05,0.8394760254266921
97,58.49246231155779,2.7065195232597903e-05,0.8643239528197739
98,59.09547738693467,1.1249947670475198e-05,0.8832650004028977
99,59.69849246231155,3.953015148549367e-06,0.901692013622792
100,60.30150753768844,1.141940746284895e-06,0.9176388357498321
101,60.904522613065325,2.657646638071507e-07,0.9290723256490891
102,61.507537688442206,4.917842998024412e-08,0.9374390500705744
103,62.110552763819086,7.1767385406442735e-09,0.9465089835711851
104,62.713567839195974,8.21784472242301e-10,0.9554485368220884
105,63.31658291457286,7.360021741188179e-11,0.9618827185926692
106,63.91959798994974,5.14500296243818e-12,0.966514729382104
107,64.52261306532662,2.803285182906431e-13,0.9707151181327884
108,65.12562814070351,1.1893229393571108e-14,0.9748652102807962
109,65.7286432160804,3.9262749572540463e-16,0.9789235204326869
110,66.33165829145727,1.0080688319212017e-17,0.982054183861134
111,66.93467336683416,2.0121768826575034e-19,0.984830709212502
112,67.53768844221105,3.121676607500577e-21,0.9862290788069796
113,68.14070351758794,3.763265971853548e-23,0.9891591343540518
114,68.74371859296483,3.524754856927326e-25,0.9906928825279911
115,69.3467336683417,2.5646511497036925e-27,0.9920806214584008
116,69.94974874371859,1.4495190231077926e-29,0.9929066720582732
117,70.55276381909547,6.363353522678769e-32,0.9937565377466252
118,71.15577889447235,2.1696620654148714e-34,0.994064112388512
119,71.75879396984924,5.745460644699998e-37,0.9948312099186508
120,72.36180904522612,1.1816020415723017e-39,0.9948815620706044
121,72.96482412060301,1.887214470387125e-42,0.9952259865019109
122,73.5678391959799,2.3408162891031615e-45,0.9953641998322228
123,74.17085427135677,2.2547773368852244e-48,0.9954250962976796
124,74.77386934673366,1.6866533548443588e-51,0.9954702104737104
125,75.37688442211055,9.797843246815276e-55,0.995861849844048
126,75.97989949748742,4.419926565357906e-58,0.9959614409229064
127,76.58291457286431,1.5483800951996282e-61,0.99598179825826
128,77.1859296482412,4.212273617012332e-65,0.9967654601733772
129,77.78894472361809,8.898788807906928e-69,0.998842976625888
130,78.39195979899498,1.4598885121603554e-72,0.998905327525275
131,78.99497487437185,1.859868704898199e-76,0.9989565960841604
132,79.59798994974874,1.840001526216261e-80,0.9991971866593058
133,80.20100502512562,1.4136014964776942e-84,0.999291987895118
134,80.8040201005025,8.433511335070854e-89,0.999339479852954
135,81.40703517587939,3.907169661864363e-93,0.999481474008721
136,82.01005025125627,1.4056860577602986e-97,0.9995335445737406
137,82.61306532663316,3.9272315205617e-102,0.9995829355450242
138,83.21608040201005,8.520335059343891e-107,0.9996254665950024
139,83.81909547738692,1.4354853616516562e-111,0.9996647950718676
140,84.42211055276381,1.8780741321108842e-116,0.9996997568831856
141,85.0251256281407,1.9080885174288468e-121,0.9997619143721346
142,85.62814070351757,1.505414504206711e-126,0.9997920046015406
143,86.23115577889446,9.223280981458533e-132,0.9998196170480734
144,86.83417085427135,4.388201166872773e-137,0.9998432094851379
145,87.43718592964824,1.621284941048348e-142,0.9998649488455764
146,88.04020100502512,4.6516163559479264e-148,0.99988487280719
147,88.643216080402,1.0363826647633582e-153,0.9999016504316612
148,89.24623115577889,1.7931148026130993e-159,0.9999160324162528
149,89.84924623115577,2.4091716891615785e-165,0.999928776063581
150,90.45226130653265,2.513616982911035e-171,0.9999405402815259
151,91.05527638190954,2.0365831474179276e-177,0.9999501720104448
152,91.65829145728642,1.2813768690195748e-183,0.9999586857968814
153,92.26130653266331,6.260705901616808e-190,0.9999657957505882
154,92.8643216080402,2.3754254980040295e-196,0.9999720860985318
155,93.46733668341707,6.998922930551855e-203,0.999977166883011
156,94.07035175879396,1.6013737103381953e-209,0.999981248735331
157,94.67336683417085,2.8452855802677076e-216,0.9999846875693342
158,95.27638190954772,3.925823010093864e-223,0.9999875296772271
159,95.87939698492461,4.206367894369433e-230,0.9999899200490552
160,96.4824120603015,3.499898712510251e-237,0.9999919234620246
161,97.08542713567839,2.261389555925332e-244,0.99999357983206
162,97.68844221105527,1.1346632058532407e-251,0.9999948902426136
163,98.29145728643215,4.421099059342472e-259,0.9999959576842092
164,98.89447236180904,1.3377199480756032e-266,0.9999968004441632
165,99.49748743718592,3.143198759712555e-274,0.9999974791477106
166,100.1005025125628,5.735221152585773e-282,0.9999980168311898
167,100.70351758793969,8.126437085152452e-290,0.9999984479545454
168,101.30653266331657,8.941736530650098e-298,0.9999987895634164
169,101.90954773869346,7.640385020744839e-306,0.9999990586066524
170,102.51256281407035,5.06967715e-314,0.9999992735872136
171,103.11557788944722,2.6e-322,0.9999994400292536
172,103.71859296482411,0.0,0.9999995700050068
173,104.321608040201,0.0,0.9999996702582516
174,104.92462311557787,0.0,0.9999997498123028
175,105.52763819095476,0.0,0.9999998102638902
176,106.13065326633165,0.0,0.9999998584168952
177,106.73366834170854,0.0,0.9999998922561202
178,107.33668341708542,0.0,0.999999919257452
179,107.9396984924623,0.0,0.9999999393484252
180,108.54271356783919,0.0,0.9999999542826608
181,109.14572864321607,0.0,0.9999999655086846
182,109.74874371859295,0.0,0.9999999748618508
183,110.35175879396984,0.0,0.9999999814059162
184,110.95477386934672,0.0,0.9999999866680408
185,111.55778894472361,0.0,0.9999999903636898
186,112.1608040201005,0.0,0.9999999928938484
187,112.76381909547737,0.0,0.999999994897914
188,113.36683417085426,0.0,0.9999999963778848
189,113.96984924623115,0.0,0.9999999973937774
190,114.57286432160802,0.0,0.9999999980910654
191,115.17587939698491,0.0,0.9999999986462084
192,115.7788944723618,0.0,0.9999999990213077
193,116.38190954773869,0.0,0.9999999993076756
194,116.98492462311557,0.0,0.9999999995054424
195,117.58793969849245,0.0,0.9999999996567859
196,118.19095477386934,0.0,0.9999999997622596
197,118.79396984924622,0.0,0.9999999998341778
198,119.3969849246231,0.0,0.9999999998847088
199,120.0,0.0,0.9999999999190756
