,x,y,pNG
0,0.0,0.9887432939135474,0.12533111851005752
1,0.005025125628140704,0.989098378862136,0.12515540962561222
2,0.010050251256281407,0.9901508568657478,0.1249781500566417
3,0.01507537688442211,0.991863032174333,0.12479932818649064
4,0.020100502512562814,0.9941741792287284,0.12461893296737915
5,0.02512562814070352,0.997003635663653,0.12443695397445895
6,0.03015075376884422,1.0002550010115239,0.12425338145851585
7,0.035175879396984924,1.0038212790038914,0.12406820639699535
8,0.04020100502512563,1.007590723876841,0.12388142054303285
9,0.04522613065326633,1.0114530687469936,0.12369301647220945
10,0.05025125628140704,1.0153057404980312,0.12350298762673405
11,0.05527638190954774,1.0190596164252612,0.12331132835682103
12,0.06030150753768844,1.022643867666895,0.1231180339589969
13,0.06532663316582915,1.026009473272723,0.12292310071116595
14,0.07035175879396985,1.0291310796690303,0.12272652590422704
15,0.07537688442211056,1.0320070180106125,0.12252830787009028
16,0.08040201005025126,1.0346574631155512,0.12232844600604753
17,0.08542713567839195,1.0371209025997274,0.12212694079534304
18,0.09045226130653267,1.0394492601387098,0.1219237938239991
19,0.09547738693467336,1.0417021590859108,0.12171900779393485
20,0.10050251256281408,1.0439409020831976,0.12151258653245768
21,0.10552763819095477,1.0462227655496414,0.12130453499835248
22,0.11055276381909548,1.0485961605339855,0.1210948592848652
23,0.11557788944723618,1.0510970985061825,0.12088356661995835
24,0.12060301507537688,1.053747236458647,0.12067066536440985
25,0.12562814070351758,1.0565535815460954,0.12045616500843292
26,0.1306532663316583,1.0595097368995074,0.1202400761677177
27,0.135678391959799,1.0625983931361818,0.12002241057999675
28,0.1407035175879397,1.0657946370590115,0.11980318110348898
29,0.1457286432160804,1.0690695760991205,0.1195824017189202
30,0.15075376884422112,1.0723937713728535,0.11936008753706615
31,0.15577889447236182,1.0757400313084589,0.1191362548142778
32,0.16080402010050251,1.0790852302484644,0.1189109209787792
33,0.1658291457286432,1.0824109640989044,0.11868410467114188
34,0.1708542713567839,1.0857030162760448,0.11845582580279435
35,0.17587939698492464,1.0889497602583513,0.1182261056371522
36,0.18090452261306533,1.0921397517971652,0.1179949668986211
37,0.18592964824120603,1.0952588520273507,0.11776243391542572
38,0.19095477386934673,1.0982872672392594,0.11752853280320265
39,0.19597989949748745,1.1011968936638912,0.11729329169701475
40,0.20100502512562815,1.1039493232628623,0.11705674104058085
41,0.20603015075376885,1.1064948089293942,0.11681891394243205
42,0.21105527638190955,1.108772414409593,0.11657984660985075
43,0.21608040201005024,1.1107114930087072,0.1163395788725864
44,0.22110552763819097,1.1122345534160305,0.11609815480945407
45,0.22613065326633167,1.1132614807067267,0.1158556234922622
46,0.23115577889447236,1.1137149833054236,0.1156120398625594
47,0.23618090452261306,1.1135270299285318,0.1153674657580489
48,0.24120603015075376,1.112645924477311,0.1151219711066208
49,0.24623115577889448,1.111043546871964,0.11487563530711398
50,0.25125628140703515,1.1087221756518324,0.11462854881696805
51,0.2562814070351759,1.1057202216031548,0.11438081496789175
52,0.2613065326633166,1.1021161622574203,0.11413255203147656
53,0.2663316582914573,1.098029996192523,0.11388389555729815
54,0.271356783919598,1.0936216499024531,0.11363500100649936
55,0.2763819095477387,1.0890859747482313,0.11338604670395536
56,0.2814070351758794,1.0846442594675156,0.1131372371320074
57,0.2864321608040201,1.080532531745917,0.11288880658817445
58,0.2914572864321608,1.0769872931244668,0.11264102322838533
59,0.2964824120603015,1.0742296778927662,0.11239419351578904
60,0.30150753768844224,1.0724492984811185,0.11214866709333073
61,0.3065326633165829,1.0717891923806566,0.11190484209570706
62,0.31155778894472363,1.072333287345868,0.11166317091314236
63,0.3165829145728643,1.0740976408679344,0.11142416641552877
64,0.32160804020100503,1.0770263979008516,0.11118840864076962
65,0.32663316582914576,1.080992981052141,0.11095655194568088
66,0.3316582914572864,1.0858065309684573,0.1107293326113018
67,0.33668341708542715,1.0912231123111875,0.11050757688713576
68,0.3417085427135678,1.096960753768464,0.11029220945039253
69,0.34673366834170855,1.1027170513183844,0.11008426224684564
70,0.35175879396984927,1.108187868409632,0.10988488366936576
71,0.35678391959798994,1.1130856301093177,0.10969534801851323
72,0.36180904522613067,1.1171558244135327,0.10951706517674598
73,0.36683417085427134,1.1201905679847457,0.10935159041393172
74,0.37185929648241206,1.1220384273952402,0.10920063422684534
75,0.3768844221105528,1.1226100656769848,0.10906607209932496
76,0.38190954773869346,1.1218796628182288,0.10894995405287576
77,0.3869346733668342,1.1198823987430486,0.1088545138397854
78,0.3919597989949749,1.1167085588900862,0.10878217761253528
79,0.3969849246231156,1.1124950081406029,0.10873557188463034
80,0.4020100502512563,1.1074148729012312,0.10871753057917456
81,0.40703517587939697,1.10166627885465,0.10873110094304883
82,0.4120603015075377,1.0954609271909317,0.10877954808671796
83,0.4170854271356784,1.0890131749019243,0.10886635789297183
84,0.4221105527638191,1.082530137670284,0.10899523802302813
85,0.4271356783919598,1.0762031793618874,0.10917011673571808
86,0.4321608040201005,1.070201009153834,0.10939513922597832
87,0.4371859296482412,1.0646644891484889,0.1096746611831072
88,0.44221105527638194,1.0597031679322255,0.1100132392681622
89,0.4472361809045226,1.0553934974406545,0.11041561821425283
90,0.45226130653266333,1.051778653907931,0.11088671426440078
91,0.457286432160804,1.0488698570287138,0.11143159467965902
92,0.4623115577889447,1.0466490527269279,0.11205545307647324
93,0.46733668341708545,1.0450727851266035,0.1127635803874426
94,0.4723618090452261,1.0440770293136983,0.11356133128421694
95,0.47738693467336685,1.0435826923333689,0.11445408595608042
96,0.4824120603015075,1.0435014263926394,0.11544720720254242
97,0.48743718592964824,1.043741350691352,0.11654599287345345
98,0.49246231155778897,1.0442122627458044,0.117755623774926
99,0.49748743718592964,1.0448299492258277,0.11908110725319955
100,0.5025125628140703,1.0455192859179236,0.12052721677006205
101,0.507537688442211,1.046215942884184,0.12209842789098245
102,0.5125628140703518,1.0468666710084436,0.12379885121833545
103,0.5175879396984925,1.0474283188220985,0.12563216291441948
104,0.5226130653266332,1.0478658883074352,0.12760153356923798
105,0.5276381909547738,1.048150059950652,0.12970955627252634
106,0.5326633165829145,1.0482546801179113,0.13195817484470873
107,0.5376884422110553,1.048154695971816,0.13434861326305114
108,0.542713567839196,1.0478249437499627,0.1368813073834806
109,0.5477386934673367,1.0472400558154178,0.13955584010144073
110,0.5527638190954774,1.0463755708080118,0.1423708811131864
111,0.5577889447236181,1.0452101363687585,0.1453241324295086
112,0.5628140703517588,1.043728514347224,0.14841228075456006
113,0.5678391959798995,1.041924960658356,0.15163095777250968
114,0.5728643216080402,1.0398064757609526,0.1549747092838224
115,0.577889447236181,1.0373954169590849,0.15843697400270595
116,0.5829145728643216,1.034731029052034,0.16201007266985767
117,0.5879396984924623,1.0318695733491492,0.16568520795418973
118,0.592964824120603,1.0288828966105128,0.1694524754185429
119,0.5979899497487438,1.0258554565698192,0.17330088561364154
120,0.6030150753768845,1.0228799848644978,0.17721839714846155
121,0.6080402010050251,1.0200521011773096,0.1811919603710369
122,0.6130653266331658,1.0174642812589663,0.18520757108933072
123,0.6180904522613065,1.0151996221226185,0.1892503335740391
124,0.6231155778894473,1.0133258442750224,0.19330453192140215
125,0.628140703517588,1.0118899337086495,0.19735370872003188
126,0.6331658291457286,1.0109137686424086,0.20138074986659396
127,0.6381909547738693,1.0103910099281206,0.20536797431433074
128,0.6432160804020101,1.0102854680061777,0.2092972275184716
129,0.6482412060301508,1.010531096109017,0.21314997736388666
130,0.6532663316582915,1.0110336964223106,0.21690741142250247
131,0.6582914572864321,1.011674356809889,0.22055053448866524
132,0.6633165829145728,1.012314553528324,0.22406026547646585
133,0.6683417085427136,1.0128027558730324,0.22741753292995426
134,0.6733668341708543,1.0129822532375676,0.2306033685893444
135,0.678391959798995,1.012699801946007,0.233598998668879
136,0.6834170854271356,1.0118145733013266,0.23638593272802666
137,0.6884422110552764,1.010206794683454,0.23894605025154825
138,0.6934673366834171,1.0077854318274202,0.2412616852891576
139,0.6984924623115578,1.0044942783836925,0.2433157097357681
140,0.7035175879396985,1.000315906534505,0.24509161605291385
141,0.7085427135678392,0.9952730875242958,0.2465736004344138
142,0.7135678391959799,0.989427500265433,0.24774664759887066
143,0.7185929648241206,0.9828757871616204,0.2485966185414891
144,0.7236180904522613,0.9757432604868836,0.24911034269116986
145,0.7286432160804021,0.9681757802465164,0.2492757159882157
146,0.7336683417085427,0.9603304890317008,0.2490818064137271
147,0.7386934673366834,0.9523661820350223,0.24851896845498844
148,0.7437185929648241,0.9444341022318705,0.2475789678683956
149,0.7487437185929648,0.9366698836112048,0.24625511789090335
150,0.7537688442211056,0.9291872307456931,0.2445424277363064
151,0.7587939698492463,0.92207373949743,0.24243776377850726
152,0.7638190954773869,0.9153890535991014,0.2399400232529377
153,0.7688442211055276,0.9091653379622197,0.2370503195834825
154,0.7738693467336684,0.9034098521569446,0.2337721775514936
155,0.7788944723618091,0.8981092426220686,0.2301117354564768
156,0.7839195979899498,0.8932350507778505,0.22607795017285534
157,0.7889447236180904,0.8887498623527057,0.22168279959380788
158,0.7939698492462312,0.8846135026475492,0.21694147539682795
159,0.7989949748743719,0.88078871146413,0.2118725574130479
160,0.8040201005025126,0.8772458055786797,0.2064981592052149
161,0.8090452261306533,0.8739659491088634,0.2008440328596801
162,0.8140703517587939,0.8709427936952615,0.194939619610122
163,0.8190954773869347,0.8681824094816706,0.1888180319019902
164,0.8241206030150754,0.8657015905473558,0.1825159520720826
165,0.8291457286432161,0.8635247692222763,0.17607343317081306
166,0.8341708542713568,0.8616798968107909,0.1695335888117271
167,0.8391959798994975,0.8601937295321366,0.16294216148824936
168,0.8442211055276382,0.8590869878235561,0.15634696269461812
169,0.8492462311557789,0.8583698306585685,0.1497971834834172
170,0.8542713567839196,0.8580380081840177,0.1433425807208546
171,0.8592964824120604,0.85806993807353,0.13703255204532394
172,0.864321608040201,0.8584248131110754,0.13091512100491332
173,0.8693467336683417,0.8590417139130591,0.12503586248435938
174,0.8743718592964824,0.8598395964033484,0.11943680662398724
175,0.8793969849246231,0.8607179698650406,0.11415536618348955
176,0.8844221105527639,0.8615580909356219,0.10922333690199904
177,0.8894472361809045,0.8622245727053236,0.10466602213240496
178,0.8944723618090452,0.8625674333640015,0.10050153135718733
179,0.8994974874371859,0.8624247597771918,0.09674029688777784
180,0.9045226130653267,0.8616263021821557,0.09338484422211757
181,0.9095477386934674,0.8599984066706033,0.09042983966160399
182,0.914572864321608,0.8573706948043822,0.08786242466728755
183,0.9195979899497487,0.8535847876996475,0.08566283109420503
184,0.9246231155778895,0.8485051360412649,0.0838052560069793
185,0.9296482412060302,0.8420316713707113,0.08225896032641611
186,0.9346733668341709,0.8341135757597337,0.08098954298003336
187,0.9396984924623115,0.8247630367442386,0.07996033214943754
188,0.9447236180904522,0.8140674871462815,0.07913382793555679
189,0.949748743718593,0.8021986039457037,0.07847312634076997
190,0.9547738693467337,0.7894163255163502,0.07794325277116987
191,0.9597989949748744,0.7760663870135237,0.07751233416656977
192,0.964824120603015,0.7625703780561081,0.0771525424385342
193,0.9698492462311558,0.7494080604330494,0.07684074860983857
194,0.9748743718592965,0.737092568445079,0.07655883797161889
195,0.9798994974874372,0.7261400374584142,0.07629365352868599
196,0.9849246231155779,0.7170360343691162,0.07603656066154085
197,0.9899497487437187,0.7102017652730012,0.07578266386546995
198,0.9949748743718593,0.7059633031056501,0.07552976114480614
199,1.0,0.7045269482379253,0.07527719885202377
