,x,y,pNG
0,0.0,0.9326703402241738,0.0
1,0.005025125628140704,0.9326964331086226,0.0
2,0.010050251256281407,0.9327829539225945,0.0
3,0.01507537688442211,0.9329538022312163,0.0
4,0.020100502512562814,0.9332461385678827,0.0
5,0.02512562814070352,0.9337066625014435,0.0
6,0.03015075376884422,0.9343869431041598,2.220446049250313e-16
7,0.035175879396984924,0.9353382735251308,1.1102230246251563e-15
8,0.04020100502512563,0.9366065650770012,7.549516567451064e-15
9,0.04522613065326633,0.9382277851131507,3.486100297322992e-14
10,0.05025125628140704,0.9402243781816904,1.383337888682945e-13
11,0.05527638190954774,0.9426029985574853,4.785061236134425e-13
12,0.06030150753768844,0.9453537365850017,1.4841461393189093e-12
13,0.06532663316582915,0.9484508576146139,4.199973702156966e-12
14,0.07035175879396985,0.9518549092096765,1.0992984300628448e-11
15,0.07537688442211056,0.9555159083830502,2.6898927529828146e-11
16,0.08040201005025126,0.9593772124325338,6.207279135139743e-11
17,0.08542713567839195,0.9633796168663787,1.3604450899151743e-10
18,0.09045226130653267,0.9674652185516386,2.8486080161371774e-10
19,0.09547738693467336,0.9715806314867687,5.726588092613838e-10
20,0.10050251256281408,0.9756792396345719,1.1098912899853983e-09
21,0.10552763819095477,0.9797223032661427,2.0812813694703887e-09
22,0.11055276381909548,0.9836788852211873,3.7877010417020066e-09
23,0.11557788944723618,0.9875247123669146,6.707588262599984e-09
24,0.12060301507537688,0.991240216898052,1.1585287951199064e-08
25,0.12562814070351758,0.9948080965473988,1.955589989943718e-08
26,0.1306532663316583,0.9982107818470489,3.231887280019663e-08
27,0.135678391959799,1.0014281980557809,5.237580780192985e-08
28,0.1407035175879397,1.0044361614571342,8.335175805118665e-08
29,0.1457286432160804,1.0072056624217662,1.304238063104535e-07
30,0.15075376884422112,1.0097031732431232,2.0088598262635318e-07
31,0.15577889447236182,1.0118919920370142,3.048856501708386e-07
32,0.16080402010050251,1.0137345100251487,4.56373452140113e-07
33,0.1658291457286432,1.015195181838452,6.743168279310653e-07
34,0.1708542713567839,1.0162438976416577,9.84236007472994e-07
35,0.17587939698492464,1.016859408648108,1.4201313316419828e-06
36,0.18090452261306533,1.01703244668084,2.0268817668700483e-06
37,0.18592964824120603,1.0167682028333371,2.8632065637301807e-06
38,0.19095477386934673,1.016087885899379,4.005295189735136e-06
39,0.19597989949748745,1.0150291617261622,5.551224879773997e-06
40,0.20100502512562815,1.0136453721950007,7.626300381979868e-06
41,0.20603015075376885,1.0120035385995052,1.0389466603921704e-05
42,0.21105527638190955,1.01018126003803,1.404096181234493e-05
43,0.21608040201005024,1.0082627145979068,1.8831396625285105e-05
44,0.22110552763819097,1.0063340517862347,2.5072462055297784e-05
45,0.22613065326633167,1.0044785221450534,3.314948808097462e-05
46,0.23115577889447236,1.00277171911205,4.3536092309781615e-05
47,0.23618090452261306,1.0012773058150555,5.681117585598638e-05
48,0.24120603015075376,1.0000435649534998,7.367854016515629e-05
49,0.24623115577889448,0.9991010453317822,9.498941356755886e-05
50,0.25125628140703515,0.9984614889154113,0.00012176818921816324
51,0.2562814070351759,0.9981181150227147,0.0001552416859715855
52,0.2613065326633166,0.9980472229933742,0.00019687224973952144
53,0.2663316582914573,0.9982109620721772,0.00024839501389539714
54,0.271356783919598,0.9985610180286556,0.0003118596320621503
55,0.2763819095477387,0.9990428897996694,0.0003896767836720771
56,0.2814070351758794,0.9996003835877575,0.00048466973030514277
57,0.2864321608040201,1.0001799407285175,0.0006001311670300603
58,0.2914572864321608,1.000734440077725,0.0007398855655190718
59,0.2964824120603015,1.001226172884447,0.0009083571420223092
60,0.30150753768844224,1.0016287720923793,0.0011106435004868411
61,0.3065326633165829,1.0019279802210275,0.001352594895956072
62,0.31155778894472363,1.0021212503740708,0.0016408989323892784
63,0.3165829145728643,1.0022162830291053,0.0019831703484334273
64,0.32160804020100503,1.002228697223096,0.002388045350483425
65,0.32663316582914576,1.0021791101812996,0.002865279720645764
66,0.3316582914572864,1.0020899480397507,0.0034258496541164085
67,0.33668341708542715,1.0019823281835802,0.004082053962641163
68,0.3417085427135678,1.0018733394696295,0.004847615915588244
69,0.34673366834170855,1.0017740013055965,0.005737782576480721
70,0.35175879396984927,1.0016881097005679,0.0067694190313284395
71,0.35678391959798994,1.0016120837874332,0.007961094399166924
72,0.36180904522613067,1.0015358179673843,0.009333155971870122
73,0.36683417085427134,1.001444432740576,0.010907787261231872
74,0.37185929648241206,1.0013207129444026,0.012709045153906471
75,0.3768844221105528,1.00114793757736,0.014762870813390228
76,0.38190954773869346,1.000912751943231,0.017097068455051878
77,0.3869346733668342,1.0006077193818144,0.01974124569636193
78,0.3919597989949749,1.0002332210555474,0.02272670890008477
79,0.3969849246231156,0.9997984471966723,0.02608630684242097
80,0.4020100502512563,0.9993213345665193,0.029854216217591656
81,0.40703517587939697,0.9988274392330585,0.0340656630069478
82,0.4120603015075377,0.998347873145952,0.03875657466706151
83,0.4170854271356784,0.9979165573831629,0.04396315949513308
84,0.4221105527638191,0.9975671356064456,0.049721411466245535
85,0.4271356783919598,0.9973299340212787,0.05606654133791822
86,0.4321608040201005,0.997229342099439,0.06303233788205452
87,0.4371859296482412,0.9972819233684886,0.07065046668727748
88,0.44221105527638194,0.997495458217746,0.07894971797521633
89,0.4472361809045226,0.9978689883023005,0.08795521912972826
90,0.45226130653266333,0.9983937959054752,0.09768763192004892
91,0.457286432160804,0.9990551326781792,0.1081623584180399
92,0.4623115577889447,0.9998344278722529,0.11938878302838417
93,0.46733668341708545,1.0007116671834462,0.13136958050521352
94,0.4723618090452261,1.0016676420253576,0.1441001209619175
95,0.47738693467336685,1.0026858197025128,0.1575680023811027
96,0.4824120603015075,1.0037536652233228,0.1717527387756841
97,0.48743718592964824,1.004863339278656,0.18662562784702966
98,0.49246231155778897,1.0060117875586319,0.20214981580098268
99,0.49748743718592964,1.00720030998482,0.21828056916742367
100,0.5025125628140703,1.0084337453516816,0.2349657544500421
101,0.507537688442211,1.0097194240535277,0.2521465167880159
102,0.5125628140703518,1.011066031641418,0.26975813921982283
103,0.5175879396984925,1.012482496129341,0.2877310553166181
104,0.5226130653266332,1.01397697207057,0.3059919805741333
105,0.5276381909547738,1.0155559546030846,0.32446512257864146
106,0.5326633165829145,1.0172235253654056,0.3430734269796969
107,0.5376884422110553,1.018980714733751,0.3617398158786821
108,0.542713567839196,1.0208249628130266,0.38038837731832265
109,0.5477386934673367,1.0227496730784527,0.3989454688605991
110,0.5527638190954774,1.0247438728762375,0.4173407043239209
111,0.5577889447236181,1.026792018040867,0.4355078000548676
112,0.5628140703517588,1.0288739983675128,0.4533852650272802
113,0.5678391959798995,1.0309654111783397,0.4709169270004547
114,0.5728643216080402,1.0330381679692018,0.4880522944081132
115,0.577889447236181,1.0350614823730364,0.5047467601792219
116,0.5829145728643216,1.0370032567718424,0.5209616590310353
117,0.5879396984924623,1.0388318421331786,0.5366641937770232
118,0.592964824120603,1.0405180950628714,0.551827248834457
119,0.5979899497487438,1.0420376031039098,0.5664291104762944
120,0.6030150753768845,1.0433729004981889,0.5804531136023
121,0.6080402010050251,1.04451545908289,0.5938872341031469
122,0.6130653266331658,1.045467219761002,0.6067236444786309
123,0.6180904522613065,1.046241435149909,0.6189582484633316
124,0.6231155778894473,1.0468626276550248,0.6305902082109183
125,0.628140703517588,1.0473655303593064,0.6416214752632088
126,0.6331658291457286,1.0477929678899098,0.6520563342206792
127,0.6381909547738693,1.0481927436601635,0.6619009658412491
128,0.6432160804020101,1.048613717423267,0.6711630342953384
129,0.6482412060301508,1.0491013687703776,0.679851301540131
130,0.6532663316582915,1.0496932326759667,0.6879752702635287
131,0.6582914572864321,1.050414648027463,0.6955448555896078
132,0.6633165829145728,1.0512752681998045,0.7025700847191154
133,0.6683417085427136,1.0522667384866762,0.7090608228798867
134,0.6733668341708543,1.0533618497355872,0.7150265233553559
135,0.678391959798995,1.0545153392377262,0.7204759989167833
136,0.6834170854271356,1.0556663436909444,0.7254172116764129
137,0.6884422110552764,1.0567423344849651,0.7298570781782585
138,0.6934673366834171,1.0576642043253943,0.733801286425678
139,0.6984924623115578,1.0583520469849421,0.7372541214892109
140,0.7035175879396985,1.0587310953973987,0.7402182963274583
141,0.7085427135678392,1.0587372675399687,0.7426947844745945
142,0.7135678391959799,1.0583218166890462,0.7446826512918109
143,0.7185929648241206,1.0574546864001662,0.7461788805422188
144,0.7236180904522613,1.0561263171776392,0.7471781931305788
145,0.7286432160804021,1.054347822001966,0.7476728549572064
146,0.7336683417085427,1.052149619716951,0.7476524709825764
147,0.7386934673366834,1.0495787672447359,0.7471037628083135
148,0.7437185929648241,1.046695345666485,0.7460103273827712
149,0.7487437185929648,1.0435683192498986,0.7443523748819951
150,0.7537688442211056,1.0402712957766718,0.742106444463035
151,0.7587939698492463,1.0368785740080566,0.7392450975221717
152,0.7638190954773869,1.0334617797190238,0.7357365894316727
153,0.7688442211055276,1.0300872804351275,0.7315445226273437
154,0.7738693467336684,1.0268144484413713,0.7266274865750821
155,0.7788944723618091,1.0236947292922267,0.7209386938140533
156,0.7839195979899498,1.0207713837155732,0.7144256262813014
157,0.7889447236180904,1.0180797145111815,0.7070297128680165
158,0.7939698492462312,1.0156475709119193,0.6986860681208962
159,0.7989949748743719,1.0134959388808393,0.6893233337323723
160,0.8040201005025126,1.0116394695411268,0.6788636795458769
161,0.8090452261306533,1.0100868581010953,0.6672230397853499
162,0.8140703517587939,1.0088410491627458,0.6543116834735379
163,0.8190954773869347,1.0078992985546882,0.6400352454858719
164,0.8241206030150754,1.007253156719211,0.6242963755498581
165,0.8291457286432161,1.0068884483002412,0.6069971945137906
166,0.8341708542713568,1.0067853061447274,0.5880427759526633
167,0.8391959798994975,1.006918279912192,0.5673458890044445
168,0.8442211055276382,1.0072564888738447,0.5448332332234866
169,0.8492462311557789,1.0077637373231891,0.5204533509071371
170,0.8542713567839196,1.008398472432339,0.4941862941991742
171,0.8592964824120604,1.0091134503471766,0.4660549273956464
172,0.864321608040201,1.009854995527931,0.43613743565287655
173,0.8693467336683417,1.0105617945587178,0.4045801792333803
174,0.8743718592964824,1.0111632566176427,0.3716094969763633
175,0.8793969849246231,1.0115775900430495,0.33754049391353225
176,0.8844221105527639,1.0117098738474464,0.3027803836903397
177,0.8894472361809045,1.011450526229906,0.2678238018503152
178,0.8944723618090452,1.010674668366468,0.23323789751017565
179,0.8994974874371859,1.0092429302139239,0.19963613235643365
180,0.9045226130653267,1.0070042274341058,0.16764157775709798
181,0.9095477386934674,1.0038009416211722,0.13784283067831282
182,0.914572864321608,0.999476754201278,0.11074789201271662
183,0.9195979899497487,0.9938871219471441,0.0867427268022195
184,0.9246231155778895,0.9869120548169716,0.06606113519491362
185,0.9296482412060302,0.978470492820009,0.04877081983731424
186,0.9346733668341709,0.968535217307939,0.034777543246586114
187,0.9396984924623115,0.9571469217191217,0.023845896092320015
188,0.9447236180904522,0.9444258594612168,0.01563241741503818
189,0.949748743718593,0.9305794313456148,0.009725299483936745
190,0.9547738693467337,0.9159042094302426,0.005684835019158285
191,0.9597989949748744,0.9007812360087577,0.0030798082938461317
192,0.964824120603015,0.8856639765318742,0.0015166329420850386
193,0.9698492462311558,0.8710590033618716,0.0006596546314946439
194,0.9748743718592965,0.8575002734519842,0.0002423165238953917
195,0.9798994974874372,0.8455186439250676,6.972449989328666e-05
196,0.9849246231155779,0.8356089401256694,1.3643579832356426e-05
197,0.9899497487437187,0.8281973501007212,1.321543143473214e-06
198,0.9949748743718593,0.8236120876366306,2.299478685241496e-08
199,1.0,0.8220600989276711,0.0
