,x,y
0,0.0,1.8566831126046497e-13
1,0.010101010101010102,2.9472431681847536e-12
2,0.020202020202020204,3.925397920766226e-11
3,0.030303030303030304,4.3899328267567956e-10
4,0.04040404040404041,4.125901984761774e-09
5,0.05050505050505051,3.262296934660147e-08
6,0.06060606060606061,2.1728048290497746e-07
7,0.07070707070707072,1.2208791062037517e-06
8,0.08080808080808081,5.798045989382311e-06
9,0.09090909090909091,2.3325355956749073e-05
10,0.10101010101010102,7.971265995878147e-05
11,0.11111111111111112,0.00023222861672528414
12,0.12121212121212122,0.0005794296134570306
13,0.13131313131313133,0.001246003310824413
14,0.14141414141414144,0.0023302197725752413
15,0.15151515151515152,0.003841524983224062
16,0.16161616161616163,0.005697127178475331
17,0.17171717171717174,0.00782000206240075
18,0.18181818181818182,0.010268417468914683
19,0.19191919191919193,0.013239739241685982
20,0.20202020202020204,0.01688170577350985
21,0.21212121212121213,0.021085973635169997
22,0.22222222222222224,0.025556357031891994
23,0.23232323232323235,0.030212430709994707
24,0.24242424242424243,0.03559562983795568
25,0.25252525252525254,0.04284068056912096
26,0.26262626262626265,0.05311709610558045
27,0.27272727272727276,0.06691567718652892
28,0.2828282828282829,0.08373945617479503
29,0.29292929292929293,0.10249150369433593
30,0.30303030303030304,0.12230137834063655
31,0.31313131313131315,0.14316000172975263
32,0.32323232323232326,0.1659375645239133
33,0.33333333333333337,0.19192964862679474
34,0.3434343434343435,0.22233540392091397
35,0.3535353535353536,0.2578030781032992
36,0.36363636363636365,0.29796311404765075
37,0.37373737373737376,0.34114905116326183
38,0.38383838383838387,0.3848202493875557
39,0.393939393939394,0.426844005305795
40,0.4040404040404041,0.4669303897899803
41,0.4141414141414142,0.5071286678248115
42,0.42424242424242425,0.5509782430200559
43,0.43434343434343436,0.6019520460693811
44,0.4444444444444445,0.662080212868665
45,0.4545454545454546,0.731138167457759
46,0.4646464646464647,0.8065108995679684
47,0.4747474747474748,0.8839210513050503
48,0.48484848484848486,0.9589167784890824
49,0.494949494949495,1.028456179779895
50,0.5050505050505051,1.0918461856384742
51,0.5151515151515152,1.1507257182550044
52,0.5252525252525253,1.2082209540198605
53,0.5353535353535354,1.2675898896540942
54,0.5454545454545455,1.330663812581417
55,0.5555555555555556,1.3965661462719905
56,0.5656565656565657,1.461660303454429
57,0.5757575757575758,1.5213865608361443
58,0.5858585858585859,1.572916555344909
59,0.595959595959596,1.6162996132427947
60,0.6060606060606061,1.6532004395535311
61,0.6161616161616162,1.6849614664071315
62,0.6262626262626263,1.7121522120321802
63,0.6363636363636365,1.7356606275446815
64,0.6464646464646465,1.7575820826917015
65,0.6565656565656566,1.7805057336122971
66,0.6666666666666667,1.8055763078338256
67,0.6767676767676768,1.831315538460652
68,0.686868686868687,1.8549708644697647
69,0.696969696969697,1.8754414019671302
70,0.7070707070707072,1.8942986385021783
71,0.7171717171717172,1.9132429869523664
72,0.7272727272727273,1.931192896060306
73,0.7373737373737375,1.9450958610133058
74,0.7474747474747475,1.9534668090230736
75,0.7575757575757577,1.9580276894932267
76,0.7676767676767677,1.9619808125690317
77,0.7777777777777778,1.967932386690279
78,0.787878787878788,1.9775240596831238
79,0.797979797979798,1.9912461817478093
80,0.8080808080808082,2.007094871803259
81,0.8181818181818182,2.0198869880835986
82,0.8282828282828284,2.0235367925107406
83,0.8383838383838385,2.0153496013778587
84,0.8484848484848485,1.9988003220202366
85,0.8585858585858587,1.9822865174281081
86,0.8686868686868687,1.9743439928621498
87,0.8787878787878789,1.978177792523054
88,0.888888888888889,1.9891085766932874
89,0.8989898989898991,1.9970418462766837
90,0.9090909090909092,1.9924647963268065
91,0.9191919191919192,1.9715930802359547
92,0.9292929292929294,1.9370475032740295
93,0.9393939393939394,1.8936213349977216
94,0.9494949494949496,1.8411682746127978
95,0.9595959595959597,1.7682646938397126
96,0.9696969696969697,1.6521396661547094
97,0.9797979797979799,1.469446674630603
98,0.98989898989899,1.2146423418979184
99,1.0,0.9125060424398301
