,x,y,pNG
0,0.0,1.0539041378296452,0.0
1,0.005025125628140704,1.0542293408158767,0.0
2,0.010050251256281407,1.055190697073864,0.0
3,0.01507537688442211,1.056746666442117,0.0
4,0.020100502512562814,1.058831951878286,0.0
5,0.02512562814070352,1.061362985953537,0.0
6,0.03015075376884422,1.0642448205604367,2.220446049250313e-16
7,0.035175879396984924,1.067378728915932,1.1102230246251563e-15
8,0.04020100502512563,1.0706697623640151,7.549516567451064e-15
9,0.04522613065326633,1.0740335158333678,3.486100297322992e-14
10,0.05025125628140704,1.0774014434983474,1.383337888682945e-13
11,0.05527638190954774,1.0807242212867796,4.785061236134425e-13
12,0.06030150753768844,1.0839728601721783,1.4841461393189093e-12
13,0.06532663316582915,1.0871375136018666,4.199973702156966e-12
14,0.07035175879396985,1.0902241705470128,1.0992984300628448e-11
15,0.07537688442211056,1.0932496574631891,2.6898927529828146e-11
16,0.08040201005025126,1.096235563100314,6.207279135139743e-11
17,0.08542713567839195,1.0992018272027033,1.3604450899151743e-10
18,0.09045226130653267,1.1021607802491937,2.8486080161371774e-10
19,0.09547738693467336,1.1051123766760453,5.726588092613838e-10
20,0.10050251256281408,1.1080412287037487,1.1098912899853983e-09
21,0.10552763819095477,1.110915833724912,2.0812813694703887e-09
22,0.11055276381909548,1.1136901185978416,3.7877010417020066e-09
23,0.11557788944723618,1.1163071322493026,6.707588262599984e-09
24,0.12060301507537688,1.1187044426143902,1.1585287951199064e-08
25,0.12562814070351758,1.1208205741882877,1.955589989943718e-08
26,0.1306532663316583,1.1226016911453975,3.231887280019663e-08
27,0.135678391959799,1.1240077086847189,5.237580780192985e-08
28,0.1407035175879397,1.125017106085621,8.335175805118665e-08
29,0.1457286432160804,1.12562990502737,1.304238063104535e-07
30,0.15075376884422112,1.1258685359896625,2.0088598262635318e-07
31,0.15577889447236182,1.1257766027295666,3.048856501708386e-07
32,0.16080402010050251,1.1254158246018335,4.56373452140113e-07
33,0.1658291457286432,1.1248616475428268,6.743168279310653e-07
34,0.1708542713567839,1.1241981368413794,9.84236007472994e-07
35,0.17587939698492464,1.123512784670146,1.4201313316419828e-06
36,0.18090452261306533,1.1228917871910498,2.0268817668700483e-06
37,0.18592964824120603,1.1224161908079964,2.8632065637301807e-06
38,0.19095477386934673,1.1221591075355426,4.005295189735136e-06
39,0.19597989949748745,1.1221839933599733,5.551224879773997e-06
40,0.20100502512562815,1.1225438067714337,7.626300381979868e-06
41,0.20603015075376885,1.1232807449983453,1.0389466603921704e-05
42,0.21105527638190955,1.1244262081355785,1.404096181234493e-05
43,0.21608040201005024,1.126000667676759,1.8831396625285105e-05
44,0.22110552763819097,1.1280132045693394,2.5072462055297784e-05
45,0.22613065326633167,1.1304606120576723,3.314948808097462e-05
46,0.23115577889447236,1.1333261047327619,4.3536092309781615e-05
47,0.23618090452261306,1.1365778118763916,5.681117585598638e-05
48,0.24120603015075376,1.1401673390241274,7.367854016515629e-05
49,0.24623115577889448,1.1440287422112743,9.498941356755886e-05
50,0.25125628140703515,1.1480782681079449,0.00012176818921816324
51,0.2562814070351759,1.1522151712238569,0.0001552416859715855
52,0.2613065326633166,1.1563238335677692,0.00019687224973952144
53,0.2663316582914573,1.1602772934546584,0.00024839501389539714
54,0.271356783919598,1.163942151269741,0.0003118596320621503
55,0.2763819095477387,1.1671846739018605,0.0003896767836720771
56,0.2814070351758794,1.1698777786436958,0.00048466973030514277
57,0.2864321608040201,1.1719084532199695,0.0006001311670300603
58,0.2914572864321608,1.1731850721886454,0.0007398855655190718
59,0.2964824120603015,1.1736440116669895,0.0009083571420223092
60,0.30150753768844224,1.1732549537272556,0.0011106435004868411
61,0.3065326633165829,1.1720243166573983,0.001352594895956072
62,0.31155778894472363,1.169996351992623,0.0016408989323892784
63,0.3165829145728643,1.167251612875083,0.0019831703484334273
64,0.32160804020100503,1.163902712872733,0.002388045350483425
65,0.32663316582914576,1.160087543729655,0.002865279720645764
66,0.3316582914572864,1.1559603806315064,0.0034258496541164085
67,0.33668341708542715,1.1516815445526454,0.004082053962641163
68,0.3417085427135678,1.1474064808744604,0.004847615915588244
69,0.34673366834170855,1.1432752219516176,0.005737782576480721
70,0.35175879396984927,1.1394032065580602,0.0067694190313284395
71,0.35678391959798994,1.135874321408366,0.007961094399166924
72,0.36180904522613067,1.1327368148946877,0.009333155971870122
73,0.36683417085427134,1.1300024325981595,0.010907787261231872
74,0.37185929648241206,1.1276487738670173,0.012709045153906471
75,0.3768844221105528,1.125624513942071,0.014762870813390228
76,0.38190954773869346,1.1238568244901086,0.017097068455051878
77,0.3869346733668342,1.1222600997462795,0.01974124569636193
78,0.3919597989949749,1.1207449865301686,0.02272670890008477
79,0.3969849246231156,1.119226737741188,0.02608630684242097
80,0.4020100502512563,1.1176320545758034,0.029854216217591656
81,0.40703517587939697,1.1159038281491018,0.0340656630069478
82,0.4120603015075377,1.1140034976704498,0.03875657466706151
83,0.4170854271356784,1.111911063410753,0.04396315949513308
84,0.4221105527638191,1.1096230821747994,0.049721411466245535
85,0.4271356783919598,1.1071491923103995,0.05606654133791822
86,0.4321608040201005,1.1045078393929473,0.06303233788205452
87,0.4371859296482412,1.1017218941687212,0.07065046668727748
88,0.44221105527638194,1.0988147792351195,0.07894971797521633
89,0.4472361809045226,1.0958075719863989,0.08795521912972826
90,0.45226130653266333,1.09271735873309,0.09768763192004892
91,0.457286432160804,1.0895569111641088,0.1081623584180399
92,0.4623115577889447,1.0863355706194215,0.11938878302838417
93,0.46733668341708545,1.0830610794009419,0.13136958050521352
94,0.4723618090452261,1.0797420030873026,0.1441001209619175
95,0.47738693467336685,1.0763903452847434,0.1575680023811027
96,0.4824120603015075,1.0730239605413032,0.1717527387756841
97,0.48743718592964824,1.069668412007276,0.18662562784702966
98,0.49246231155778897,1.0663579866946007,0.20214981580098268
99,0.49748743718592964,1.0631356636050293,0.21828056916742367
100,0.5025125628140703,1.0600519225667886,0.2349657544500421
101,0.507537688442211,1.0571623814342261,0.2521465167880159
102,0.5125628140703518,1.0545243550117742,0.26975813921982283
103,0.5175879396984925,1.052192538626462,0.2877310553166181
104,0.5226130653266332,1.0502141278035708,0.3059919805741333
105,0.5276381909547738,1.0486237839791157,0.32446512257864146
106,0.5326633165829145,1.0474389315785757,0.3430734269796969
107,0.5376884422110553,1.0466559087843725,0.3617398158786821
108,0.542713567839196,1.0462474783241755,0.38038837731832265
109,0.5477386934673367,1.046162125523173,0.3989454688605991
110,0.5527638190954774,1.046325426547927,0.4173407043239209
111,0.5577889447236181,1.0466435685234945,0.4355078000548676
112,0.5628140703517588,1.047008864345054,0.4533852650272802
113,0.5678391959798995,1.047306857264211,0.4709169270004547
114,0.5728643216080402,1.047424388123155,0.4880522944081132
115,0.577889447236181,1.0472578362101712,0.5047467601792219
116,0.5829145728643216,1.0467206722655478,0.5209616590310353
117,0.5879396984924623,1.0457494971621197,0.5366641937770232
118,0.592964824120603,1.044307885066506,0.551827248834457
119,0.5979899497487438,1.0423875915810803,0.5664291104762944
120,0.6030150753768845,1.0400069961350091,0.5804531136023
121,0.6080402010050251,1.0372069828987722,0.5938872341031469
122,0.6130653266331658,1.0340447794900678,0.6067236444786309
123,0.6180904522613065,1.0305865232069558,0.6189582484633316
124,0.6231155778894473,1.0268994747017308,0.6305902082109183
125,0.628140703517588,1.023044827520212,0.6416214752632088
126,0.6331658291457286,1.019071965105465,0.6520563342206792
127,0.6381909547738693,1.015014809188578,0.6619009658412491
128,0.6432160804020101,1.0108906151532917,0.6711630342953384
129,0.6482412060301508,1.0067012419884953,0.679851301540131
130,0.6532663316582915,1.002436602267588,0.6879752702635287
131,0.6582914572864321,0.9980797242124652,0.6955448555896078
132,0.6633165829145728,0.9936126677339181,0.7025700847191154
133,0.6683417085427136,0.9890224507708771,0.7090608228798867
134,0.6733668341708543,0.9843061674410252,0.7150265233553559
135,0.678391959798995,0.9794746066851782,0.7204759989167833
136,0.6834170854271356,0.9745538879616472,0.7254172116764129
137,0.6884422110552764,0.9695848893424163,0.7298570781782585
138,0.6934673366834171,0.9646205194707911,0.733801286425678
139,0.6984924623115578,0.9597211453596498,0.7372541214892109
140,0.7035175879396985,0.9549487044645526,0.7402182963274583
141,0.7085427135678392,0.9503601803218913,0.7426947844745945
142,0.7135678391959799,0.9460011929777759,0.7446826512918109
143,0.7185929648241206,0.9419004435800788,0.7461788805422188
144,0.7236180904522613,0.9380656600123204,0.7471781931305788
145,0.7286432160804021,0.9344815277070344,0.7476728549572064
146,0.7336683417085427,0.9311098735033878,0.7476524709825764
147,0.7386934673366834,0.9278921225872148,0.7471037628083135
148,0.7437185929648241,0.9247537950184648,0.7460103273827712
149,0.7487437185929648,0.9216105769074386,0.7443523748819951
150,0.7537688442211056,0.9183753190759981,0.742106444463035
151,0.7587939698492463,0.9149652063075607,0.7392450975221717
152,0.7638190954773869,0.9113083190452541,0.7357365894316727
153,0.7688442211055276,0.9073488823406411,0.7315445226273437
154,0.7738693467336684,0.903050657464947,0.7266274865750821
155,0.7788944723618091,0.8983981609627639,0.7209386938140533
156,0.7839195979899498,0.8933956646596898,0.7144256262813014
157,0.7889447236180904,0.8880642022554928,0.7070297128680165
158,0.7939698492462312,0.8824370464365416,0.6986860681208962
159,0.7989949748743719,0.8765542923562086,0.6893233337323723
160,0.8040201005025126,0.8704572662006987,0.6788636795458769
161,0.8090452261306533,0.8641834622681887,0.6672230397853499
162,0.8140703517587939,0.8577626042359315,0.6543116834735379
163,0.8190954773869347,0.8512142452191213,0.6400352454858719
164,0.8241206030150754,0.844547095763332,0.6242963755498581
165,0.8291457286432161,0.8377600325616212,0.6069971945137906
166,0.8341708542713568,0.8308445258702165,0.5880427759526633
167,0.8391959798994975,0.8237880566667586,0.5673458890044445
168,0.8442211055276382,0.8165779924373409,0.5448332332234866
169,0.8492462311557789,0.8092053592077583,0.5204533509071371
170,0.8542713567839196,0.8016679832088978,0.4941862941991742
171,0.8592964824120604,0.7939725670697098,0.4660549273956464
172,0.864321608040201,0.7861353972282763,0.43613743565287655
173,0.8693467336683417,0.778181535136142,0.4045801792333803
174,0.8743718592964824,0.7701425103434806,0.3716094969763633
175,0.8793969849246231,0.7620526971849038,0.33754049391353225
176,0.8844221105527639,0.7539447097573919,0.3027803836903397
177,0.8894472361809045,0.745844284797895,0.2678238018503152
178,0.8944723618090452,0.7377652310837375,0.23323789751017565
179,0.8994974874371859,0.7297050972405762,0.19963613235643365
180,0.9045226130653267,0.7216422349454231,0.16764157775709798
181,0.9095477386934674,0.7135348974588707,0.13784283067831282
182,0.914572864321608,0.7053229012067135,0.11074789201271662
183,0.9195979899497487,0.6969321826246133,0.0867427268022195
184,0.9246231155778895,0.6882823048379275,0.06606113519491362
185,0.9296482412060302,0.679296623328102,0.04877081983731424
186,0.9346733668341709,0.6699144362884714,0.034777543246586114
187,0.9396984924623115,0.6601040685151988,0.023845896092320015
188,0.9447236180904522,0.6498755229720489,0.01563241741503818
189,0.949748743718593,0.6392911407888071,0.009725299483936745
190,0.9547738693467337,0.628472691238241,0.005684835019158285
191,0.9597989949748744,0.6176035036182176,0.0030798082938461317
192,0.964824120603015,0.6069246609425094,0.0015166329420850386
193,0.9698492462311558,0.5967248748192266,0.0006596546314946439
194,0.9748743718592965,0.5873243904535194,0.0002423165238953917
195,0.9798994974874372,0.5790540390399251,6.972449989328666e-05
196,0.9849246231155779,0.5722312527351332,1.3643579832356426e-05
197,0.9899497487437187,0.567135374974025,1.321543143473214e-06
198,0.9949748743718593,0.5639848446583926,2.299478685241496e-08
199,1.0,0.5629187514749096,0.0
