,x,y,pNG
0,0.0,1.5392289160110786,0.0
1,0.005025125628140704,1.5389741386161946,0.0
2,0.010050251256281407,1.5381993255386597,0.0
3,0.01507537688442211,1.5368750248348821,0.0
4,0.020100502512562814,1.5349584713589817,0.0
5,0.02512562814070352,1.5324020251914436,0.0
6,0.03015075376884422,1.529163090115405,2.220446049250313e-16
7,0.035175879396984924,1.5252140256059263,1.1102230246251563e-15
8,0.04020100502512563,1.5205506322999565,7.549516567451064e-15
9,0.04522613065326633,1.5151980853549833,3.486100297322992e-14
10,0.05025125628140704,1.509213645454541,1.383337888682945e-13
11,0.05527638190954774,1.5026859993280506,4.785061236134425e-13
12,0.06030150753768844,1.495731569739335,1.4841461393189093e-12
13,0.06532663316582915,1.4884885026238381,4.199973702156966e-12
14,0.07035175879396985,1.4811092315653336,1.0992984300628448e-11
15,0.07537688442211056,1.4737525232209032,2.6898927529828146e-11
16,0.08040201005025126,1.4665757488953517,6.207279135139743e-11
17,0.08542713567839195,1.4597278668543083,1.3604450899151743e-10
18,0.09045226130653267,1.4533433136957976,2.8486080161371774e-10
19,0.09547738693467336,1.447536766222571,5.726588092613838e-10
20,0.10050251256281408,1.4423986041156975,1.1098912899853983e-09
21,0.10552763819095477,1.4379909036655643,2.0812813694703887e-09
22,0.11055276381909548,1.434343913493515,3.7877010417020066e-09
23,0.11557788944723618,1.4314531620380733,6.707588262599984e-09
24,0.12060301507537688,1.4292775597561524,1.1585287951199064e-08
25,0.12562814070351758,1.42773901706643,1.955589989943718e-08
26,0.1306532663316583,1.4267241438490739,3.231887280019663e-08
27,0.135678391959799,1.4260884950999086,5.237580780192985e-08
28,0.1407035175879397,1.4256635812809273,8.335175805118665e-08
29,0.1457286432160804,1.4252665067004089,1.304238063104535e-07
30,0.15075376884422112,1.4247116978333807,2.0088598262635318e-07
31,0.15577889447236182,1.4238238125023237,3.048856501708386e-07
32,0.16080402010050251,1.4224506539281705,4.56373452140113e-07
33,0.1658291457286432,1.4204748055344947,6.743168279310653e-07
34,0.1708542713567839,1.417822777305411,9.84236007472994e-07
35,0.17587939698492464,1.4144707019056044,1.4201313316419828e-06
36,0.18090452261306533,1.4104459968476661,2.0268817668700483e-06
37,0.18592964824120603,1.405824854976616,2.8632065637301807e-06
38,0.19095477386934673,1.4007258699407412,4.005295189735136e-06
39,0.19597989949748745,1.3953004842504038,5.551224879773997e-06
40,0.20100502512562815,1.3897212216159325,7.626300381979868e-06
41,0.20603015075376885,1.38416881270982,1.0389466603921704e-05
42,0.21105527638190955,1.3788193468186027,1.404096181234493e-05
43,0.21608040201005024,1.373832499522028,1.8831396625285105e-05
44,0.22110552763819097,1.3693417243942074,2.5072462055297784e-05
45,0.22613065326633167,1.3654470800532268,3.314948808097462e-05
46,0.23115577889447236,1.362211112752487,4.3536092309781615e-05
47,0.23618090452261306,1.3596579434842244,5.681117585598638e-05
48,0.24120603015075376,1.3577754290952904,7.367854016515629e-05
49,0.24623115577889448,1.3565199932892704,9.498941356755886e-05
50,0.25125628140703515,1.3558234758195038,0.00012176818921816324
51,0.2562814070351759,1.3556011537789883,0.0001552416859715855
52,0.2613065326633166,1.3557599783562428,0.00019687224973952144
53,0.2663316582914573,1.3562060710930928,0.00024839501389539714
54,0.271356783919598,1.3568506509269125,0.0003118596320621503
55,0.2763819095477387,1.3576138129393371,0.0003896767836720771
56,0.2814070351758794,1.3584259240943117,0.00048466973030514277
57,0.2864321608040201,1.3592267907295583,0.0006001311670300603
58,0.2914572864321608,1.3599631229835296,0.0007398855655190718
59,0.2964824120603015,1.3605851058369587,0.0009083571420223092
60,0.30150753768844224,1.3610430293237725,0.0011106435004868411
61,0.3065326633165829,1.3612848997607008,0.001352594895956072
62,0.31155778894472363,1.361255749514472,0.0016408989323892784
63,0.3165829145728643,1.3608990184427945,0.0019831703484334273
64,0.32160804020100503,1.360159957415632,0.002388045350483425
65,0.32663316582914576,1.3589905814658634,0.002865279720645764
66,0.3316582914572864,1.3573553565223595,0.0034258496541164085
67,0.33668341708542715,1.355236604149528,0.004082053962641163
68,0.3417085427135678,1.3526385906993725,0.004847615915588244
69,0.34673366834170855,1.3495894337687986,0.005737782576480721
70,0.35175879396984927,1.3461402784300671,0.0067694190313284395
71,0.35678391959798994,1.3423616095137358,0.007961094399166924
72,0.36180904522613067,1.3383370002645167,0.009333155971870122
73,0.36683417085427134,1.3341549775582755,0.010907787261231872
74,0.37185929648241206,1.3298999488498382,0.012709045153906471
75,0.3768844221105528,1.3256432495589847,0.014762870813390228
76,0.38190954773869346,1.3214353242202,0.017097068455051878
77,0.3869346733668342,1.3172998707803498,0.01974124569636193
78,0.3919597989949749,1.3132304965028776,0.02272670890008477
79,0.3969849246231156,1.3091901087342663,0.02608630684242097
80,0.4020100502512563,1.3051129470945255,0.029854216217591656
81,0.40703517587939697,1.3009088987932793,0.0340656630069478
82,0.4120603015075377,1.2964695533987296,0.03875657466706151
83,0.4170854271356784,1.2916753574630702,0.04396315949513308
84,0.4221105527638191,1.2864032171321074,0.049721411466245535
85,0.4271356783919598,1.280533951389112,0.05606654133791822
86,0.4321608040201005,1.2739590978862274,0.06303233788205452
87,0.4371859296482412,1.2665866956206067,0.07065046668727748
88,0.44221105527638194,1.258345796188292,0.07894971797521633
89,0.4472361809045226,1.2491895756508131,0.08795521912972826
90,0.45226130653266333,1.2390970248926052,0.09768763192004892
91,0.457286432160804,1.228073283933767,0.1081623584180399
92,0.4623115577889447,1.2161487529519563,0.11938878302838417
93,0.46733668341708545,1.203377158459532,0.13136958050521352
94,0.4723618090452261,1.1898327766678156,0.1441001209619175
95,0.47738693467336685,1.1756070187822285,0.1575680023811027
96,0.4824120603015075,1.1608045689275803,0.1717527387756841
97,0.48743718592964824,1.1455392420863133,0.18662562784702966
98,0.49246231155778897,1.129929706828406,0.20214981580098268
99,0.49748743718592964,1.1140952058115747,0.21828056916742367
100,0.5025125628140703,1.098151412864948,0.2349657544500421
101,0.507537688442211,1.082206589243448,0.2521465167880159
102,0.5125628140703518,1.0663582353278438,0.26975813921982283
103,0.5175879396984925,1.0506904620164224,0.2877310553166181
104,0.5226130653266332,1.0352723086818307,0.3059919805741333
105,0.5276381909547738,1.0201571940651153,0.32446512257864146
106,0.5326633165829145,1.0053835934153494,0.3430734269796969
107,0.5376884422110553,0.9909768935789413,0.3617398158786821
108,0.542713567839196,0.9769522068922394,0.38038837731832265
109,0.5477386934673367,0.9633177566298942,0.3989454688605991
110,0.5527638190954774,0.950078319405589,0.4173407043239209
111,0.5577889447236181,0.9372381580073553,0.4355078000548676
112,0.5628140703517588,0.9248029237032284,0.4533852650272802
113,0.5678391959798995,0.9127801526622478,0.4709169270004547
114,0.5728643216080402,0.9011782078445922,0.4880522944081132
115,0.577889447236181,0.8900037882850252,0.5047467601792219
116,0.5829145728643216,0.8792583944119965,0.5209616590310353
117,0.5879396984924623,0.8689343529306706,0.5366641937770232
118,0.592964824120603,0.8590111294731844,0.551827248834457
119,0.5979899497487438,0.8494526699647773,0.5664291104762944
120,0.6030150753768845,0.8402064101766064,0.5804531136023
121,0.6080402010050251,0.8312043927713528,0.5938872341031469
122,0.6130653266331658,0.8223666608746188,0.6067236444786309
123,0.6180904522613065,0.8136067923593564,0.6189582484633316
124,0.6231155778894473,0.8048391365751283,0.6305902082109183
125,0.628140703517588,0.7959870497546582,0.6416214752632088
126,0.6331658291457286,0.7869912269817818,0.6520563342206792
127,0.6381909547738693,0.7778171223425451,0.6619009658412491
128,0.6432160804020101,0.7684604534335941,0.6711630342953384
129,0.6482412060301508,0.7589499123780193,0.679851301540131
130,0.6532663316582915,0.7493464523727208,0.6879752702635287
131,0.6582914572864321,0.7397388715883909,0.6955448555896078
132,0.6633165829145728,0.7302358434082421,0.7025700847191154
133,0.6683417085427136,0.7209549960266812,0.7090608228798867
134,0.6733668341708543,0.7120100663107656,0.7150265233553559
135,0.678391959798995,0.7034974801226191,0.7204759989167833
136,0.6834170854271356,0.6954838886770432,0.7254172116764129
137,0.6884422110552764,0.6879961804022107,0.7298570781782585
138,0.6934673366834171,0.6810152786727816,0.733801286425678
139,0.6984924623115578,0.6744746460385977,0.7372541214892109
140,0.7035175879396985,0.6682638916317136,0.7402182963274583
141,0.7085427135678392,0.6622372878549414,0.7426947844745945
142,0.7135678391959799,0.6562264231090899,0.7446826512918109
143,0.7185929648241206,0.650055725110287,0.7461788805422188
144,0.7236180904522613,0.643559246855867,0.7471781931305788
145,0.7286432160804021,0.6365969553010816,0.7476728549572064
146,0.7336683417085427,0.6290688159075005,0.7476524709825764
147,0.7386934673366834,0.6209252126910398,0.7471037628083135
148,0.7437185929648241,0.6121726486640193,0.7460103273827712
149,0.7487437185929648,0.6028741841950339,0.7443523748819951
150,0.7537688442211056,0.5931446297039253,0.742106444463035
151,0.7587939698492463,0.5831410508617503,0.7392450975221717
152,0.7638190954773869,0.5730496101394906,0.7357365894316727
153,0.7688442211055276,0.5630701094777946,0.7315445226273437
154,0.7738693467336684,0.5533997812934442,0.7266274865750821
155,0.7788944723618091,0.5442178835521737,0.7209386938140533
156,0.7839195979899498,0.5356724938884969,0.7144256262813014
157,0.7889447236180904,0.5278705923964596,0.7070297128680165
158,0.7939698492462312,0.5208721149040333,0.6986860681208962
159,0.7989949748743719,0.5146882028737105,0.6893233337323723
160,0.8040201005025126,0.5092834321982378,0.6788636795458769
161,0.8090452261306533,0.5045814269711901,0.6672230397853499
162,0.8140703517587939,0.5004729991147125,0.6543116834735379
163,0.8190954773869347,0.49682582426469674,0.6400352454858719
164,0.8241206030150754,0.4934946691667546,0.6242963755498581
165,0.8291457286432161,0.4903313045381303,0.6069971945137906
166,0.8341708542713568,0.4871934318355558,0.5880427759526633
167,0.8391959798994975,0.4839521768903656,0.5673458890044445
168,0.8442211055276382,0.4804979146865758,0.5448332332234866
169,0.8492462311557789,0.4767443559025521,0.5204533509071371
170,0.8542713567839196,0.4726309325128291,0.4941862941991742
171,0.8592964824120604,0.46812357004703703,0.4660549273956464
172,0.864321608040201,0.4632139456459033,0.43613743565287655
173,0.8693467336683417,0.4579173288403718,0.4045801792333803
174,0.8743718592964824,0.4522691103387655,0.3716094969763633
175,0.8793969849246231,0.44632015985050494,0.33754049391353225
176,0.8844221105527639,0.44013122250239517,0.3027803836903397
177,0.8894472361809045,0.43376665842309536,0.2678238018503152
178,0.8944723618090452,0.42728793641295115,0.23323789751017565
179,0.8994974874371859,0.42074739068880757,0.19963613235643365
180,0.9045226130653267,0.41418281985288824,0.16764157775709798
181,0.9095477386934674,0.407613532707731,0.13784283067831282
182,0.914572864321608,0.40103841345234253,0.11074789201271662
183,0.9195979899497487,0.394436479906655,0.0867427268022195
184,0.9246231155778895,0.3877702368645241,0.06606113519491362
185,0.9296482412060302,0.3809918811566991,0.04877081983731424
186,0.9346733668341709,0.37405210199807426,0.034777543246586114
187,0.9396984924623115,0.36691085874462154,0.023845896092320015
188,0.9447236180904522,0.35954914427171675,0.01563241741503818
189,0.949748743718593,0.3519804099593247,0.009725299483936745
190,0.9547738693467337,0.34426010565800347,0.005684835019158285
191,0.9597989949748744,0.336491745534334,0.0030798082938461317
192,0.964824120603015,0.32882810465306805,0.0015166329420850386
193,0.9698492462311558,0.3214666048030615,0.0006596546314946439
194,0.9748743718592965,0.31463863622949945,0.0002423165238953917
195,0.9798994974874372,0.3085934046669068,6.972449989328666e-05
196,0.9849246231155779,0.3035777625449652,1.3643579832356426e-05
197,0.9899497487437187,0.29981422444737,1.321543143473214e-06
198,0.9949748743718593,0.2974798288702192,2.299478685241496e-08
199,1.0,0.29668857884117883,0.0
