,x,y
0,0.0,6.805675938210647e-07
1,0.010101010101010102,2.8341824387419487e-06
2,0.020202020202020204,1.0595441626140694e-05
3,0.030303030303030304,3.560673612434505e-05
4,0.04040404040404041,0.00010775249849825409
5,0.05050505050505051,0.0002942987554097215
6,0.06060606060606061,0.000727587779025326
7,0.07070707070707072,0.0016343665299064158
8,0.08080808080808081,0.003351643305643242
9,0.09090909090909091,0.006312767706414519
10,0.10101010101010102,0.011001377420022551
11,0.11111111111111112,0.01789680329308158
12,0.12121212121212122,0.027453300070165776
13,0.13131313131313133,0.04014534311734969
14,0.14141414141414144,0.05657065654337649
15,0.15151515151515152,0.07755634218356065
16,0.16161616161616163,0.104192275304124
17,0.17171717171717174,0.1377340645536411
18,0.18181818181818182,0.17937183357684905
19,0.19191919191919193,0.22993638997921267
20,0.20202020202020204,0.2896748720579673
21,0.21212121212121213,0.3582108020024014
22,0.22222222222222224,0.4346742475729351
23,0.23232323232323235,0.5178292574343255
24,0.24242424242424243,0.6060164351668885
25,0.25252525252525254,0.6969457629140161
26,0.26262626262626265,0.7876295045313433
27,0.27272727272727276,0.874730725321524
28,0.2828282828282829,0.9552670263116442
29,0.29292929292929293,1.0272781863476017
30,0.30303030303030304,1.0900963944817184
31,0.31313131313131315,1.1442071604735469
32,0.32323232323232326,1.190961394444547
33,0.33333333333333337,1.232316086717469
34,0.3434343434343435,1.2705053886449782
35,0.3535353535353536,1.3074690687196953
36,0.36363636363636365,1.3441333116524259
37,0.37373737373737376,1.3799573732177208
38,0.38383838383838387,1.4131301933983715
39,0.393939393939394,1.44138177620742
40,0.4040404040404041,1.4629463438020374
41,0.4141414141414142,1.4771743283404017
42,0.42424242424242425,1.4846287336649806
43,0.43434343434343436,1.4868417849834794
44,0.4444444444444445,1.4859473526390856
45,0.4545454545454546,1.4842369874368528
46,0.4646464646464647,1.4836293730748122
47,0.4747474747474748,1.4851966874549496
48,0.48484848484848486,1.4890128846628494
49,0.494949494949495,1.4944345181983465
50,0.5050505050505051,1.500601008300253
51,0.5151515151515152,1.5067885555534988
52,0.5252525252525253,1.5124316101555513
53,0.5353535353535354,1.5169461063827063
54,0.5454545454545455,1.5196399244800114
55,0.5555555555555556,1.5198681410318595
56,0.5656565656565657,1.517337818744687
57,0.5757575757575758,1.512323774947896
58,0.5858585858585859,1.5056255669550593
59,0.595959595959596,1.4982883103801683
60,0.6060606060606061,1.4912565001083047
61,0.6161616161616162,1.4851343374763428
62,0.6262626262626263,1.4801195265177773
63,0.6363636363636365,1.4760575211982485
64,0.6464646464646465,1.4725123783372072
65,0.6565656565656566,1.4687974367705097
66,0.6666666666666667,1.4640116678718489
67,0.6767676767676768,1.457183821288675
68,0.686868686868687,1.447556657267663
69,0.696969696969697,1.4348868684113614
70,0.7070707070707072,1.4195363938026462
71,0.7171717171717172,1.4022060623285113
72,0.7272727272727273,1.3833974503374729
73,0.7373737373737375,1.3629346568151026
74,0.7474747474747475,1.339938799733635
75,0.7575757575757577,1.3134152306228597
76,0.7676767676767677,1.2831861643051323
77,0.7777777777777778,1.2505779860586095
78,0.787878787878788,1.2183397563201108
79,0.797979797979798,1.1897335980049242
80,0.8080808080808082,1.1672695529743025
81,0.8181818181818182,1.1517573911479457
82,0.8282828282828284,1.1420973024684649
83,0.8383838383838385,1.1357774107456948
84,0.8484848484848485,1.1297406875613292
85,0.8585858585858587,1.1212705275450632
86,0.8686868686868687,1.1086982691465286
87,0.8787878787878789,1.0918514046523595
88,0.888888888888889,1.0721502097904454
89,0.8989898989898991,1.05220289144011
90,0.9090909090909092,1.0348016411994785
91,0.9191919191919192,1.0214654270584698
92,0.9292929292929294,1.0110055077436917
93,0.9393939393939394,0.9987658446858743
94,0.9494949494949496,0.9770501621669208
95,0.9595959595959597,0.9368638918059813
96,0.9696969696969697,0.8706628749139387
97,0.9797979797979799,0.7753830167476394
98,0.98989898989899,0.6546344082590011
99,1.0,0.5188350835420139
