,x,y,pNG
0,0.0,0.9086618195028782,0.12533111851005752
1,0.005025125628140704,0.9082320134759466,0.12515540962561222
2,0.010050251256281407,0.9069660875691433,0.1249781500566417
3,0.01507537688442211,0.9049333178257789,0.12479932818649064
4,0.020100502512562814,0.9022452073295009,0.12461893296737915
5,0.02512562814070352,0.8990497086762351,0.12443695397445895
6,0.03015075376884422,0.8955234572074051,0.12425338145851585
7,0.035175879396984924,0.8918623478677061,0.12406820639699535
8,0.04020100502512563,0.8882708931365415,0.12388142054303285
9,0.04522613065326633,0.8849509009154717,0.12369301647220945
10,0.05025125628140704,0.8820900992792977,0.12350298762673405
11,0.05527638190954774,0.8798513963252172,0.12331132835682103
12,0.06030150753768844,0.8783634834951449,0.1231180339589969
13,0.06532663316582915,0.8777134566552997,0.12292310071116595
14,0.07035175879396985,0.8779420323429006,0.12272652590422704
15,0.07537688442211056,0.8790417757215429,0.12252830787009028
16,0.08040201005025126,0.8809585399901401,0.12232844600604753
17,0.08542713567839195,0.8835960620067586,0.12212694079534304
18,0.09045226130653267,0.8868233916293368,0.1219237938239991
19,0.09547738693467336,0.8904845834608329,0.12171900779393485
20,0.10050251256281408,0.8944098801237113,0.12151258653245768
21,0.10552763819095477,0.8984274915745357,0.12130453499835248
22,0.11055276381909548,0.9023750412782683,0.1210948592848652
23,0.11557788944723618,0.90610981055416,0.12088356661995835
24,0.12060301507537688,0.9095170569485431,0.12067066536440985
25,0.12562814070351758,0.9125158894145985,0.12045616500843292
26,0.1306532663316583,0.9150624232001154,0.1202400761677177
27,0.135678391959799,0.9171501793079264,0.12002241057999675
28,0.1407035175879397,0.9188079091849499,0.11980318110348898
29,0.1457286432160804,0.9200951947420177,0.1195824017189202
30,0.15075376884422112,0.9210962871335895,0.11936008753706615
31,0.15577889447236182,0.9219127057382698,0.1191362548142778
32,0.16080402010050251,0.9226551307500341,0.1189109209787792
33,0.1658291457286432,0.9234351027356656,0.11868410467114188
34,0.1708542713567839,0.9243570048486888,0.11845582580279435
35,0.17587939698492464,0.925510759067244,0.1182261056371522
36,0.18090452261306533,0.926965621906829,0.1179949668986211
37,0.18592964824120603,0.9287654162653903,0.11776243391542572
38,0.19095477386934673,0.9309254782724158,0.11752853280320265
39,0.19597989949748745,0.9334315232820448,0.11729329169701475
40,0.20100502512562815,0.9362405372735386,0.11705674104058085
41,0.20603015075376885,0.9392836776367004,0.11681891394243205
42,0.21105527638190955,0.9424710261798117,0.11657984660985075
43,0.21608040201005024,0.9456978896269007,0.1163395788725864
44,0.22110552763819097,0.9488522063299571,0.11609815480945407
45,0.22613065326633167,0.9518225116239857,0.1158556234922622
46,0.23115577889447236,0.9545058552256932,0.1156120398625594
47,0.23618090452261306,0.9568150635046679,0.1153674657580489
48,0.24120603015075376,0.9586848001710856,0.1151219711066208
49,0.24623115577889448,0.9600759945845055,0.11487563530711398
50,0.25125628140703515,0.9609783630127176,0.11462854881696805
51,0.2562814070351759,0.9614109247193953,0.11438081496789175
52,0.2613065326633166,0.9614205896825258,0.11413255203147656
53,0.2663316582914573,0.9610790476887133,0.11388389555729815
54,0.271356783919598,0.9604783039937038,0.11363500100649936
55,0.2763819095477387,0.9597252759984104,0.11338604670395536
56,0.2814070351758794,0.9589358871756387,0.1131372371320074
57,0.2864321608040201,0.9582290741075552,0.11288880658817445
58,0.2914572864321608,0.9577210699955212,0.11264102322838533
59,0.2964824120603015,0.9575202557044441,0.11239419351578904
60,0.30150753768844224,0.9577227894434946,0.11214866709333073
61,0.3065326633165829,0.9584091485253814,0.11190484209570706
62,0.31155778894472363,0.95964164788536,0.11166317091314236
63,0.3165829145728643,0.9614629431629826,0.11142416641552877
64,0.32160804020100503,0.9638954811275257,0.11118840864076962
65,0.32663316582914576,0.9669418251966867,0.11095655194568088
66,0.3316582914572864,0.9705857564132493,0.1107293326113018
67,0.33668341708542715,0.9747940288230023,0.11050757688713576
68,0.3417085427135678,0.9795186423375637,0.11029220945039253
69,0.34673366834170855,0.9846994866985429,0.11008426224684564
70,0.35175879396984927,0.9902672085151152,0.10988488366936576
71,0.35678391959798994,0.996146160590289,0.10969534801851323
72,0.36180904522613067,1.0022573086632232,0.10951706517674598
73,0.36683417085427134,1.0085209932580776,0.10935159041393172
74,0.37185929648241206,1.014859469853222,0.10920063422684534
75,0.3768844221105528,1.0211991744942661,0.10906607209932496
76,0.38190954773869346,1.0274726800454794,0.10894995405287576
77,0.3869346733668342,1.033620317938295,0.1088545138397854
78,0.3919597989949749,1.039591441539938,0.10878217761253528
79,0.3969849246231156,1.0453453029220228,0.10873557188463034
80,0.4020100502512563,1.0508515097815643,0.10871753057917456
81,0.40703517587939697,1.0560900292449624,0.10873110094304883
82,0.4120603015075377,1.0610507150257489,0.10877954808671796
83,0.4170854271356784,1.0657323562012946,0.10886635789297183
84,0.4221105527638191,1.0701412786683744,0.10899523802302813
85,0.4271356783919598,1.074289569787249,0.10917011673571808
86,0.4321608040201005,1.0781930361839522,0.10939513922597832
87,0.4371859296482412,1.0818690368679986,0.1096746611831072
88,0.44221105527638194,1.0853343526275563,0.1100132392681622
89,0.4472361809045226,1.0886032546162039,0.11041561821425283
90,0.45226130653266333,1.091685919959985,0.11088671426440078
91,0.457286432160804,1.0945873129191834,0.11143159467965902
92,0.4623115577889447,1.0973066113625087,0.11205545307647324
93,0.46733668341708545,1.0998372151786366,0.1127635803874426
94,0.4723618090452261,1.102167329885779,0.11356133128421694
95,0.47738693467336685,1.1042810774322451,0.11445408595608042
96,0.4824120603015075,1.1061600475980629,0.11544720720254242
97,0.48743718592964824,1.107785167231542,0.11654599287345345
98,0.49246231155778897,1.109138730992534,0.117755623774926
99,0.49748743718592964,1.1102064082921976,0.11908110725319955
100,0.5025125628140703,1.1109790210992514,0.12052721677006205
101,0.507537688442211,1.1114538826475584,0.12209842789098245
102,0.5125628140703518,1.1116355048407485,0.12379885121833545
103,0.5175879396984925,1.1115355276652148,0.12563216291441948
104,0.5226130653266332,1.1111717984898253,0.12760153356923798
105,0.5276381909547738,1.1105666281663726,0.12970955627252634
106,0.5326633165829145,1.1097443633327986,0.13195817484470873
107,0.5376884422110553,1.1087285239089024,0.13434861326305114
108,0.542713567839196,1.1075388424606238,0.1368813073834806
109,0.5477386934673367,1.106188590017804,0.13955584010144073
110,0.5527638190954774,1.1046825683024462,0.1423708811131864
111,0.5577889447236181,1.1030160867615268,0.1453241324295086
112,0.5628140703517588,1.1011751298919858,0.14841228075456006
113,0.5678391959798995,1.0991377712303196,0.15163095777250968
114,0.5728643216080402,1.0968767272179283,0.1549747092838224
115,0.577889447236181,1.094362792084557,0.15843697400270595
116,0.5829145728643216,1.0915687773471672,0.16201007266985767
117,0.5879396984924623,1.088473513922244,0.16568520795418973
118,0.592964824120603,1.0850654696295625,0.1694524754185429
119,0.5979899497487438,1.0813455883708774,0.17330088561364154
120,0.6030150753768845,1.0773290586565152,0.17721839714846155
121,0.6080402010050251,1.073045850969974,0.1811919603710369
122,0.6130653266331658,1.0685400051848262,0.18520757108933072
123,0.6180904522613065,1.0638677810287982,0.1892503335740391
124,0.6231155778894473,1.0590948903822017,0.19330453192140215
125,0.628140703517588,1.0542930998009343,0.19735370872003188
126,0.6331658291457286,1.0495365214059234,0.20138074986659396
127,0.6381909547738693,1.0448979025439877,0.20536797431433074
128,0.6432160804020101,1.0404451863595288,0.2092972275184716
129,0.6482412060301508,1.0362385563156786,0.21314997736388666
130,0.6532663316582915,1.0323281082972187,0.21690741142250247
131,0.6582914572864321,1.0287522240004092,0.22055053448866524
132,0.6633165829145728,1.025536656796428,0.22406026547646585
133,0.6683417085427136,1.0226942916313677,0.22741753292995426
134,0.6733668341708543,1.0202255066737855,0.2306033685893444
135,0.678391959798995,1.0181190467619248,0.233598998668879
136,0.6834170854271356,1.0163533155394169,0.23638593272802666
137,0.6884422110552764,1.0148980011255944,0.23894605025154825
138,0.6934673366834171,1.0137159646985285,0.2412616852891576
139,0.6984924623115578,1.0127653373294352,0.2433157097357681
140,0.7035175879396985,1.0120017826856413,0.24509161605291385
141,0.7085427135678392,1.011380887444948,0.2465736004344138
142,0.7135678391959799,1.0108606345202538,0.24774664759887066
143,0.7185929648241206,1.010403895670521,0.2485966185414891
144,0.7236180904522613,1.0099808515213144,0.24911034269116986
145,0.7286432160804021,1.0095712128775742,0.2492757159882157
146,0.7336683417085427,1.0091660842962293,0.2490818064137271
147,0.7386934673366834,1.0087692875602512,0.24851896845498844
148,0.7437185929648241,1.0083979575803574,0.2475789678683956
149,0.7487437185929648,1.0080822435872514,0.24625511789090335
150,0.7537688442211056,1.0078639984281028,0.2445424277363064
151,0.7587939698492463,1.007794417962859,0.24243776377850726
152,0.7638190954773869,1.0079306952001046,0.2399400232529377
153,0.7688442211055276,1.0083318688170173,0.2370503195834825
154,0.7738693467336684,1.0090541577682164,0.2337721775514936
155,0.7788944723618091,1.0101461654352977,0.2301117354564768
156,0.7839195979899498,1.0116443916350855,0.22607795017285534
157,0.7889447236180904,1.0135694961322574,0.22168279959380788
158,0.7939698492462312,1.0159237070473168,0.21694147539682795
159,0.7989949748743719,1.0186896639958705,0.2118725574130479
160,0.8040201005025126,1.0218308397925053,0.2064981592052149
161,0.8090452261306533,1.0252935141313142,0.2008440328596801
162,0.8140703517587939,1.0290101001800471,0.194939619610122
163,0.8190954773869347,1.0329034734271083,0.1888180319019902
164,0.8241206030150754,1.0368918409756664,0.1825159520720826
165,0.8291457286432161,1.0408936317811133,0.17607343317081306
166,0.8341708542713568,1.0448318886528565,0.1695335888117271
167,0.8391959798994975,1.0486376973080953,0.16294216148824936
168,0.8442211055276382,1.052252285739151,0.15634696269461812
169,0.8492462311557789,1.0556275542280367,0.1497971834834172
170,0.8542713567839196,1.0587249377814554,0.1433425807208546
171,0.8592964824120604,1.0615126465177707,0.13703255204532394
172,0.864321608040201,1.0639614679963572,0.13091512100491332
173,0.8693467336683417,1.06603944549124,0.12503586248435938
174,0.8743718592964824,1.0677058674452957,0.11943680662398724
175,0.8793969849246231,1.0689051154521403,0.11415536618348955
176,0.8844221105527639,1.0695610176218333,0.10922333690199904
177,0.8894472361809045,1.0695724320942281,0.10466602213240496
178,0.8944723618090452,1.0688108265243388,0.10050153135718733
179,0.8994974874371859,1.067120603513164,0.09674029688777784
180,0.9045226130653267,1.0643228279248493,0.09338484422211757
181,0.9095477386934674,1.0602228225242736,0.09042983966160399
182,0.914572864321608,1.0546218058331212,0.08786242466728755
183,0.9195979899497487,1.0473323577611888,0.08566283109420503
184,0.9246231155778895,1.038197039527684,0.0838052560069793
185,0.9296482412060302,1.0271090078299314,0.08225896032641611
186,0.9346733668341709,1.0140330072450001,0.08098954298003336
187,0.9396984924623115,0.9990247660536449,0.07996033214943754
188,0.9447236180904522,0.9822466251414202,0.07913382793555679
189,0.949748743718593,0.963977252562437,0.07847312634076997
190,0.9547738693467337,0.9446135718200185,0.07794325277116987
191,0.9597989949748744,0.9246635644330204,0.07751233416656977
192,0.964824120603015,0.9047293668076418,0.0771525424385342
193,0.9698492462311558,0.8854810027047665,0.07684074860983857
194,0.9748743718592965,0.8676220805101403,0.07655883797161889
195,0.9798994974874372,0.8518497240707358,0.07629365352868599
196,0.9849246231155779,0.8388117767154883,0.07603656066154085
197,0.9899497487437187,0.8290648114802525,0.07578266386546995
198,0.9949748743718593,0.8230366161470698,0.07552976114480614
199,1.0,0.8209965613579391,0.07527719885202377
