,x,y,pNG
0,0.0,0.8996391583799578,0.12533111851005752
1,0.005025125628140704,0.8997413896883774,0.12515540962561222
2,0.010050251256281407,0.9000436527845141,0.1249781500566417
3,0.01507537688442211,0.9005330782506336,0.12479932818649064
4,0.020100502512562814,0.9011895761302423,0.12461893296737915
5,0.02512562814070352,0.9019877031959267,0.12443695397445895
6,0.03015075376884422,0.902898960751232,0.12425338145851585
7,0.035175879396984924,0.9038942629521078,0.12406820639699535
8,0.04020100502512563,0.9049463100747172,0.12388142054303285
9,0.04522613065326633,0.9060316294062779,0.12369301647220945
10,0.05025125628140704,0.907132101265256,0.12350298762673405
11,0.05527638190954774,0.9082358584428307,0.12331132835682103
12,0.06030150753768844,0.909337522442551,0.1231180339589969
13,0.06532663316582915,0.9104378088534009,0.12292310071116595
14,0.07035175879396985,0.9115425894945165,0.12272652590422704
15,0.07537688442211056,0.9126615367592169,0.12252830787009028
16,0.08040201005025126,0.9138064955240647,0.12232844600604753
17,0.08542713567839195,0.9149897323832684,0.12212694079534304
18,0.09045226130653267,0.9162222045426228,0.1219237938239991
19,0.09547738693467336,0.9175119753837666,0.12171900779393485
20,0.10050251256281408,0.91886288374205,0.12151258653245768
21,0.10552763819095477,0.920273551509963,0.12130453499835248
22,0.11055276381909548,0.9217367904598718,0.1210948592848652
23,0.11557788944723618,0.9232394447011069,0.12088356661995835
24,0.12060301507537688,0.9247626802708627,0.12067066536440985
25,0.12562814070351758,0.9262827084525649,0.12045616500843292
26,0.1306532663316583,0.9277719052137094,0.1202400761677177
27,0.135678391959799,0.9292002665141214,0.12002241057999675
28,0.1407035175879397,0.9305371189938151,0.11980318110348898
29,0.1457286432160804,0.9317529883786744,0.1195824017189202
30,0.15075376884422112,0.9328215143411985,0.11936008753706615
31,0.15577889447236182,0.9337212910088036,0.1191362548142778
32,0.16080402010050251,0.9344375075557435,0.1189109209787792
33,0.1658291457286432,0.9349632645392202,0.11868410467114188
34,0.1708542713567839,0.9353004505112074,0.11845582580279435
35,0.17587939698492464,0.935460081812632,0.1182261056371522
36,0.18090452261306533,0.9354620377971048,0.1179949668986211
37,0.18592964824120603,0.9353341643626146,0.11776243391542572
38,0.19095477386934673,0.9351107690856434,0.11752853280320265
39,0.19597989949748745,0.9348305877476893,0.11729329169701475
40,0.20100502512562815,0.9345343588421223,0.11705674104058085
41,0.20603015075376885,0.9342621926129209,0.11681891394243205
42,0.21105527638190955,0.9340509569798837,0.11657984660985075
43,0.21608040201005024,0.9339319182201246,0.1163395788725864
44,0.22110552763819097,0.9339288658321592,0.11609815480945407
45,0.22613065326633167,0.9340569181913189,0.1158556234922622
46,0.23115577889447236,0.9343221513896297,0.1156120398625594
47,0.23618090452261306,0.9347221238318785,0.1153674657580489
48,0.24120603015075376,0.9352472912235319,0.1151219711066208
49,0.24623115577889448,0.9358832283634146,0.11487563530711398
50,0.25125628140703515,0.9366135025628238,0.11462854881696805
51,0.2562814070351759,0.9374229837439813,0.11438081496789175
52,0.2613065326633166,0.9383013315582387,0.11413255203147656
53,0.2663316582914573,0.9392463718326791,0.11388389555729815
54,0.271356783919598,0.940267064031798,0.11363500100649936
55,0.2763819095477387,0.9413857688206683,0.11338604670395536
56,0.2814070351758794,0.9426395512298399,0.1131372371320074
57,0.2864321608040201,0.9440803017122712,0.11288880658817445
58,0.2914572864321608,0.9457735256699398,0.11264102322838533
59,0.2964824120603015,0.947795741617346,0.11239419351578904
60,0.30150753768844224,0.9502305362975282,0.11214866709333073
61,0.3065326633165829,0.9531634454907387,0.11190484209570706
62,0.31155778894472363,0.9566759518164403,0.11166317091314236
63,0.3165829145728643,0.960839002141568,0.11142416641552877
64,0.32160804020100503,0.9657065322774228,0.11118840864076962
65,0.32663316582914576,0.9713095313067137,0.11095655194568088
66,0.3316582914572864,0.9776511715848943,0.1107293326113018
67,0.33668341708542715,0.9847034688104774,0.11050757688713576
68,0.3417085427135678,0.992405822942636,0.11029220945039253
69,0.34673366834170855,1.000665636546977,0.11008426224684564
70,0.35175879396984927,1.0093610303633442,0.10988488366936576
71,0.35678391959798994,1.0183454982570814,0.10969534801851323
72,0.36180904522613067,1.0274541869450113,0.10951706517674598
73,0.36683417085427134,1.0365113677414237,0.10935159041393172
74,0.37185929648241206,1.0453385987009718,0.10920063422684534
75,0.3768844221105528,1.053763057843342,0.10906607209932496
76,0.38190954773869346,1.061625555055714,0.10894995405287576
77,0.3869346733668342,1.0687877889134483,0.1088545138397854
78,0.3919597989949749,1.0751384894238323,0.10878217761253528
79,0.3969849246231156,1.0805981642889402,0.10873557188463034
80,0.4020100502512563,1.0851222352738712,0.10871753057917456
81,0.40703517587939697,1.0887024102079665,0.10873110094304883
82,0.4120603015075377,1.0913661896828228,0.10877954808671796
83,0.4170854271356784,1.0931744654225697,0.10886635789297183
84,0.4221105527638191,1.0942172409333477,0.10899523802302813
85,0.4271356783919598,1.0946076030123182,0.10917011673571808
86,0.4321608040201005,1.094474197002949,0.10939513922597832
87,0.4371859296482412,1.0939526022056678,0.1096746611831072
88,0.44221105527638194,1.0931761500681934,0.1100132392681622
89,0.4472361809045226,1.092266852879428,0.11041561821425283
90,0.45226130653266333,1.0913271878126207,0.11088671426440078
91,0.457286432160804,1.0904334859134173,0.11143159467965902
92,0.4623115577889447,1.089631591745522,0.11205545307647324
93,0.46733668341708545,1.0889352833492345,0.1127635803874426
94,0.4723618090452261,1.0883276855622461,0.11356133128421694
95,0.47738693467336685,1.0877655990791038,0.11445408595608042
96,0.4824120603015075,1.087186341037609,0.11544720720254242
97,0.48743718592964824,1.0865163946689993,0.11654599287345345
98,0.49246231155778897,1.08568093898608,0.117755623774926
99,0.49748743718592964,1.084613209865931,0.11908110725319955
100,0.5025125628140703,1.0832626523076458,0.12052721677006205
101,0.507537688442211,1.081600963179452,0.12209842789098245
102,0.5125628140703518,1.0796253785139855,0.12379885121833545
103,0.5175879396984925,1.07735889662277,0.12563216291441948
104,0.5226130653266332,1.0748475032342488,0.12760153356923798
105,0.5276381909547738,1.072154827453885,0.12970955627252634
106,0.5326633165829145,1.0693549596646352,0.13195817484470873
107,0.5376884422110553,1.0665243656696,0.13434861326305114
108,0.542713567839196,1.0637339110424202,0.1368813073834806
109,0.5477386934673367,1.0610419589518276,0.13955584010144073
110,0.5527638190954774,1.0584893347442776,0.1423708811131864
111,0.5577889447236181,1.0560966880540854,0.1453241324295086
112,0.5628140703517588,1.0538644661964804,0.14841228075456006
113,0.5678391959798995,1.0517753845971136,0.15163095777250968
114,0.5728643216080402,1.049798983725938,0.1549747092838224
115,0.577889447236181,1.0478976334754821,0.15843697400270595
116,0.5829145728643216,1.0460332099184686,0.16201007266985767
117,0.5879396984924623,1.0441736366174932,0.16568520795418973
118,0.592964824120603,1.0422985492081396,0.1694524754185429
119,0.5979899497487438,1.0404034908047823,0.17330088561364154
120,0.6030150753768845,1.0385022501592345,0.17721839714846155
121,0.6080402010050251,1.036627182690405,0.1811919603710369
122,0.6130653266331658,1.034827574904301,0.18520757108933072
123,0.6180904522613065,1.0331662987053154,0.1892503335740391
124,0.6231155778894473,1.0317151356611118,0.19330453192140215
125,0.628140703517588,1.0305492249687138,0.19735370872003188
126,0.6331658291457286,1.0297411056729553,0.20138074986659396
127,0.6381909547738693,1.0293547950299253,0.20536797431433074
128,0.6432160804020101,1.0294402871800565,0.2092972275184716
129,0.6482412060301508,1.0300287867392373,0.21314997736388666
130,0.6532663316582915,1.0311289247304423,0.21690741142250247
131,0.6582914572864321,1.0327241478062497,0.22055053448866524
132,0.6633165829145728,1.0347714272812665,0.22406026547646585
133,0.6683417085427136,1.0372013971150784,0.22741753292995426
134,0.6733668341708543,1.0399199906658014,0.2306033685893444
135,0.678391959798995,1.0428115950740968,0.233598998668879
136,0.6834170854271356,1.0457436725692888,0.23638593272802666
137,0.6884422110552764,1.048572708277376,0.23894605025154825
138,0.6934673366834171,1.051151239424691,0.2412616852891576
139,0.6984924623115578,1.0533356125875761,0.2433157097357681
140,0.7035175879396985,1.0549940194054328,0.24509161605291385
141,0.7085427135678392,1.0560142934646168,0.2465736004344138
142,0.7135678391959799,1.0563109257830445,0.24774664759887066
143,0.7185929648241206,1.0558307817389627,0.2485966185414891
144,0.7236180904522613,1.054557079162227,0.24911034269116986
145,0.7286432160804021,1.0525113086743783,0.2492757159882157
146,0.7336683417085427,1.0497529298594124,0.2490818064137271
147,0.7386934673366834,1.0463768432587341,0.24851896845498844
148,0.7437185929648241,1.0425088005659282,0.2475789678683956
149,0.7487437185929648,1.0382990580167157,0.24625511789090335
150,0.7537688442211056,1.0339146894531783,0.2445424277363064
151,0.7587939698492463,1.0295310498302324,0.24243776377850726
152,0.7638190954773869,1.0253229160057165,0.2399400232529377
153,0.7688442211055276,1.0214558322715621,0.2370503195834825
154,0.7738693467336684,1.018078158029142,0.2337721775514936
155,0.7788944723618091,1.0153142594202225,0.2301117354564768
156,0.7839195979899498,1.0132592099354454,0.22607795017285534
157,0.7889447236180904,1.0119752702524998,0.22168279959380788
158,0.7939698492462312,1.0114903073903878,0.21694147539682795
159,0.7989949748743719,1.0117981907023719,0.2118725574130479
160,0.8040201005025126,1.012861071873989,0.2064981592052149
161,0.8090452261306533,1.0146133250285132,0.2008440328596801
162,0.8140703517587939,1.0169668010085124,0.194939619610122
163,0.8190954773869347,1.0198169485823219,0.1888180319019902
164,0.8241206030150754,1.023049286806505,0.1825159520720826
165,0.8291457286432161,1.0265456874652936,0.17607343317081306
166,0.8341708542713568,1.0301899509400103,0.1695335888117271
167,0.8391959798994975,1.0338722339194748,0.16294216148824936
168,0.8442211055276382,1.0374920073655716,0.15634696269461812
169,0.8492462311557789,1.0409593760984912,0.1497971834834172
170,0.8542713567839196,1.0441947604191661,0.1433425807208546
171,0.8592964824120604,1.0471271061486762,0.13703255204532394
172,0.864321608040201,1.0496909338735798,0.13091512100491332
173,0.8693467336683417,1.0518226463679365,0.12503586248435938
174,0.8743718592964824,1.0534565766068413,0.11943680662398724
175,0.8793969849246231,1.0545212762640483,0.11415536618348955
176,0.8844221105527639,1.0549365216824527,0.10922333690199904
177,0.8894472361809045,1.054611461356189,0.10466602213240496
178,0.8944723618090452,1.0534442578016596,0.10050153135718733
179,0.8994974874371859,1.0513234969615566,0.09674029688777784
180,0.9045226130653267,1.0481315542699046,0.09338484422211757
181,0.9095477386934674,1.0437500155022728,0.09042983966160399
182,0.914572864321608,1.038067143455933,0.08786242466728755
183,0.9195979899497487,1.0309872459603213,0.08566283109420503
184,0.9246231155778895,1.0224416261586675,0.0838052560069793
185,0.9296482412060302,1.012400579805421,0.08225896032641611
186,0.9346733668341709,1.0008856572465932,0.08098954298003336
187,0.9396984924623115,0.9879811569601439,0.07996033214943754
188,0.9447236180904522,0.9738436057727374,0.07913382793555679
189,0.949748743718593,0.9587078609946443,0.07847312634076997
190,0.9547738693467337,0.9428884950038275,0.07794325277116987
191,0.9597989949748744,0.9267753345660021,0.07751233416656977
192,0.964824120603015,0.9108224422143985,0.0771525424385342
193,0.9698492462311558,0.8955304280625023,0.07684074860983857
194,0.9748743718592965,0.8814227123261168,0.07655883797161889
195,0.9798994974874372,0.8690171323814293,0.07629365352868599
196,0.9849246231155779,0.8587949919250503,0.07603656066154085
197,0.9899497487437187,0.851170168188226,0.07578266386546995
198,0.9949748743718593,0.8464611278489381,0.07552976114480614
199,1.0,0.8448685922005167,0.07527719885202377
