,x,y,pNG
0,0.0,0.5318679129366057,0.0
1,0.005025125628140704,0.5322234044976619,0.0
2,0.010050251256281407,0.5332748373009729,0.0
3,0.01507537688442211,0.5349783587961305,0.0
4,0.020100502512562814,0.537265003151393,0.0
5,0.02512562814070352,0.5400464597172746,0.0
6,0.03015075376884422,0.5432223640380696,2.220446049250313e-16
7,0.035175879396984924,0.5466884237448157,1.1102230246251563e-15
8,0.04020100502512563,0.5503446230483353,7.549516567451064e-15
9,0.04522613065326633,0.5541027581817191,3.486100297322992e-14
10,0.05025125628140704,0.557892639874011,1.383337888682945e-13
11,0.05527638190954774,0.5616664466122455,4.785061236134425e-13
12,0.06030150753768844,0.5654009051034365,1.4841461393189093e-12
13,0.06532663316582915,0.5690971878296689,4.199973702156966e-12
14,0.07035175879396985,0.57277862627089,1.0992984300628448e-11
15,0.07537688442211056,0.5764865192971069,2.6898927529828146e-11
16,0.08040201005025126,0.580274452817448,6.207279135139743e-11
17,0.08542713567839195,0.5842016311583547,1.3604450899151743e-10
18,0.09045226130653267,0.5883257540972281,2.8486080161371774e-10
19,0.09547738693467336,0.5926959647145756,5.726588092613838e-10
20,0.10050251256281408,0.5973463550488619,1.1098912899853983e-09
21,0.10552763819095477,0.6022904617343411,2.0812813694703887e-09
22,0.11055276381909548,0.6075171214549738,3.7877010417020066e-09
23,0.11557788944723618,0.6129879893164156,6.707588262599984e-09
24,0.12060301507537688,0.6186369492799819,1.1585287951199064e-08
25,0.12562814070351758,0.6243715578628474,1.955589989943718e-08
26,0.1306532663316583,0.6300765533652016,3.231887280019663e-08
27,0.135678391959799,0.6356193297270024,5.237580780192985e-08
28,0.1407035175879397,0.6408571205946383,8.335175805118665e-08
29,0.1457286432160804,0.6456454775433349,1.304238063104535e-07
30,0.15075376884422112,0.6498474762024276,2.0088598262635318e-07
31,0.15577889447236182,0.6533429687042385,3.048856501708386e-07
32,0.16080402010050251,0.65603714283717,4.56373452140113e-07
33,0.1658291457286432,0.6578676637450852,6.743168279310653e-07
34,0.1708542713567839,0.6588097688628028,9.84236007472994e-07
35,0.17587939698492464,0.658878854538548,1.4201313316419828e-06
36,0.18090452261306533,0.65813031521132,2.0268817668700483e-06
37,0.18592964824120603,0.6566566460746832,2.8632065637301807e-06
38,0.19095477386934673,0.6545820668526638,4.005295189735136e-06
39,0.19597989949748745,0.6520551379757009,5.551224879773997e-06
40,0.20100502512562815,0.6492399975615333,7.626300381979868e-06
41,0.20603015075376885,0.6463069340999321,1.0389466603921704e-05
42,0.21105527638190955,0.6434230222239433,1.404096181234493e-05
43,0.21608040201005024,0.640743493936012,1.8831396625285105e-05
44,0.22110552763819097,0.6384044091459482,2.5072462055297784e-05
45,0.22613065326633167,0.6365170455356072,3.314948808097462e-05
46,0.23115577889447236,0.63516426748051,4.3536092309781615e-05
47,0.23618090452261306,0.6343989737471104,5.681117585598638e-05
48,0.24120603015075376,0.6342445766015953,7.367854016515629e-05
49,0.24623115577889448,0.6346973386813178,9.498941356755886e-05
50,0.25125628140703515,0.6357302919286758,0.00012176818921816324
51,0.2562814070351759,0.6372983852205689,0.0001552416859715855
52,0.2613065326633166,0.6393444524725861,0.00019687224973952144
53,0.2663316582914573,0.6418055592370767,0.00024839501389539714
54,0.271356783919598,0.6446192724941638,0.0003118596320621503
55,0.2763819095477387,0.6477294064500088,0.0003896767836720771
56,0.2814070351758794,0.6510908291551261,0.00048466973030514277
57,0.2864321608040201,0.6546729735870891,0.0006001311670300603
58,0.2914572864321608,0.6584617844510859,0.0007398855655190718
59,0.2964824120603015,0.6624599475742038,0.0009083571420223092
60,0.30150753768844224,0.6666853875002221,0.0011106435004868411
61,0.3065326633165829,0.6711681709864987,0.001352594895956072
62,0.31155778894472363,0.675946105359675,0.0016408989323892784
63,0.3165829145728643,0.6810594540012603,0.0019831703484334273
64,0.32160804020100503,0.6865452891646203,0.002388045350483425
65,0.32663316582914576,0.6924320501461755,0.002865279720645764
66,0.3316582914572864,0.6987348634478584,0.0034258496541164085
67,0.33668341708542715,0.7054521095724109,0.004082053962641163
68,0.3417085427135678,0.712563595489905,0.004847615915588244
69,0.34673366834170855,0.720030527148861,0.005737782576480721
70,0.35175879396984927,0.7277972924986295,0.0067694190313284395
71,0.35678391959798994,0.7357948842489556,0.007961094399166924
72,0.36180904522613067,0.7439456335915621,0.009333155971870122
73,0.36683417085427134,0.7521688076381949,0.010907787261231872
74,0.37185929648241206,0.7603865544482197,0.012709045153906471
75,0.3768844221105528,0.7685296633719013,0.014762870813390228
76,0.38190954773869346,0.7765426417828928,0.017097068455051878
77,0.3869346733668342,0.7843876839376914,0.01974124569636193
78,0.3919597989949749,0.7920472124935444,0.02272670890008477
79,0.3969849246231156,0.7995247959169537,0.02608630684242097
80,0.4020100502512563,0.8068443740389258,0.029854216217591656
81,0.40703517587939697,0.8140478495909882,0.0340656630069478
82,0.4120603015075377,0.8211912183470519,0.03875657466706151
83,0.4170854271356784,0.8283395096713639,0.04396315949513308
84,0.4221105527638191,0.835560890157982,0.049721411466245535
85,0.4271356783919598,0.842920344436163,0.05606654133791822
86,0.4321608040201005,0.8504733884795658,0.06303233788205452
87,0.4371859296482412,0.8582602909270609,0.07065046668727748
88,0.44221105527638194,0.8663012749584874,0.07894971797521633
89,0.4472361809045226,0.8745931437521662,0.08795521912972826
90,0.45226130653266333,0.8831077120352735,0.09768763192004892
91,0.457286432160804,0.8917923303529999,0.1081623584180399
92,0.4623115577889447,0.9005726549289741,0.11938878302838417
93,0.46733668341708545,0.9093576459044624,0.13136958050521352
94,0.4723618090452261,0.9180465779074065,0.1441001209619175
95,0.47738693467336685,0.9265376341413172,0.1575680023811027
96,0.4824120603015075,0.934737450372705,0.1717527387756841
97,0.48743718592964824,0.942570805292362,0.18662562784702966
98,0.49246231155778897,0.9499895470680038,0.20214981580098268
99,0.49748743718592964,0.9569798272677018,0.21828056916742367
100,0.5025125628140703,0.9635667986388784,0.2349657544500421
101,0.507537688442211,0.9698161250760546,0.2521465167880159
102,0.5125628140703518,0.975831937248177,0.26975813921982283
103,0.5175879396984925,0.9817512169126169,0.2877310553166181
104,0.5226130653266332,0.9877349657203317,0.3059919805741333
105,0.5276381909547738,0.9939568627459908,0.32446512257864146
106,0.5326633165829145,1.0005903927235265,0.3430734269796969
107,0.5376884422110553,1.00779559672097,0.3617398158786821
108,0.542713567839196,1.0157066368707681,0.38038837731832265
109,0.5477386934673367,1.0244212739950658,0.3989454688605991
110,0.5527638190954774,1.0339931479694204,0.4173407043239209
111,0.5577889447236181,1.0444274576887815,0.4355078000548676
112,0.5628140703517588,1.05568030231692,0.4533852650272802
113,0.5678391959798995,1.0676616117299265,0.4709169270004547
114,0.5728643216080402,1.0802412996387347,0.4880522944081132
115,0.577889447236181,1.0932580443138453,0.5047467601792219
116,0.5829145728643216,1.1065299513974416,0.5209616590310353
117,0.5879396984924623,1.1198662794517897,0.5366641937770232
118,0.592964824120603,1.1330793997506896,0.551827248834457
119,0.5979899497487438,1.1459962003578783,0.5664291104762944
120,0.6030150753768845,1.1584682142998104,0.5804531136023
121,0.6080402010050251,1.1703798413392148,0.5938872341031469
122,0.6130653266331658,1.1816541386934223,0.6067236444786309
123,0.6180904522613065,1.19225578128566,0.6189582484633316
124,0.6231155778894473,1.2021909440796377,0.6305902082109183
125,0.628140703517588,1.2115040443854272,0.6416214752632088
126,0.6331658291457286,1.2202715016785572,0.6520563342206792
127,0.6381909547738693,1.2285929177274757,0.6619009658412491
128,0.6432160804020101,1.2365803306674954,0.6711630342953384
129,0.6482412060301508,1.2443464231702517,0.679851301540131
130,0.6532663316582915,1.2519927315425576,0.6879752702635287
131,0.6582914572864321,1.2595989749408147,0.6955448555896078
132,0.6633165829145728,1.2672145758416429,0.7025700847191154
133,0.6683417085427136,1.2748532635893126,0.7090608228798867
134,0.6733668341708543,1.2824913510384888,0.7150265233553559
135,0.678391959798995,1.2900698795627665,0.7204759989167833
136,0.6834170854271356,1.297500387433434,0.7254172116764129
137,0.6884422110552764,1.3046736296310417,0.7298570781782585
138,0.6934673366834171,1.3114702246840335,0.733801286425678
139,0.6984924623115578,1.3177719794802418,0.7372541214892109
140,0.7035175879396985,1.3234725823936728,0.7402182963274583
141,0.7085427135678392,1.328486470888991,0.7426947844745945
142,0.7135678391959799,1.3327549576493238,0.7446826512918109
143,0.7185929648241206,1.336249099717352,0.7461788805422188
144,0.7236180904522613,1.3389692593416587,0.7471781931305788
145,0.7286432160804021,1.3409417642102472,0.7476728549572064
146,0.7336683417085427,1.342213460264829,0.7476524709825764
147,0.7386934673366834,1.3428452055495044,0.7471037628083135
148,0.7437185929648241,1.342905442188829,0.7460103273827712
149,0.7487437185929648,1.3424648952738487,0.7443523748819951
150,0.7537688442211056,1.3415931992996568,0.742106444463035
151,0.7587939698492463,1.3403578865735513,0.7392450975221717
152,0.7638190954773869,1.3388257472845944,0.7357365894316727
153,0.7688442211055276,1.3370661556423065,0.7315445226273437
154,0.7738693467336684,1.3351556162016034,0.7266274865750821
155,0.7788944723618091,1.3331825719850694,0.7209386938140533
156,0.7839195979899498,1.331251463003764,0.7144256262813014
157,0.7889447236180904,1.3294851359300135,0.7070297128680165
158,0.7939698492462312,1.328024961852143,0.6986860681208962
159,0.7989949748743719,1.3270283749003966,0.6893233337323723
160,0.8040201005025126,1.32666393999356,0.6788636795458769
161,0.8090452261306533,1.327104427292373,0.6672230397853499
162,0.8140703517587939,1.3285186538572105,0.6543116834735379
163,0.8190954773869347,1.3310630047422196,0.6400352454858719
164,0.8241206030150754,1.3348735445199222,0.6242963755498581
165,0.8291457286432161,1.3400594805681607,0.6069971945137906
166,0.8341708542713568,1.346698471039017,0.5880427759526633
167,0.8391959798994975,1.3548339325115881,0.5673458890044445
168,0.8442211055276382,1.3644741549275694,0.5448332332234866
169,0.8492462311557789,1.3755927349305515,0.5204533509071371
170,0.8542713567839196,1.3881296439306565,0.4941862941991742
171,0.8592964824120604,1.4019921872716348,0.4660549273956464
172,0.864321608040201,1.4170551968254397,0.43613743565287655
173,0.8693467336683417,1.4331600194697325,0.4045801792333803
174,0.8743718592964824,1.4501121867670812,0.3716094969763633
175,0.8793969849246231,1.467678031277452,0.33754049391353225
176,0.8844221105527639,1.4855808997631164,0.3027803836903397
177,0.8894472361809045,1.5034979503271175,0.2678238018503152
178,0.8944723618090452,1.5210587618088682,0.23323789751017565
179,0.8994974874371859,1.537847091078757,0.19963613235643365
180,0.9045226130653267,1.553407059720711,0.16764157775709798
181,0.9095477386934674,1.5672548204013477,0.13784283067831282
182,0.914572864321608,1.5788963423487297,0.11074789201271662
183,0.9195979899497487,1.5878513768925737,0.0867427268022195
184,0.9246231155778895,1.5936829477014895,0.06606113519491362
185,0.9296482412060302,1.5960309069750573,0.04877081983731424
186,0.9346733668341709,1.5946472825455633,0.034777543246586114
187,0.9396984924623115,1.5894304082338218,0.023845896092320015
188,0.9447236180904522,1.5804542938519226,0.01563241741503818
189,0.949748743718593,1.567989468662971,0.009725299483936745
190,0.9547738693467337,1.5525117246119489,0.005684835019158285
191,0.9597989949748744,1.5346958575254643,0.0030798082938461317
192,0.964824120603015,1.5153926607496344,0.0015166329420850386
193,0.9698492462311558,1.4955889963216877,0.0006596546314946439
194,0.9748743718592965,1.4763526043746544,0.0002423165238953917
195,0.9798994974874372,1.458765194251724,6.972449989328666e-05
196,0.9849246231155779,1.4438490313860421,1.3643579832356426e-05
197,0.9899497487437187,1.4324934312008597,1.321543143473214e-06
198,0.9949748743718593,1.4253880780956267,2.299478685241496e-08
199,1.0,1.4229697742840597,0.0
