,x,y,pNG
0,0.0,1.1253336216971577,0.12533111851005752
1,0.005025125628140704,1.124849688464484,0.12515540962561222
2,0.010050251256281407,1.1234340598550097,0.1249781500566417
3,0.01507537688442211,1.1211923553383034,0.12479932818649064
4,0.020100502512562814,1.1182912287684825,0.12461893296737915
5,0.02512562814070352,1.1149452077857565,0.12443695397445895
6,0.03015075376884422,1.1113999842120585,0.12425338145851585
7,0.035175879396984924,1.1079136512502348,0.12406820639699535
8,0.04020100502512563,1.1047375273219768,0.12388142054303285
9,0.04522613065326633,1.1020981859912415,0.12369301647220945
10,0.05025125628140704,1.1001821351216958,0.12350298762673405
11,0.05527638190954774,1.099124281587564,0.12331132835682103
12,0.06030150753768844,1.0990009188667744,0.1231180339589969
13,0.06532663316582915,1.0998275298048246,0.12292310071116595
14,0.07035175879396985,1.1015612537649342,0.12272652590422704
15,0.07537688442211056,1.1041074705917757,0.12252830787009028
16,0.08040201005025126,1.107329639230375,0.12232844600604753
17,0.08542713567839195,1.1110613206960664,0.12212694079534304
18,0.09045226130653267,1.1151192243353811,0.1219237938239991
19,0.09547738693467336,1.1193161407106265,0.12171900779393485
20,0.10050251256281408,1.123472750146069,0.12151258653245768
21,0.10552763819095477,1.1274275003113023,0.12130453499835248
22,0.11055276381909548,1.1310440010972849,0.1210948592848652
23,0.11557788944723618,1.1342156605955624,0.12088356661995835
24,0.12060301507537688,1.1368675539466597,0.12067066536440985
25,0.12562814070351758,1.138955753232798,0.12045616500843292
26,0.1306532663316583,1.1404645336940162,0.1202400761677177
27,0.135678391959799,1.1414019986713173,0.12002241057999675
28,0.1407035175879397,1.1417947292119086,0.11980318110348898
29,0.1457286432160804,1.1416820668900838,0.1195824017189202
30,0.15075376884422112,1.1411105877944667,0.11936008753706615
31,0.15577889447236182,1.1401292329813777,0.1191362548142778
32,0.16080402010050251,1.1387854391009131,0.1189109209787792
33,0.1658291457286432,1.137122476006227,0.11868410467114188
34,0.1708542713567839,1.135178058991653,0.11845582580279435
35,0.17587939698492464,1.1329841734413346,0.1182261056371522
36,0.18090452261306533,1.1305679386283776,0.1179949668986211
37,0.18592964824120603,1.1279532523046172,0.11776243391542572
38,0.19095477386934673,1.1251629031188781,0.11752853280320265
39,0.19597989949748745,1.1222208157801146,0.11729329169701475
40,0.20100502512562815,1.1191541037757478,0.11705674104058085
41,0.20603015075376885,1.115994643681548,0.11681891394243205
42,0.21105527638190955,1.1127799490697332,0.11657984660985075
43,0.21608040201005024,1.1095532046136518,0.1163395788725864
44,0.22110552763819097,1.1063624149345912,0.11609815480945407
45,0.22613065326633167,1.1032587200350075,0.1158556234922622
46,0.23115577889447236,1.1002940214799597,0.1156120398625594
47,0.23618090452261306,1.097518142610568,0.1153674657580489
48,0.24120603015075376,1.0949758044147586,0.1151219711066208
49,0.24623115577889448,1.0927037298931135,0.11487563530711398
50,0.25125628140703515,1.0907281894247955,0.11462854881696805
51,0.2562814070351759,1.0890632659989727,0.11438081496789175
52,0.2613065326633166,1.0877100537585862,0.11413255203147656
53,0.2663316582914573,1.0866569112993754,0.11388389555729815
54,0.271356783919598,1.0858807813838902,0.11363500100649936
55,0.2763819095477387,1.085349472975334,0.11338604670395536
56,0.2814070351758794,1.0850246933557262,0.1131372371320074
57,0.2864321608040201,1.0848655312175355,0.11288880658817445
58,0.2914572864321608,1.0848320377098064,0.11264102322838533
59,0.2964824120603015,1.0848885393039098,0.11239419351578904
60,0.30150753768844224,1.0850063464802335,0.11214866709333073
61,0.3065326633165829,1.0851655920323835,0.11190484209570706
62,0.31155778894472363,1.0853560329275305,0.11166317091314236
63,0.3165829145728643,1.0855767664814957,0.11142416641552877
64,0.32160804020100503,1.0858349292774332,0.11118840864076962
65,0.32663316582914576,1.0861435504176968,0.11095655194568088
66,0.3316582914572864,1.0865188070025775,0.1107293326113018
67,0.33668341708542715,1.08697697178183,0.11050757688713576
68,0.3417085427135678,1.0875313492153091,0.11029220945039253
69,0.34673366834170855,1.0881894708361923,0.11008426224684564
70,0.35175879396984927,1.0889507722413978,0.10988488366936576
71,0.35678391959798994,1.0898049128056428,0.10969534801851323
72,0.36180904522613067,1.090730835673269,0.10951706517674598
73,0.36683417085427134,1.0916966077588965,0.10935159041393172
74,0.37185929648241206,1.0926600317931923,0.10920063422684534
75,0.3768844221105528,1.0935699853877465,0.10906607209932496
76,0.38190954773869346,1.0943684130197189,0.10894995405287576
77,0.3869346733668342,1.0949928715112487,0.1088545138397854
78,0.3919597989949749,1.0953795040307048,0.10878217761253528
79,0.3969849246231156,1.0954662898705712,0.10873557188463034
80,0.4020100502512563,1.095196388258865,0.10871753057917456
81,0.40703517587939697,1.094521368348018,0.10873110094304883
82,0.4120603015075377,1.0934041006650728,0.10877954808671796
83,0.4170854271356784,1.0918210847127623,0.10886635789297183
84,0.4221105527638191,1.0897640088077511,0.10899523802302813
85,0.4271356783919598,1.0872403842741762,0.10917011673571808
86,0.4321608040201005,1.0842731651878963,0.10939513922597832
87,0.4371859296482412,1.0808993509223763,0.1096746611831072
88,0.44221105527638194,1.0771676620114292,0.1100132392681622
89,0.4472361809045226,1.0731354684698458,0.11041561821425283
90,0.45226130653266333,1.0688652218812593,0.11088671426440078
91,0.457286432160804,1.0644206886268448,0.11143159467965902
92,0.4623115577889447,1.0598632958062948,0.11205545307647324
93,0.46733668341708545,1.0552488826869615,0.1127635803874426
94,0.4723618090452261,1.050625102637418,0.11356133128421694
95,0.47738693467336685,1.0460296509920992,0.11445408595608042
96,0.4824120603015075,1.0414894129298464,0.11544720720254242
97,0.48743718592964824,1.0370205424178647,0.11654599287345345
98,0.49246231155778897,1.032629407481656,0.117755623774926
99,0.49748743718592964,1.02831427492502,0.11908110725319955
100,0.5025125628140703,1.0240675625106723,0.12052721677006205
101,0.507537688442211,1.0198784589903565,0.12209842789098245
102,0.5125628140703518,1.0157357005155485,0.12379885121833545
103,0.5175879396984925,1.0116302929670933,0.12563216291441948
104,0.5226130653266332,1.0075579806073085,0.12760153356923798
105,0.5276381909547738,1.0035212799115394,0.12970955627252634
106,0.5326633165829145,0.9995309224016569,0.13195817484470873
107,0.5376884422110553,0.9956065818855305,0.13434861326305114
108,0.542713567839196,0.991776800554507,0.1368813073834806
109,0.5477386934673367,0.9880780757618223,0.13955584010144073
110,0.5527638190954774,0.9845531250050076,0.1423708811131864
111,0.5577889447236181,0.9812484090619473,0.1453241324295086
112,0.5628140703517588,0.9782110586932219,0.14841228075456006
113,0.5678391959798995,0.9754854130235258,0.15163095777250968
114,0.5728643216080402,0.9731094302367546,0.1549747092838224
115,0.577889447236181,0.9711112655336515,0.15843697400270595
116,0.5829145728643216,0.9695063201364481,0.16201007266985767
117,0.5879396984924623,0.9682950434804601,0.16568520795418973
118,0.592964824120603,0.9674617172185109,0.1694524754185429
119,0.5979899497487438,0.9669743673631475,0.17330088561364154
120,0.6030150753768845,0.9667858474771744,0.17721839714846155
121,0.6080402010050251,0.966836022813917,0.1811919603710369
122,0.6130653266331658,0.9670548765112522,0.18520757108933072
123,0.6180904522613065,0.9673662683359533,0.1892503335740391
124,0.6231155778894473,0.9676920159046362,0.19330453192140215
125,0.628140703517588,0.9679559454870501,0.19735370872003188
126,0.6331658291457286,0.9680875766850982,0.20138074986659396
127,0.6381909547738693,0.968025158955376,0.20536797431433074
128,0.6432160804020101,0.9677178595080502,0.2092972275184716
129,0.6482412060301508,0.9671269995090209,0.21314997736388666
130,0.6532663316582915,0.9662263353497639,0.21690741142250247
131,0.6582914572864321,0.9650014715698829,0.22055053448866524
132,0.6633165829145728,0.9634485621843641,0.22406026547646585
133,0.6683417085427136,0.9615725020812173,0.22741753292995426
134,0.6733668341708543,0.9593848286003763,0.2306033685893444
135,0.678391959798995,0.9569015480612091,0.233598998668879
136,0.6834170854271356,0.95414107830037,0.23638593272802666
137,0.6884422110552764,0.9511224629023683,0.23894605025154825
138,0.6934673366834171,0.9478639722047629,0.2412616852891576
139,0.6984924623115578,0.9443821653819245,0.2433157097357681
140,0.7035175879396985,0.9406914499306445,0.24509161605291385
141,0.7085427135678392,0.9368041405718583,0.2465736004344138
142,0.7135678391959799,0.9327309882404373,0.24774664759887066
143,0.7185929648241206,0.9284821200987371,0.2485966185414891
144,0.7236180904522613,0.9240683024031057,0.24911034269116986
145,0.7286432160804021,0.9195024098839998,0.2492757159882157
146,0.7336683417085427,0.9148009601307256,0.2490818064137271
147,0.7386934673366834,0.9099855530172549,0.24851896845498844
148,0.7437185929648241,0.9050840481324715,0.2475789678683956
149,0.7487437185929648,0.9001313219279861,0.24625511789090335
150,0.7537688442211056,0.8951694737265773,0.2445424277363064
151,0.7587939698492463,0.8902473959109585,0.24243776377850726
152,0.7638190954773869,0.885419685131401,0.2399400232529377
153,0.7688442211055276,0.8807449414364226,0.2370503195834825
154,0.7738693467336684,0.87628357157774,0.2337721775514936
155,0.7788944723618091,0.8720952712359602,0.2301117354564768
156,0.7839195979899498,0.8682363995123908,0.22607795017285534
157,0.7889447236180904,0.8647574716050201,0.22168279959380788
158,0.7939698492462312,0.861700980187955,0.21694147539682795
159,0.7989949748743719,0.8590997152431253,0.2118725574130479
160,0.8040201005025126,0.856975692476096,0.2064981592052149
161,0.8090452261306533,0.8553397309799347,0.2008440328596801
162,0.8140703517587939,0.8541916510611252,0.194939619610122
163,0.8190954773869347,0.8535210014070987,0.1888180319019902
164,0.8241206030150754,0.8533081767586311,0.1825159520720826
165,0.8291457286432161,0.8535257555628267,0.17607343317081306
166,0.8341708542713568,0.8541398716333802,0.1695335888117271
167,0.8391959798994975,0.8551114329217289,0.16294216148824936
168,0.8442211055276382,0.8563970121363357,0.15634696269461812
169,0.8492462311557789,0.8579492571043258,0.1497971834834172
170,0.8542713567839196,0.8597167039580148,0.1433425807208546
171,0.8592964824120604,0.861642925307087,0.13703255204532394
172,0.864321608040201,0.8636650107566881,0.13091512100491332
173,0.8693467336683417,0.8657114595527994,0.12503586248435938
174,0.8743718592964824,0.8676996631176213,0.11943680662398724
175,0.8793969849246231,0.8695332630524135,0.11415536618348955
176,0.8844221105527639,0.8710997774547071,0.10922333690199904
177,0.8894472361809045,0.8722689804505521,0.10466602213240496
178,0.8944723618090452,0.8728925790846292,0.10050153135718733
179,0.8994974874371859,0.872805739860876,0.09674029688777784
180,0.9045226130653267,0.8718309581694694,0.09338484422211757
181,0.9095477386934674,0.8697846267310702,0.09042983966160399
182,0.914572864321608,0.8664864414219875,0.08786242466728755
183,0.9195979899497487,0.8617714924049225,0.08566283109420503
184,0.9246231155778895,0.8555045453359321,0.0838052560069793
185,0.9296482412060302,0.8475956534183436,0.08225896032641611
186,0.9346733668341709,0.8380158981955057,0.08098954298003336
187,0.9396984924623115,0.8268117835307145,0.07996033214943754
188,0.9447236180904522,0.8141166522712522,0.07913382793555679
189,0.949748743718593,0.800157501388673,0.07847312634076997
190,0.9547738693467337,0.7852557677405507,0.07794325277116987
191,0.9597989949748744,0.7698210508090549,0.07751233416656977
192,0.964824120603015,0.7543373125310416,0.0771525424385342
193,0.9698492462311558,0.7393418014549522,0.07684074860983857
194,0.9748743718592965,0.7253977174154449,0.07655883797161889
195,0.9798994974874372,0.7130623740281079,0.07629365352868599
196,0.9849246231155779,0.7028532330355403,0.07603656066154085
197,0.9899497487437187,0.6952145874154838,0.07578266386546995
198,0.9949748743718593,0.6904877911748197,0.07552976114480614
199,1.0,0.688887738572222,0.07527719885202377
