,x,y,pNG
0,0.0,9.629871489331678e-164,
1,0.6030150753768844,1.987829192429555e-158,
2,1.2060301507537687,3.329428322195807e-153,
3,1.809045226130653,4.52472660038651e-148,
4,2.4120603015075375,4.989386260242877e-143,
5,3.015075376884422,4.464101643570763e-138,
6,3.618090452261306,3.240807619930207e-133,
7,4.221105527638191,1.908994764395667e-128,
8,4.824120603015075,9.124070478055816e-124,
9,5.427135678391959,3.5383847524336305e-119,0.0
10,6.030150753768844,1.1134075399837188e-114,0.0
11,6.633165829145728,2.842733354832747e-110,0.0
12,7.236180904522612,5.889130583116242e-106,0.0
13,7.839195979899497,9.899188992793704e-102,0.0
14,8.442211055276381,1.3501492079265783e-97,0.0
15,9.045226130653266,1.4941632905865553e-93,0.0
16,9.64824120603015,1.3416802661354274e-89,0.0
17,10.251256281407034,9.775417777914458e-86,0.002585978907965081
18,10.854271356783919,5.779067308615135e-82,0.013500177316229768
19,11.457286432160803,2.7721536902077358e-78,0.0339219475192768
20,12.060301507537687,1.0789845177146495e-74,0.08226461533642426
21,12.663316582914572,3.4076344745909723e-71,0.18418044839459854
22,13.266331658291456,8.732378711002822e-68,0.3192006451881578
23,13.86934673366834,1.8157507336145635e-64,0.3684109576405018
24,14.472361809045225,3.0635636035918884e-61,0.3605660589044857
25,15.07537688442211,4.1941907586131724e-58,0.3520987329421602
26,15.678391959798994,4.659341353223054e-55,0.3438358482797802
27,16.281407035175878,4.200118106728421e-52,0.3358285822525192
28,16.884422110552762,3.072316870687229e-49,0.3281231460832621
29,17.487437185929647,1.823671591648846e-46,0.3208209068187877
30,18.09045226130653,8.784440288087578e-44,0.3143186594439993
31,18.693467336683415,3.433853410959527e-41,0.30892682649333697
32,19.2964824120603,1.0893471042215107e-38,0.3050302149174896
33,19.899497487437184,2.8047137499942374e-36,0.3015362444012054
34,20.50251256281407,5.861039287074065e-34,0.2969878490934831
35,21.105527638190953,9.941622283056682e-32,0.2896708418122551
36,21.708542713567837,1.3689181069838308e-29,0.2783271426515802
37,22.31155778894472,1.5303361550334336e-27,0.2635294068171098
38,22.914572864321606,1.389153623561997e-25,0.24702024562481886
39,23.51758793969849,1.0241169852734337e-23,0.22992760889191746
40,24.120603015075375,6.133211242081358e-22,0.2132596679617066
41,24.72361809045226,2.984665941197808e-20,0.19729327143164388
42,25.326633165829143,1.1806954901433167e-18,0.1819333553905496
43,25.929648241206028,3.7985967036157726e-17,0.1670245988181004
44,26.532663316582912,9.945254005560484e-16,0.15267749466664882
45,27.135678391959797,2.1205599408762587e-14,0.13884866635146975
46,27.73869346733668,3.685957306464968e-13,0.12579082469666036
47,28.341708542713565,5.229367088431712e-12,0.1136895223277362
48,28.94472361809045,6.064836250440129e-11,0.10268306038132002
49,29.547738693467334,5.761065253390684e-10,0.09284806176755178
50,30.15075376884422,4.4931703638378174e-09,0.0843358969516429
51,30.753768844221103,2.8859015578819007e-08,0.07712171866661753
52,31.356783919597987,1.5322477158292054e-07,0.07134755190352893
53,31.95979899497487,6.757281433150173e-07,0.06718080061879195
54,32.562814070351756,2.4906562844586234e-06,0.06466491059792245
55,33.16582914572864,7.73797731159822e-06,0.06384844133919376
56,33.768844221105525,2.0508600928814712e-05,0.06480094726227825
57,34.37185929648241,4.7186790315820754e-05,0.06751261973709377
58,34.97487437185929,9.657700954129448e-05,0.07202041613581311
59,35.577889447236174,0.00018118712563600046,0.07852724613247153
60,36.18090452261306,0.0003206833999921598,0.0873614688297466
61,36.78391959798995,0.0005450581676855391,0.09825118343759842
62,37.38693467336683,0.0008928387495294476,0.111998208856793
63,37.98994974874371,0.0014044449708254152,0.1285521381644471
64,38.5929648241206,0.002116788907530991,0.14870244801206545
65,39.19597989949749,0.0030612469947616807,0.17234963992201147
66,39.79899497487437,0.004260077614933367,0.20072277591210508
67,40.40201005025125,0.005721999152521952,0.2326339262303724
68,41.00502512562814,0.007445518970068784,0.2676376011139616
69,41.608040201005025,0.009426149941545565,0.3047715148036787
70,42.211055276381906,0.011645787002995112,0.3435786099219493
71,42.81407035175879,0.014038393857806064,0.3853344221166149
72,43.417085427135675,0.016470189252039222,0.4268248674511882
73,44.02010050251256,0.018782077525460537,0.4698677793086414
74,44.62311557788944,0.020881011883435434,0.5154895314171577
75,45.226130653266324,0.022797617293402492,0.5575343020990238
76,45.82914572864321,0.02464754314268179,0.5990551468049039
77,46.4321608040201,0.026535759757118017,0.6373216969278366
78,47.03517587939698,0.02849636062290137,0.6751374039059331
79,47.63819095477386,0.030493002362466323,0.7121530786733851
80,48.24120603015075,0.03243075340189187,0.7459151192511393
81,48.84422110552764,0.03416888214690606,0.7774558144066097
82,49.44723618090452,0.03558313009823103,0.806520935173375
83,50.0502512562814,0.03666577910260956,0.8326942302538363
84,50.65326633165829,0.03755458882297178,0.8576555893841482
85,51.256281407035175,0.03842153476308382,0.8796588219362034
86,51.859296482412056,0.03930997791176727,0.8988453301127746
87,52.46231155778894,0.04009258894621642,0.9154264301414432
88,53.065326633165824,0.0406096894772225,0.9285890504258892
89,53.66834170854271,0.040845115706277454,0.9407791462948659
90,54.27135678391959,0.04094558690871657,0.9511279838786804
91,54.874371859296474,0.04106581664256296,0.960536157003672
92,55.47738693467336,0.04121178456875659,0.966558707380048
93,56.08040201005025,0.041239742366639506,0.9728791287385014
94,56.68341708542713,0.040998786092253284,0.977472188126228
95,57.28643216080401,0.04047466775105718,0.9818743700105974
96,57.8894472361809,0.03980377284984716,0.9849552157848732
97,58.49246231155779,0.03915356177492352,0.9876708106632632
98,59.09547738693467,0.03859354332831735,0.9896342780618672
99,59.69849246231155,0.038073956867622855,0.991462220054917
100,60.30150753768844,0.03750011752244823,0.9929802293963674
101,60.904522613065325,0.036803820165155376,0.9940370486403466
102,61.507537688442206,0.03595505989312501,0.9947934741266024
103,62.110552763819086,0.034939875336199536,0.9955967443114208
104,62.713567839195974,0.03375048889026555,0.9963721774570484
105,63.31658291457286,0.03239660718797422,0.9969213245255326
106,63.91959798994974,0.03091556205962847,0.9973122737599529
107,64.52261306532662,0.029363772722012117,0.9976626783842416
108,65.12562814070351,0.0277929062421389,0.9980050667826634
109,65.7286432160804,0.026228511945392805,0.9983363374735588
110,66.33165829145727,0.024670034267877446,0.9985897121555004
111,66.93467336683416,0.023114367469323962,0.9988126300677572
112,67.53768844221105,0.021582186707279915,0.9989245979026278
113,68.14070351758794,0.020123507353918164,0.9991566724801842
114,68.74371859296483,0.018794252725500254,0.999277713695395
115,69.3467336683417,0.01761353704892963,0.9993867034894122
116,69.94974874371859,0.016537071850140465,0.9994516302587084
117,70.55276381909547,0.015487806173013445,0.9995181835825536
118,71.15577889447235,0.014423788176466883,0.999542518911558
119,71.75879396984924,0.013361535869690492,0.9996022874241656
120,72.36180904522612,0.012325869626728997,0.9996066758244726
121,72.96482412060301,0.011301886529847288,0.9996336787104304
122,73.5678391959799,0.010256905969027926,0.9996447217671668
123,74.17085427135677,0.009195443022660042,0.9996498167775171
124,74.77386934673366,0.008171077811071117,0.9996538596004352
125,75.37688442211055,0.007246813120053335,0.9996845597269745
126,75.97989949748742,0.0064565398736677795,0.9996929732001444
127,76.58291457286431,0.005800870361717718,0.9996954881189823
128,77.1859296482412,0.005261609611185176,0.9997556550970618
129,77.78894472361809,0.004810314573059546,0.9999130981292907
130,78.39195979899498,0.004411125835782668,0.9999180487738458
131,78.99497487437185,0.004029502722572671,0.9999219837765814
132,79.59798994974874,0.003645666764968881,0.9999402271325668
133,80.20100502512562,0.0032607831572078983,0.99994741776928
134,80.8040201005025,0.0028901897605225027,0.9999512070627551
135,81.40703517587939,0.002549964498803424,0.9999619245442796
136,82.01005025125627,0.0022472836028066346,0.9999658301204141
137,82.61306532663316,0.001980123275088595,0.9999694853981256
138,83.21608040201005,0.001743575755907002,0.9999726886782132
139,83.81909547738692,0.0015351983212415672,0.9999756790217249
140,84.42211055276381,0.0013544509293348945,0.9999782778252146
141,85.0251256281407,0.0011984689618638712,0.9999828363536494
142,85.62814070351757,0.0010602549882677743,0.9999850611555962
143,86.23115577889446,0.0009317318741059489,0.999987106445656
144,86.83417085427135,0.0008079549105350028,0.9999888573670892
145,87.43718592964824,0.0006883781168338831,0.9999904221105668
146,88.04020100502512,0.0005760694504103102,0.9999918489461
147,88.643216080402,0.0004769405926476965,0.9999930459869476
148,89.24623115577889,0.0003970698263407961,0.9999940767140856
149,89.84924623115577,0.00033737402227827275,0.9999949986651075
150,90.45226130653265,0.0002912341322125422,0.9999958278429184
151,91.05527638190954,0.00024929340426542375,0.9999965102603317
152,91.65829145728642,0.00020673185288706437,0.9999971092090366
153,92.26130653266331,0.00016560916737750722,0.9999976109291896
154,92.8643216080402,0.0001310281441393366,0.9999980506482068
155,93.46733668341707,0.00010573447139134298,0.9999984070194944
156,94.07035175879396,8.81866874118228e-05,0.9999986966522272
157,94.67336683417085,7.5074510247727e-05,0.9999989401579188
158,95.27638190954772,6.452818663449503e-05,0.9999991376472176
159,95.87939698492461,5.6299178013423335e-05,0.9999993038652076
160,96.4824120603015,4.99707717051424e-05,0.99999944299943
161,97.08542713567839,4.443217419710692e-05,0.9999995570450008
162,97.68844221105527,3.8777734915377e-05,0.9999996476800244
163,98.29145728643215,3.265276480173892e-05,0.9999997214058484
164,98.89447236180904,2.589683427720444e-05,0.9999997797164736
165,99.49748743718592,1.8657486222545405e-05,0.9999998269564752
166,100.1005025125628,1.1750012830363683e-05,0.9999998641329392
167,100.70351758793969,6.2756572397548354e-06,0.9999998936517678
168,101.30653266331657,2.787438448831077e-06,0.9999999170475808
169,101.90954773869346,1.0179921669018332e-06,0.9999999355245344
170,102.51256281407035,3.0379171447754534e-07,0.9999999502145228
171,103.11557788944722,7.383434351117627e-08,0.9999999615823068
172,103.71859296482411,1.4589147771232493e-08,0.9999999705524596
173,104.321608040201,2.3414679638676564e-09,0.999999977408596
174,104.92462311557787,3.0508645175462584e-10,0.9999999828515836
175,105.52763819095476,3.2297727484091854e-11,0.9999999869956138
176,106.13065326633165,3.3290301620073228e-12,0.9999999903002158
177,106.73366834170854,7.68577989599313e-12,0.9999999926281664
178,107.33668341708542,8.154193074821583e-11,0.9999999944901076
179,107.9396984924623,7.220740852187738e-10,0.9999999958829449
180,108.54271356783919,5.209397305866529e-09,0.999999996908535
181,109.14572864321607,3.064678546124599e-08,0.9999999976648252
182,109.74874371859295,1.4720453935397668e-07,0.9999999982937936
183,110.35175879396984,5.781960969164117e-07,0.999999998745475
184,110.95477386934672,1.8608329426301416e-06,0.9999999991010828
185,111.55778894472361,4.919976308711312e-06,0.9999999993469078
186,112.1608040201005,1.0727357708125933e-05,0.9999999995178009
187,112.76381909547737,1.9405612305556343e-05,0.9999999996524364
188,113.36683417085426,2.9434344275046388e-05,0.9999999997522412
189,113.96984924623115,3.816312034038843e-05,0.9999999998203628
190,114.57286432160802,4.376438453817044e-05,0.9999999998694008
191,115.17587939698491,4.677743212381547e-05,0.9999999999072636
192,115.7788944723618,4.938178950890713e-05,0.9999999999335344
193,116.38190954773869,5.310908028016291e-05,0.9999999999531044
194,116.98492462311557,5.747938711739373e-05,0.9999999999664094
195,117.58793969849245,6.0741421016026926e-05,0.99999999997658
196,118.19095477386934,6.156941676173633e-05,0.9999999999837672
197,118.79396984924622,5.993991666372523e-05,0.999999999988682
198,119.3969849246231,5.6553835682860896e-05,0.99999999999207
199,120.0,5.1677626690662e-05,0.9999999999944272
