,x,y
0,0.0,7.199698211113237e-19
1,0.010101010101010102,2.534608920688308e-17
2,0.020202020202020204,7.411298352408356e-16
3,0.030303030303030304,1.8011692274656902e-14
4,0.04040404040404041,3.641173861576615e-13
5,0.05050505050505051,6.12884984577409e-12
6,0.06060606060606061,8.599720297465073e-11
7,0.07070707070707072,1.0073766654656432e-09
8,0.08080808080808081,9.86923528979609e-09
9,0.09090909090909091,8.104455552014676e-08
10,0.10101010101010102,5.593688034019405e-07
11,0.11111111111111112,3.255710877588802e-06
12,0.12121212121212122,1.604261902217425e-05
13,0.13131313131313133,6.722721319823607e-05
14,0.14141414141414144,0.0002407638814857291
15,0.15151515151515152,0.0007406248909402596
16,0.16161616161616163,0.001966259567801533
17,0.17171717171717174,0.00452446788299758
18,0.18181818181818182,0.0090578208127072
19,0.19191919191919193,0.015838273442601282
20,0.20202020202020204,0.024317568693492227
21,0.21212121212121213,0.03307090635424719
22,0.22222222222222224,0.04044017648587921
23,0.23232323232323235,0.04558229273577817
24,0.24242424242424243,0.0491144556654992
25,0.25252525252525254,0.052771507405200375
26,0.26262626262626265,0.058314267463134443
27,0.27272727272727276,0.06658560299596944
28,0.2828282828282829,0.07754206250136769
29,0.29292929292929293,0.09126649810520106
30,0.30303030303030304,0.10895289432569322
31,0.31313131313131315,0.13271962877357085
32,0.32323232323232326,0.16432840405960009
33,0.33333333333333337,0.2042082998762676
34,0.3434343434343435,0.25187580698058043
35,0.3535353535353536,0.3072044855293517
36,0.36363636363636365,0.37113990329175933
37,0.37373737373737376,0.44531929560006456
38,0.38383838383838387,0.5312132771104725
39,0.393939393939394,0.6293314444059601
40,0.4040404040404041,0.7382944514244372
41,0.4141414141414142,0.8538248361066705
42,0.42424242424242425,0.9688779801083488
43,0.43434343434343436,1.0759979812436433
44,0.4444444444444445,1.1707045321309864
45,0.4545454545454546,1.2532353503678473
46,0.4646464646464647,1.3278232885372099
47,0.4747474747474748,1.4012336891985466
48,0.48484848484848486,1.4816308965073863
49,0.494949494949495,1.576546882254691
50,0.5050505050505051,1.6891582456275656
51,0.5151515151515152,1.8149729284868883
52,0.5252525252525253,1.9421168334004748
53,0.5353535353535354,2.0560138675701243
54,0.5454545454545455,2.14582273569083
55,0.5555555555555556,2.208468793549749
56,0.5656565656565657,2.2477552195943975
57,0.5757575757575758,2.2699352115881237
58,0.5858585858585859,2.279877658714373
59,0.595959595959596,2.2805402149031027
60,0.6060606060606061,2.2744493436177793
61,0.6161616161616162,2.2641228930125665
62,0.6262626262626263,2.250774473809688
63,0.6363636363636365,2.233455705788738
64,0.6464646464646465,2.2098813210223187
65,0.6565656565656566,2.1776202867132737
66,0.6666666666666667,2.1348257014428738
67,0.6767676767676768,2.0816324185155137
68,0.686868686868687,2.021993320154739
69,0.696969696969697,1.9631429546458627
70,0.7070707070707072,1.911671658769892
71,0.7171717171717172,1.8695986342436002
72,0.7272727272727273,1.8341134660379723
73,0.7373737373737375,1.8002730360698644
74,0.7474747474747475,1.7633210992797315
75,0.7575757575757577,1.7196849414358055
76,0.7676767676767677,1.6683923531172025
77,0.7777777777777778,1.6130279034706039
78,0.787878787878788,1.5615132065030164
79,0.797979797979798,1.522149979166039
80,0.8080808080808082,1.4982987289095786
81,0.8181818181818182,1.4858408075120475
82,0.8282828282828284,1.4754220431190828
83,0.8383838383838385,1.457568811305206
84,0.8484848484848485,1.4266340287373107
85,0.8585858585858587,1.3813782988535523
86,0.8686868686868687,1.3237742240497536
87,0.8787878787878789,1.2585219485414996
88,0.888888888888889,1.1929581789795571
89,0.8989898989898991,1.135344622816839
90,0.9090909090909092,1.0916928701325823
91,0.9191919191919192,1.0636015718608474
92,0.9292929292929294,1.0483171095985848
93,0.9393939393939394,1.039587720459378
94,0.9494949494949496,1.0278040015682812
95,0.9595959595959597,0.9999561423086168
96,0.9696969696969697,0.9412404223275654
97,0.9797979797979799,0.8399021501926021
98,0.98989898989899,0.6948515985266387
99,1.0,0.5213361793757404
