,x,y,pNG
0,0.0,5.842393570140344e-188,
1,0.6030150753768844,1.9286984033874924e-182,
2,1.2060301507537687,5.238376277684872e-177,
3,1.809045226130653,1.1705444760015681e-171,
4,2.4120603015075375,2.151978892800664e-166,
5,3.015075376884422,3.254969726078205e-161,
6,3.618090452261306,4.0505570994046193e-156,
7,4.221105527638191,4.1470705385522564e-151,
8,4.824120603015075,3.4932280997280107e-146,
9,5.427135678391959,2.420869206798358e-141,0.0
10,6.030150753768844,1.380303427296868e-136,0.0
11,6.633165829145728,6.474953668288578e-132,0.0
12,7.236180904522612,2.498950322652061e-127,0.0
13,7.839195979899497,7.934826574007052e-123,0.0
14,8.442211055276381,2.0728893215968397e-118,0.0
15,9.045226130653266,4.4552661001503916e-114,0.0
16,9.64824120603015,7.878255134439663e-110,0.0
17,10.251256281407034,1.1461601189847836e-105,0.002585978907965081
18,10.854271356783919,1.371890357994563e-101,0.013500177316229768
19,11.457286432160803,1.3509907445081894e-97,0.0339219475192768
20,12.060301507537687,1.0945716689718482e-93,0.08226461533642426
21,12.663316582914572,7.296169117629388e-90,0.18418044839459854
22,13.266331658291456,4.001330651067082e-86,0.3192006451881578
23,13.86934673366834,1.805397557551267e-82,0.3684109576405018
24,14.472361809045225,6.701933618846078e-79,0.3605660589044857
25,15.07537688442211,2.0468511269196174e-75,0.3520987329421602
26,15.678391959798994,5.143174459617339e-72,0.3438358482797802
27,16.281407035175878,1.0632493461468192e-68,0.3358285822525192
28,16.884422110552762,1.8084140222170592e-65,0.3281231460832621
29,17.487437185929647,2.530576600456521e-62,0.3208209068187877
30,18.09045226130653,2.9133992319653227e-59,0.3143186594439993
31,18.693467336683415,2.759557339879641e-56,0.30892682649333697
32,19.2964824120603,2.150491725203999e-53,0.3050302149174896
33,19.899497487437184,1.3787803895956424e-50,0.3015362444012054
34,20.50251256281407,7.272964098244733e-48,0.2969878490934831
35,21.105527638190953,3.156362657159307e-45,0.2896708418122551
36,21.708542713567837,1.1269939413832615e-42,0.2783271426515802
37,22.31155778894472,3.31066842012808e-40,0.2635294068171098
38,22.914572864321606,8.001464729734254e-38,0.24702024562481886
39,23.51758793969849,1.591048568976038e-35,0.22992760889191746
40,24.120603015075375,2.602904058802071e-33,0.2132596679617066
41,24.72361809045226,3.503439692476074e-31,0.19729327143164388
42,25.326633165829143,3.879666363174366e-29,0.1819333553905496
43,25.929648241206028,3.534757422720574e-27,0.1670245988181004
44,26.532663316582912,2.6496821333640384e-25,0.15267749466664882
45,27.135678391959797,1.6341882237299208e-23,0.13884866635146975
46,27.73869346733668,8.292633187026141e-22,0.12579082469666036
47,28.341708542713565,3.46239845986435e-20,0.1136895223277362
48,28.94472361809045,1.1895273267832613e-18,0.10268306038132002
49,29.547738693467334,3.3628934481020057e-17,0.09284806176755178
50,30.15075376884422,7.824147410918583e-16,0.0843358969516429
51,30.753768844221103,1.4983528325863005e-14,0.07712171866661753
52,31.356783919597987,2.3623802285221497e-13,0.07134755190352893
53,31.95979899497487,3.0676714082828075e-12,0.06718080061879195
54,32.562814070351756,3.2828416074929744e-11,0.06466491059792245
55,33.16582914572864,2.897892571557381e-10,0.06384844133919376
56,33.768844221105525,2.113284036893734e-09,0.06480094726227825
57,34.37185929648241,1.2762114924775152e-08,0.06751261973709377
58,34.97487437185929,6.407116671549413e-08,0.07202041613581311
59,35.577889447236174,2.690876610948882e-07,0.07852724613247153
60,36.18090452261306,9.548583538449626e-07,0.0873614688297466
61,36.78391959798995,2.907056181702851e-06,0.09825118343759842
62,37.38693467336683,7.762338128865896e-06,0.111998208856793
63,37.98994974874371,1.869091837947284e-05,0.1285521381644471
64,38.5929648241206,4.1753453677627555e-05,0.14870244801206545
65,39.19597989949749,8.832681231728639e-05,0.17234963992201147
66,39.79899497487437,0.00017831591669112678,0.20072277591210508
67,40.40201005025125,0.0003430257051220105,0.2326339262303724
68,41.00502512562814,0.0006267897302586462,0.2676376011139616
69,41.608040201005025,0.0010872779775675662,0.3047715148036787
70,42.211055276381906,0.0017936126833691898,0.3435786099219493
71,42.81407035175879,0.00281945952765468,0.3853344221166149
72,43.417085427135675,0.004229198009868577,0.4268248674511882
73,44.02010050251256,0.006059950016044408,0.4698677793086414
74,44.62311557788944,0.00830587390337539,0.5154895314171577
75,45.226130653266324,0.010910768386831788,0.5575343020990238
76,45.82914572864321,0.013771926028288523,0.5990551468049039
77,46.4321608040201,0.016754235727908313,0.6373216969278366
78,47.03517587939698,0.019713200069210467,0.6751374039059331
79,47.63819095477386,0.0225276776840728,0.7121530786733851
80,48.24120603015075,0.025131757828685288,0.7459151192511393
81,48.84422110552764,0.02751477607743908,0.7774558144066097
82,49.44723618090452,0.02967621998185035,0.806520935173375
83,50.0502512562814,0.031583429090260975,0.8326942302538363
84,50.65326633165829,0.033194478726385424,0.8576555893841482
85,51.256281407035175,0.03452729696825483,0.8796588219362034
86,51.859296482412056,0.03568385819874002,0.8988453301127746
87,52.46231155778894,0.03678681309582827,0.9154264301414432
88,53.065326633165824,0.03789321128435504,0.9285890504258892
89,53.66834170854271,0.03897135865217036,0.9407791462948659
90,54.27135678391959,0.039944770333387336,0.9511279838786804
91,54.874371859296474,0.04073922651886411,0.960536157003672
92,55.47738693467336,0.04129294282404972,0.966558707380048
93,56.08040201005025,0.04155358788458085,0.9728791287385014
94,56.68341708542713,0.04149753493733752,0.977472188126228
95,57.28643216080401,0.041156932734594205,0.9818743700105974
96,57.8894472361809,0.04061013914752465,0.9849552157848732
97,58.49246231155779,0.03993799712105982,0.9876708106632632
98,59.09547738693467,0.039204020574053554,0.9896342780618672
99,59.69849246231155,0.03847894328685288,0.991462220054917
100,60.30150753768844,0.037848702123380366,0.9929802293963674
101,60.904522613065325,0.037361277775257384,0.9940370486403466
102,61.507537688442206,0.036967664698194354,0.9947934741266024
103,62.110552763819086,0.03653702643038918,0.9955967443114208
104,62.713567839195974,0.03594038979398425,0.9963721774570484
105,63.31658291457286,0.03512924993894092,0.9969213245255326
106,63.91959798994974,0.03415356503872263,0.9973122737599529
107,64.52261306532662,0.0331141123482652,0.9976626783842416
108,65.12562814070351,0.03208391774274317,0.9980050667826634
109,65.7286432160804,0.031057581490355902,0.9983363374735588
110,66.33165829145727,0.029971333929905287,0.9985897121555004
111,66.93467336683416,0.02877372361269723,0.9988126300677572
112,67.53768844221105,0.027476813831196902,0.9989245979026278
113,68.14070351758794,0.026140341552336133,0.9991566724801842
114,68.74371859296483,0.024814322523468903,0.999277713695395
115,69.3467336683417,0.02350899763549293,0.9993867034894122
116,69.94974874371859,0.022222871620025827,0.9994516302587084
117,70.55276381909547,0.020979859390498762,0.9995181835825536
118,71.15577889447235,0.019811657333692057,0.999542518911558
119,71.75879396984924,0.018705215541258934,0.9996022874241656
120,72.36180904522612,0.017598921653571006,0.9996066758244726
121,72.96482412060301,0.016447528737332774,0.9996336787104304
122,73.5678391959799,0.01527448900402374,0.9996447217671668
123,74.17085427135677,0.014146670862237662,0.9996498167775171
124,74.77386934673366,0.013111645932459618,0.9996538596004352
125,75.37688442211055,0.012174626057257651,0.9996845597269745
126,75.97989949748742,0.011324606789953855,0.9996929732001444
127,76.58291457286431,0.010559493994170744,0.9996954881189823
128,77.1859296482412,0.009879832002491049,0.9997556550970618
129,77.78894472361809,0.00927056436486813,0.9999130981292907
130,78.39195979899498,0.008700472398173167,0.9999180487738458
131,78.99497487437185,0.008140307090477679,0.9999219837765814
132,79.59798994974874,0.0075782696774446025,0.9999402271325668
133,80.20100502512562,0.007019134158420473,0.99994741776928
134,80.8040201005025,0.006472965842836829,0.9999512070627551
135,81.40703517587939,0.005944477881565019,0.9999619245442796
136,82.01005025125627,0.005427456609471452,0.9999658301204141
137,82.61306532663316,0.0049080959296394135,0.9999694853981256
138,83.21608040201005,0.004379921715359354,0.9999726886782132
139,83.81909547738692,0.0038586913990339843,0.9999756790217249
140,84.42211055276381,0.003378364122969682,0.9999782778252146
141,85.0251256281407,0.0029688453661190464,0.9999828363536494
142,85.62814070351757,0.0026379097146236687,0.9999850611555962
143,86.23115577889446,0.002372305087538458,0.999987106445656
144,86.83417085427135,0.0021501609643858987,0.9999888573670892
145,87.43718592964824,0.0019506095590495888,0.9999904221105668
146,88.04020100502512,0.0017579619830319696,0.9999918489461
147,88.643216080402,0.0015645289105718594,0.9999930459869476
148,89.24623115577889,0.001371779914588953,0.9999940767140856
149,89.84924623115577,0.0011867716905289635,0.9999949986651075
150,90.45226130653265,0.001015504064742214,0.9999958278429184
151,91.05527638190954,0.0008594477960165794,0.9999965102603317
152,91.65829145728642,0.0007187044186495803,0.9999971092090366
153,92.26130653266331,0.0005971510383596079,0.9999976109291896
154,92.8643216080402,0.0005018383834188014,0.9999980506482068
155,93.46733668341707,0.0004365493567502358,0.9999984070194944
156,94.07035175879396,0.0003971493757458383,0.9999986966522272
157,94.67336683417085,0.0003730435484108727,0.9999989401579188
158,95.27638190954772,0.0003519281329572875,0.9999991376472176
159,95.87939698492461,0.0003244492015280196,0.9999993038652076
160,96.4824120603015,0.0002874671638208945,0.99999944299943
161,97.08542713567839,0.00024415965926533084,0.9999995570450008
162,97.68844221105527,0.00020032307467088406,0.9999996476800244
163,98.29145728643215,0.0001602936960167155,0.9999997214058484
164,98.89447236180904,0.0001263224089967119,0.9999997797164736
165,99.49748743718592,0.00010041415281501222,0.9999998269564752
166,100.1005025125628,8.484028216985758e-05,0.9999998641329392
167,100.70351758793969,8.027079172908399e-05,0.9999998936517678
168,101.30653266331657,8.37458243520184e-05,0.9999999170475808
169,101.90954773869346,8.872566789487554e-05,0.9999999355245344
170,102.51256281407035,8.790414258080363e-05,0.9999999502145228
171,103.11557788944722,7.759228587773072e-05,0.9999999615823068
172,103.71859296482411,6.039974257905888e-05,0.9999999705524596
173,104.321608040201,4.33537495745992e-05,0.999999977408596
174,104.92462311557787,3.270973408920144e-05,0.9999999828515836
175,105.52763819095476,2.992731627418136e-05,0.9999999869956138
176,106.13065326633165,3.168776262413674e-05,0.9999999903002158
177,106.73366834170854,3.299657881764968e-05,0.9999999926281664
178,107.33668341708542,3.0553029485927904e-05,0.9999999944901076
179,107.9396984924623,2.423520611528067e-05,0.9999999958829449
180,108.54271356783919,1.6262251300232876e-05,0.999999996908535
181,109.14572864321607,9.179921415096159e-06,0.9999999976648252
182,109.74874371859295,4.342550276051821e-06,0.9999999982937936
183,110.35175879396984,1.7156579020241852e-06,0.999999998745475
184,110.95477386934672,5.643887817024916e-07,0.9999999991010828
185,111.55778894472361,1.5418640148880302e-07,0.9999999993469078
186,112.1608040201005,3.490480413266232e-08,0.9999999995178009
187,112.76381909547737,6.536342005319547e-09,0.9999999996524364
188,113.36683417085426,1.0111147689545913e-09,0.9999999997522412
189,113.96984924623115,1.2907061705057826e-10,0.9999999998203628
190,114.57286432160802,1.3585403602745456e-11,0.9999999998694008
191,115.17587939698491,1.178365639152711e-12,0.9999999999072636
192,115.7788944723618,8.419002333551089e-14,0.9999999999335344
193,116.38190954773869,4.953075372510344e-15,0.9999999999531044
194,116.98492462311557,2.398948652350333e-16,0.9999999999664094
195,117.58793969849245,9.563660603724363e-18,0.99999999997658
196,118.19095477386934,3.1378360152868245e-19,0.9999999999837672
197,118.79396984924622,8.472268496422763e-21,0.999999999988682
198,119.3969849246231,1.8823650478104331e-22,0.99999999999207
199,120.0,3.441294337382375e-24,0.9999999999944272
