,x,y
0,0.0,5.5870519772399384e-46
1,0.010101010101010102,6.821455248908205e-43
2,0.020202020202020204,6.3651440546122724e-40
3,0.030303030303030304,4.5393359847984976e-37
4,0.04040404040404041,2.4742877254447965e-34
5,0.05050505050505051,1.0308823293446305e-31
6,0.06060606060606061,3.283254198336415e-29
7,0.07070707070707072,7.994340402458893e-27
8,0.08080808080808081,1.4883446837395008e-24
9,0.09090909090909091,2.119068748670195e-22
10,0.10101010101010102,2.307852337357274e-20
11,0.11111111111111112,1.9231913831086678e-18
12,0.12121212121212122,1.2267489696790063e-16
13,0.13131313131313133,5.99268563440032e-15
14,0.14141414141414144,2.2433232138154998e-13
15,0.15151515151515152,6.44035766651921e-12
16,0.16161616161616163,1.4194008864875098e-10
17,0.17171717171717174,2.4044059243229422e-09
18,0.18181818181818182,3.135203728356309e-08
19,0.19191919191919193,3.152517936413688e-07
20,0.20202020202020204,2.449649973453986e-06
21,0.21212121212121213,1.4746089039612566e-05
22,0.22222222222222224,6.89615469606494e-05
23,0.23232323232323235,0.0002513638502486194
24,0.24242424242424243,0.0007168153290760935
25,0.25252525252525254,0.0016068967275848286
26,0.26262626262626265,0.002852142603235824
27,0.27272727272727276,0.004066434107242937
28,0.2828282828282829,0.004826300347338157
29,0.29292929292929293,0.005199280941639004
30,0.30303030303030304,0.005869668428960309
31,0.31313131313131315,0.007520075940899213
32,0.32323232323232326,0.010144348579763493
33,0.33333333333333337,0.013253862963106034
34,0.3434343434343435,0.016746836462694314
35,0.3535353535353536,0.021172664154889383
36,0.36363636363636365,0.02700911826136863
37,0.37373737373737376,0.03403730663922174
38,0.38383838383838387,0.041680648014120435
39,0.393939393939394,0.049969524400459
40,0.4040404040404041,0.060473054752382786
41,0.4141414141414142,0.07659167337476412
42,0.42424242424242425,0.10219889691909274
43,0.43434343434343436,0.13851528684191725
44,0.4444444444444445,0.18176834798435862
45,0.4545454545454546,0.2249342355856517
46,0.4646464646464647,0.2630969831104488
47,0.4747474747474748,0.29734847430109207
48,0.48484848484848486,0.3332745288371219
49,0.494949494949495,0.37653855684885124
50,0.5050505050505051,0.43052604089332225
51,0.5151515151515152,0.49614320957886515
52,0.5252525252525253,0.571077307591937
53,0.5353535353535354,0.6495874600368396
54,0.5454545454545455,0.7258077655307327
55,0.5555555555555556,0.7988775414301841
56,0.5656565656565657,0.8742293146519018
57,0.5757575757575758,0.9596918445154067
58,0.5858585858585859,1.0618007150455713
59,0.595959595959596,1.1843564819006736
60,0.6060606060606061,1.3245305073101854
61,0.6161616161616162,1.4681246574970734
62,0.6262626262626263,1.5939058167803373
63,0.6363636363636365,1.6874363592566906
64,0.6464646464646465,1.7506447364700435
65,0.6565656565656566,1.7975241948748772
66,0.6666666666666667,1.8422136201359263
67,0.6767676767676768,1.8914820485347104
68,0.686868686868687,1.9448332135027477
69,0.696969696969697,1.9975379750015578
70,0.7070707070707072,2.0444862581001897
71,0.7171717171717172,2.0845069888117234
72,0.7272727272727273,2.120271070413929
73,0.7373737373737375,2.152774772820803
74,0.7474747474747475,2.1793560874225313
75,0.7575757575757577,2.198511808993172
76,0.7676767676767677,2.212408942797855
77,0.7777777777777778,2.22378432423368
78,0.787878787878788,2.2347702108954715
79,0.797979797979798,2.2495817412223373
80,0.8080808080808082,2.2750674048603643
81,0.8181818181818182,2.3172317116687884
82,0.8282828282828284,2.3767592120538645
83,0.8383838383838385,2.4462359767760713
84,0.8484848484848485,2.5122560901804136
85,0.8585858585858587,2.563426826078234
86,0.8686868686868687,2.5979386827392963
87,0.8787878787878789,2.62269225018003
88,0.888888888888889,2.6440946162400336
89,0.8989898989898991,2.6599857815877757
90,0.9090909090909092,2.661920590926803
91,0.9191919191919192,2.6445099254695705
92,0.9292929292929294,2.6108151541142597
93,0.9393939393939394,2.5708371394826663
94,0.9494949494949496,2.5351962216251382
95,0.9595959595959597,2.5002142969705954
96,0.9696969696969697,2.4266593241030607
97,0.9797979797979799,2.2393392193863026
98,0.98989898989899,1.8776719205569012
99,1.0,1.3689816605628793
