,x,y,pNG
0,0.0,1.1380394537313003,0.12533111851005752
1,0.005025125628140704,1.138126350144862,0.12515540962561222
2,0.010050251256281407,1.138378600592967,0.1249781500566417
3,0.01507537688442211,1.1387714439657264,0.12479932818649064
4,0.020100502512562814,1.1392654279301,0.12461893296737915
5,0.02512562814070352,1.139809013356191,0.12443695397445895
6,0.03015075376884422,1.1403419868301992,0.12425338145851585
7,0.035175879396984924,1.1407994620061326,0.12406820639699535
8,0.04020100502512563,1.141116209295479,0.12388142054303285
9,0.04522613065326633,1.1412310288606913,0.12369301647220945
10,0.05025125628140704,1.14109087741512,0.12350298762673405
11,0.05527638190954774,1.1406544769164026,0.12331132835682103
12,0.06030150753768844,1.1398951727432327,0.1231180339589969
13,0.06532663316582915,1.1388028676307484,0.12292310071116595
14,0.07035175879396985,1.1373849300927337,0.12272652590422704
15,0.07537688442211056,1.1356660546653157,0.12252830787009028
16,0.08040201005025126,1.1336871272739524,0.12232844600604753
17,0.08542713567839195,1.131503213797196,0.12212694079534304
18,0.09045226130653267,1.1291808367011322,0.1219237938239991
19,0.09547738693467336,1.1267947297718932,0.12171900779393485
20,0.10050251256281408,1.1244242646632634,0.12151258653245768
21,0.10552763819095477,1.1221497292137539,0.12130453499835248
22,0.11055276381909548,1.1200486132164689,0.1210948592848652
23,0.11557788944723618,1.118192030815635,0.12088356661995835
24,0.12060301507537688,1.1166413875858285,0.12067066536440985
25,0.12562814070351758,1.1154453897329681,0.12045616500843292
26,0.1306532663316583,1.1146374940237733,0.1202400761677177
27,0.135678391959799,1.1142339070687628,0.12002241057999675
28,0.1407035175879397,1.1142322549541488,0.11980318110348898
29,0.1457286432160804,1.1146110504405773,0.1195824017189202
30,0.15075376884422112,1.1153300766212315,0.11936008753706615
31,0.15577889447236182,1.1163317768790637,0.1191362548142778
32,0.16080402010050251,1.1175436888736736,0.1189109209787792
33,0.1658291457286432,1.1188818874064932,0.11868410467114188
34,0.1708542713567839,1.1202553140046008,0.11845582580279435
35,0.17587939698492464,1.121570779800676,0.1182261056371522
36,0.18090452261306533,1.1227383441848608,0.1179949668986211
37,0.18592964824120603,1.1236767059098431,0.11776243391542572
38,0.19095477386934673,1.1243182051984386,0.11752853280320265
39,0.19597989949748745,1.1246130314755962,0.11729329169701475
40,0.20100502512562815,1.1245322649035563,0.11705674104058085
41,0.20603015075376885,1.1240694508968163,0.11681891394243205
42,0.21105527638190955,1.1232405119994433,0.11657984660985075
43,0.21608040201005024,1.1220819345851358,0.1163395788725864
44,0.22110552763819097,1.1206473193513473,0.11609815480945407
45,0.22613065326633167,1.1190025419986358,0.1158556234922622
46,0.23115577889447236,1.1172199185112892,0.1156120398625594
47,0.23618090452261306,1.1153718909114478,0.1153674657580489
48,0.24120603015075376,1.1135248269165883,0.1151219711066208
49,0.24623115577889448,1.1117335456060973,0.11487563530711398
50,0.25125628140703515,1.1100371313024304,0.11462854881696805
51,0.2562814070351759,1.1084564777966768,0.11438081496789175
52,0.2613065326633166,1.1069938231939642,0.11413255203147656
53,0.2663316582914573,1.1056343107545368,0.11388389555729815
54,0.271356783919598,1.1043493705856107,0.11363500100649936
55,0.2763819095477387,1.1031014934171903,0.11338604670395536
56,0.2814070351758794,1.1018497935339768,0.1131372371320074
57,0.2864321608040201,1.100555660250439,0.11288880658817445
58,0.2914572864321608,1.0991877925594247,0.11264102322838533
59,0.2964824120603015,1.09772600228663,0.11239419351578904
60,0.30150753768844224,1.096163344908712,0.11214866709333073
61,0.3065326633165829,1.0945063686983951,0.11190484209570706
62,0.31155778894472363,1.0927735276384256,0.11166317091314236
63,0.3165829145728643,1.0909920439961927,0.11142416641552877
64,0.32160804020100503,1.0891936980220585,0.11118840864076962
65,0.32663316582914576,1.087410139006511,0.11095655194568088
66,0.3316582914572864,1.0856683404954393,0.1107293326113018
67,0.33668341708542715,1.0839867635124902,0.11050757688713576
68,0.3417085427135678,1.0823726591030707,0.11029220945039253
69,0.34673366834170855,1.080820759585345,0.11008426224684564
70,0.35175879396984927,1.0793134065661443,0.10988488366936576
71,0.35678391959798994,1.0778219738291175,0.10969534801851323
72,0.36180904522613067,1.0763092914004744,0.10951706517674598
73,0.36683417085427134,1.0747326824335302,0.10935159041393172
74,0.37185929648241206,1.073047195919775,0.10920063422684534
75,0.3768844221105528,1.0712086537960277,0.10906607209932496
76,0.38190954773869346,1.0691762192137209,0.10894995405287576
77,0.3869346733668342,1.0669143146591449,0.1088545138397854
78,0.3919597989949749,1.0643938513383209,0.10878217761253528
79,0.3969849246231156,1.0615928516192707,0.10873557188463034
80,0.4020100502512563,1.0584966346757554,0.10871753057917456
81,0.40703517587939697,1.0550977786503164,0.10873110094304883
82,0.4120603015075377,1.0513960660071966,0.10877954808671796
83,0.4170854271356784,1.0473985667134058,0.10886635789297183
84,0.4221105527638191,1.0431199290244992,0.10899523802302813
85,0.4271356783919598,1.038582848280524,0.10917011673571808
86,0.4321608040201005,1.033818590937732,0.10939513922597832
87,0.4371859296482412,1.0288673833251716,0.1096746611831072
88,0.44221105527638194,1.0237784465530857,0.1100132392681622
89,0.4472361809045226,1.018609477170594,0.11041561821425283
90,0.45226130653266333,1.0134254352687782,0.11088671426440078
91,0.457286432160804,1.0082965970697784,0.11143159467965902
92,0.4623115577889447,1.003295940683521,0.11205545307647324
93,0.46733668341708545,0.9984960417013434,0.1127635803874426
94,0.4723618090452261,0.99396574049793,0.11356133128421694
95,0.47738693467336685,0.9897668907691978,0.11445408595608042
96,0.4824120603015075,0.9859515011848546,0.11544720720254242
97,0.48743718592964824,0.9825595395037321,0.11654599287345345
98,0.49246231155778897,0.9796175892492294,0.117755623774926
99,0.49748743718592964,0.9771384470583498,0.11908110725319955
100,0.5025125628140703,0.9751216409711376,0.12052721677006205
101,0.507537688442211,0.9735547526607236,0.12209842789098245
102,0.5125628140703518,0.972415352943821,0.12379885121833545
103,0.5175879396984925,0.9716733174000665,0.12563216291441948
104,0.5226130653266332,0.971293278866143,0.12760153356923798
105,0.5276381909547738,0.9712369916213399,0.12970955627252634
106,0.5326633165829145,0.9714654200308582,0.13195817484470873
107,0.5376884422110553,0.9719404125758524,0.13434861326305114
108,0.542713567839196,0.9726258718606782,0.1368813073834806
109,0.5477386934673367,0.9734883764850676,0.13955584010144073
110,0.5527638190954774,0.9744972494544996,0.1423708811131864
111,0.5577889447236181,0.9756241013324147,0.1453241324295086
112,0.5628140703517588,0.9768419079279665,0.14841228075456006
113,0.5678391959798995,0.9781237153829063,0.15163095777250968
114,0.5728643216080402,0.9794411016289928,0.1549747092838224
115,0.577889447236181,0.9807625606568587,0.15843697400270595
116,0.5829145728643216,0.9820520096159474,0.16201007266985767
117,0.5879396984924623,0.983267640493056,0.16568520795418973
118,0.592964824120603,0.9843613392074896,0.1694524754185429
119,0.5979899497487438,0.985278868240652,0.17330088561364154
120,0.6030150753768845,0.9859609511656621,0.17721839714846155
121,0.6080402010050251,0.9863453109758727,0.1811919603710369
122,0.6130653266331658,0.9863696071675624,0.18520757108933072
123,0.6180904522613065,0.9859751022620992,0.1892503335740391
124,0.6231155778894473,0.9851107827404699,0.19330453192140215
125,0.628140703517588,0.9837375779514785,0.19735370872003188
126,0.6331658291457286,0.981832276155268,0.20138074986659396
127,0.6381909547738693,0.9793907368937796,0.20536797431433074
128,0.6432160804020101,0.9764300443099757,0.2092972275184716
129,0.6482412060301508,0.9729893315238435,0.21314997736388666
130,0.6532663316582915,0.969129121340312,0.21690741142250247
131,0.6582914572864321,0.9649291600244719,0.22055053448866524
132,0.6633165829145728,0.9604848544645346,0.22406026547646585
133,0.6683417085427136,0.9559025457337085,0.22741753292995426
134,0.6733668341708543,0.9512939532718222,0.2306033685893444
135,0.678391959798995,0.9467701960157199,0.233598998668879
136,0.6834170854271356,0.9424358350765538,0.23638593272802666
137,0.6884422110552764,0.9383833847321634,0.23894605025154825
138,0.6934673366834171,0.9346887043944523,0.2412616852891576
139,0.6984924623115578,0.9314076155913045,0.2433157097357681
140,0.7035175879396985,0.9285739887721807,0.24509161605291385
141,0.7085427135678392,0.9261994213359741,0.2465736004344138
142,0.7135678391959799,0.9242744899581911,0.24774664759887066
143,0.7185929648241206,0.9227714190805043,0.2485966185414891
144,0.7236180904522613,0.9216478773391428,0.24911034269116986
145,0.7286432160804021,0.9208515093147086,0.2492757159882157
146,0.7336683417085427,0.92032474437482,0.2490818064137271
147,0.7386934673366834,0.9200094069740136,0.24851896845498844
148,0.7437185929648241,0.9198506874267205,0.2475789678683956
149,0.7487437185929648,0.9198001160448617,0.24625511789090335
150,0.7537688442211056,0.9198173070887771,0.2445424277363064
151,0.7587939698492463,0.9198703871308169,0.24243776377850726
152,0.7638190954773869,0.9199351767197173,0.2399400232529377
153,0.7688442211055276,0.9199933356060082,0.2370503195834825
154,0.7738693467336684,0.9200297934315138,0.2337721775514936
155,0.7788944723618091,0.9200298574920696,0.2301117354564768
156,0.7839195979899498,0.9199764108313808,0.22607795017285534
157,0.7889447236180904,0.9198475878705701,0.22168279959380788
158,0.7939698492462312,0.9196152471744212,0.21694147539682795
159,0.7989949748743719,0.9192444622466946,0.2118725574130479
160,0.8040201005025126,0.9186941341993791,0.2064981592052149
161,0.8090452261306533,0.917918707836367,0.2008440328596801
162,0.8140703517587939,0.9168708568342951,0.194939619610122
163,0.8190954773869347,0.9155049035105619,0.1888180319019902
164,0.8241206030150754,0.9137806604364078,0.1825159520720826
165,0.8291457286432161,0.9116673284554985,0.17607343317081306
166,0.8341708542713568,0.9091470600103506,0.1695335888117271
167,0.8391959798994975,0.9062177983538438,0.16294216148824936
168,0.8442211055276382,0.9028950321061769,0.15634696269461812
169,0.8492462311557789,0.8992121606370191,0.1497971834834172
170,0.8542713567839196,0.8952192489054412,0.1433425807208546
171,0.8592964824120604,0.8909800602283566,0.13703255204532394
172,0.864321608040201,0.8865673901603114,0.13091512100491332
173,0.8693467336683417,0.882056879932255,0.12503586248435938
174,0.8743718592964824,0.8775196558393622,0.11943680662398724
175,0.8793969849246231,0.8730143095193925,0.11415536618348955
176,0.8844221105527639,0.8685788870345597,0.10922333690199904
177,0.8894472361809045,0.8642236727154292,0.10466602213240496
178,0.8944723618090452,0.8599256162225439,0.10050153135718733
179,0.8994974874371859,0.8556252389955773,0.09674029688777784
180,0.9045226130653267,0.8512267544688147,0.09338484422211757
181,0.9095477386934674,0.8466019380974655,0.09042983966160399
182,0.914572864321608,0.841597991720812,0.08786242466728755
183,0.9195979899497487,0.8360492776263012,0.08566283109420503
184,0.9246231155778895,0.8297923790277241,0.0838052560069793
185,0.9296482412060302,0.8226835150828938,0.08225896032641611
186,0.9346733668341709,0.814616948010797,0.08098954298003336
187,0.9396984924623115,0.8055427189845716,0.07996033214943754
188,0.9447236180904522,0.7954818875250063,0.07913382793555679
189,0.949748743718593,0.7845374659930459,0.07847312634076997
190,0.9547738693467337,0.7728994600565484,0.07794325277116987
191,0.9597989949748744,0.7608428490296377,0.07751233416656977
192,0.964824120603015,0.7487179421070682,0.0771525424385342
193,0.9698492462311558,0.7369332765814604,0.07684074860983857
194,0.9748743718592965,0.7259320078683823,0.07655883797161889
195,0.9798994974874372,0.7161634886989691,0.07629365352868599
196,0.9849246231155779,0.708052351704121,0.07603656066154085
197,0.9899497487437187,0.7019678099141448,0.07578266386546995
198,0.9949748743718593,0.6981960094373492,0.07552976114480614
199,1.0,0.6969180768334389,0.07527719885202377
