,x,y,pNG
0,0.0,2.621137769207811,0.0
1,0.005025125628140704,2.6193458205803917,0.0
2,0.010050251256281407,2.61401908344808,0.0
3,0.01507537688442211,2.6053027360010796,0.0
4,0.020100502512562814,2.5934317506438105,0.0
5,0.02512562814070352,2.5787209459277327,0.0
6,0.03015075376884422,2.5615519644329883,2.220446049250313e-16
7,0.035175879396984924,2.5423577382745988,1.1102230246251563e-15
8,0.04020100502512563,2.5216048148087573,7.549516567451064e-15
9,0.04522613065326633,2.4997736791041585,3.486100297322992e-14
10,0.05025125628140704,2.477337086387668,1.383337888682945e-13
11,0.05527638190954774,2.4547365708373645,4.785061236134425e-13
12,0.06030150753768844,2.432357824619805,1.4841461393189093e-12
13,0.06532663316582915,2.4105065071422986,4.199973702156966e-12
14,0.07035175879396985,2.3893870455506203,1.0992984300628448e-11
15,0.07537688442211056,2.3690877780401927,2.6898927529828146e-11
16,0.08040201005025126,2.3495759772590965,6.207279135139743e-11
17,0.08542713567839195,2.3307055686475473,1.3604450899151743e-10
18,0.09045226130653267,2.312238655524781,2.8486080161371774e-10
19,0.09547738693467336,2.2938795202009503,5.726588092613838e-10
20,0.10050251256281408,2.275317123986498,1.1098912899853983e-09
21,0.10552763819095477,2.256269977784297,2.0812813694703887e-09
22,0.11055276381909548,2.236526252171738,3.7877010417020066e-09
23,0.11557788944723618,2.215972530177677,6.707588262599984e-09
24,0.12060301507537688,2.1946066533080693,1.1585287951199064e-08
25,0.12562814070351758,2.172533216048784,1.955589989943718e-08
26,0.1306532663316583,2.149943661910579,3.231887280019663e-08
27,0.135678391959799,2.1270857784868014,5.237580780192985e-08
28,0.1407035175879397,2.1042290022437826,8.335175805118665e-08
29,0.1457286432160804,2.0816320080147874,1.304238063104535e-07
30,0.15075376884422112,2.0595176853486574,2.0088598262635318e-07
31,0.15577889447236182,2.0380582697373675,3.048856501708386e-07
32,0.16080402010050251,2.017370772895412,4.56373452140113e-07
33,0.1658291457286432,1.9975206049415861,6.743168279310653e-07
34,0.1708542713567839,1.9785298821900787,9.84236007472994e-07
35,0.17587939698492464,1.9603865702995111,1.4201313316419828e-06
36,0.18090452261306533,1.9430512478529092,2.0268817668700483e-06
37,0.18592964824120603,1.9264596049201457,2.8632065637301807e-06
38,0.19095477386934673,1.9105204244075529,4.005295189735136e-06
39,0.19597989949748745,1.8951103366200672,5.551224879773997e-06
40,0.20100502512562815,1.8800677661546907,7.626300381979868e-06
41,0.20603015075376885,1.8651889960547603,1.0389466603921704e-05
42,0.21105527638190955,1.8502290798543448,1.404096181234493e-05
43,0.21608040201005024,1.8349094924893985,1.8831396625285105e-05
44,0.22110552763819097,1.8189331000053002,2.5072462055297784e-05
45,0.22613065326633167,1.8020055110270308,3.314948808097462e-05
46,0.23115577889447236,1.7838604614561353,4.3536092309781615e-05
47,0.23618090452261306,1.764285873793661,5.681117585598638e-05
48,0.24120603015075376,1.7431468389297349,7.367854016515629e-05
49,0.24623115577889448,1.7204020740586314,9.498941356755886e-05
50,0.25125628140703515,1.696111346950509,0.00012176818921816324
51,0.2562814070351759,1.670432724927287,0.0001552416859715855
52,0.2613065326633166,1.6436100313261415,0.00019687224973952144
53,0.2663316582914573,1.61595229093372,0.00024839501389539714
54,0.271356783919598,1.5878079905498417,0.0003118596320621503
55,0.2763819095477387,1.5595375323151077,0.0003896767836720771
56,0.2814070351758794,1.5314872721262454,0.00048466973030514277
57,0.2864321608040201,1.5039680518050722,0.0006001311670300603
58,0.2914572864321608,1.477240252452141,0.0007398855655190718
59,0.2964824120603015,1.4515062646928836,0.0009083571420223092
60,0.30150753768844224,1.426910070603973,0.0011106435004868411
61,0.3065326633165829,1.4035425616074089,0.001352594895956072
62,0.31155778894472363,1.381450466535474,0.0016408989323892784
63,0.3165829145728643,1.3606464741976982,0.0019831703484334273
64,0.32160804020100503,1.3411183522479162,0.002388045350483425
65,0.32663316582914576,1.3228355174312718,0.002865279720645764
66,0.3316582914572864,1.3057524184841722,0.0034258496541164085
67,0.33668341708542715,1.2898090035114491,0.004082053962641163
68,0.3417085427135678,1.2749292174810558,0.004847615915588244
69,0.34673366834170855,1.261018754948025,0.005737782576480721
70,0.35175879396984927,1.2479631549780308,0.0067694190313284395
71,0.35678391959798994,1.2356268862101123,0.007961094399166924
72,0.36180904522613067,1.2238535437064648,0.009333155971870122
73,0.36683417085427134,1.212466898839354,0.010907787261231872
74,0.37185929648241206,1.2012724768101315,0.012709045153906471
75,0.3768844221105528,1.1900596228750693,0.014762870813390228
76,0.38190954773869346,1.1786045488667516,0.017097068455051878
77,0.3869346733668342,1.166675398665368,0.01974124569636193
78,0.3919597989949749,1.154040660610232,0.02272670890008477
79,0.3969849246231156,1.1404820573532108,0.02608630684242097
80,0.4020100502512563,1.1258122607106213,0.029854216217591656
81,0.40703517587939697,1.1098964950995351,0.0340656630069478
82,0.4120603015075377,1.092675577432335,0.03875657466706151
83,0.4170854271356784,1.0741865936316717,0.04396315949513308
84,0.4221105527638191,1.0545766618465937,0.049721411466245535
85,0.4271356783919598,1.034105417199699,0.05606654133791822
86,0.4321608040201005,1.013133107041951,0.06303233788205452
87,0.4371859296482412,0.992093377444739,0.07065046668727748
88,0.44221105527638194,0.9714525696582447,0.07894971797521633
89,0.4472361809045226,0.9516600603469252,0.08795521912972826
90,0.45226130653266333,0.9330962625195164,0.09768763192004892
91,0.457286432160804,0.9160258622121535,0.1081623584180399
92,0.4623115577889447,0.9005634505755229,0.11938878302838417
93,0.46733668341708545,0.8866569804149138,0.13136958050521352
94,0.4723618090452261,0.874091775044553,0.1441001209619175
95,0.47738693467336685,0.8625146817424106,0.1575680023811027
96,0.4824120603015075,0.8514749832692581,0.1717527387756841
97,0.48743718592964824,0.840476368947221,0.18662562784702966
98,0.49246231155778897,0.8290329531668209,0.20214981580098268
99,0.49748743718592964,0.8167221280296403,0.21828056916742367
100,0.5025125628140703,0.8032278632123917,0.2349657544500421
101,0.507537688442211,0.7883696921181099,0.2521465167880159
102,0.5125628140703518,0.7721147454506642,0.26975813921982283
103,0.5175879396984925,0.7545724899350328,0.2877310553166181
104,0.5226130653266332,0.7359739998258784,0.3059919805741333
105,0.5276381909547738,0.7166393739849456,0.32446512257864146
106,0.5326633165829145,0.6969381129453885,0.3430734269796969
107,0.5376884422110553,0.6772477665002344,0.3617398158786821
108,0.542713567839196,0.6579159254713013,0.38038837731832265
109,0.5477386934673367,0.6392297388498468,0.3989454688605991
110,0.5527638190954774,0.6213957645094438,0.4173407043239209
111,0.5577889447236181,0.6045313509565731,0.4355078000548676
112,0.5628140703517588,0.5886671616568487,0.4533852650272802
113,0.5678391959798995,0.5737591220333651,0.4709169270004547
114,0.5728643216080402,0.5597071479527473,0.4880522944081132
115,0.577889447236181,0.54637756694503,0.5047467601792219
116,0.5829145728643216,0.5336261477792623,0.5209616590310353
117,0.5879396984924623,0.5213190275372576,0.5366641937770232
118,0.592964824120603,0.5093494539386656,0.551827248834457
119,0.5979899497487438,0.49764902413849554,0.5664291104762944
120,0.6030150753768845,0.48619288916135583,0.5804531136023
121,0.6080402010050251,0.4749991135040186,0.5938872341031469
122,0.6130653266331658,0.4641229633952321,0.6067236444786309
123,0.6180904522613065,0.4536473029569449,0.6189582484633316
124,0.6231155778894473,0.44367049242821327,0.6305902082109183
125,0.628140703517588,0.4342932211513142,0.6416214752632088
126,0.6331658291457286,0.42560560414875764,0.6520563342206792
127,0.6381909547738693,0.41767566710269655,0.6619009658412491
128,0.6432160804020101,0.4105400806486821,0.6711630342953384
129,0.6482412060301508,0.4041977143590111,0.679851301540131
130,0.6532663316582915,0.3986062910790393,0.6879752702635287
131,0.6582914572864321,0.39368215918605753,0.6955448555896078
132,0.6633165829145728,0.38930298938602725,0.7025700847191154
133,0.6683417085427136,0.3853130639838117,0.7090608228798867
134,0.6733668341708543,0.3815307645810996,0.7150265233553559
135,0.678391959798995,0.377757858550441,0.7204759989167833
136,0.6834170854271356,0.3737901907858627,0.7254172116764129
137,0.6884422110552764,0.3694293506976975,0.7298570781782585
138,0.6934673366834171,0.36449476632717726,0.733801286425678
139,0.6984924623115578,0.35883548011450805,0.7372541214892109
140,0.7035175879396985,0.35234063988028314,0.7402182963274583
141,0.7085427135678392,0.3449475918523847,0.7426947844745945
142,0.7135678391959799,0.33664649628725546,0.7446826512918109
143,0.7185929648241206,0.3274806697203346,0.7461788805422188
144,0.7236180904522613,0.31754238591474415,0.7471781931305788
145,0.7286432160804021,0.30696454788876193,0.7476728549572064
146,0.7336683417085427,0.29590931749551397,0.7476524709825764
147,0.7386934673366834,0.28455528059944935,0.7471037628083135
148,0.7437185929648241,0.2730848990984024,0.7460103273827712
149,0.7487437185929648,0.2616738063287925,0.7443523748819951
150,0.7537688442211056,0.25048299267506086,0.742106444463035
151,0.7587939698492463,0.23965424032593927,0.7392450975221717
152,0.7638190954773869,0.22930847632845452,0.7357365894316727
153,0.7688442211055276,0.21954618428541658,0.7315445226273437
154,0.7738693467336684,0.21044875441058902,0.7266274865750821
155,0.7788944723618091,0.20207969055412875,0.7209386938140533
156,0.7839195979899498,0.19448489045117476,0.7144256262813014
157,0.7889447236180904,0.18769167938168058,0.7070297128680165
158,0.7939698492462312,0.18170679049348137,0.6986860681208962
159,0.7989949748743719,0.17651393047444405,0.6893233337323723
160,0.8040201005025126,0.17207185048581833,0.6788636795458769
161,0.8090452261306533,0.16831389751699097,0.6672230397853499
162,0.8140703517587939,0.16514983394923746,0.6543116834735379
163,0.8190954773869347,0.1624703165377189,0.6400352454858719
164,0.8241206030150754,0.1601539002062877,0.6242963755498581
165,0.8291457286432161,0.15807588908376058,0.6069971945137906
166,0.8341708542713568,0.15611791702118658,0.5880427759526633
167,0.8391959798994975,0.15417690196185535,0.5673458890044445
168,0.8442211055276382,0.1521720386895742,0.5448332332234866
169,0.8492462311557789,0.15004877325920274,0.5204533509071371
170,0.8542713567839196,0.1477791886993625,0.4941862941991742
171,0.8592964824120604,0.14535883699393773,0.4660549273956464
172,0.864321608040201,0.1428006698300047,0.43613743565287655
173,0.8693467336683417,0.1401272410458273,0.4045801792333803
174,0.8743718592964824,0.13736267900542093,0.3716094969763633
175,0.8793969849246231,0.13452598208631503,0.33754049391353225
176,0.8844221105527639,0.1316269372795303,0.3027803836903397
177,0.8894472361809045,0.12866541697077216,0.2678238018503152
178,0.8944723618090452,0.12563405619211634,0.23323789751017565
179,0.8994974874371859,0.12252350288394415,0.19963613235643365
180,0.9045226130653267,0.11932876184710549,0.16764157775709798
181,0.9095477386934674,0.1160548115660935,0.13784283067831282
182,0.914572864321608,0.11271979277182322,0.11074789201271662
183,0.9195979899497487,0.10935466523465773,0.0867427268022195
184,0.9246231155778895,0.10599918351006266,0.06606113519491362
185,0.9296482412060302,0.10269511238110243,0.04877081983731424
186,0.9346733668341709,0.09947848893037703,0.034777543246586114
187,0.9396984924623115,0.09637316854517716,0.023845896092320015
188,0.9447236180904522,0.0933877075236178,0.01563241741503818
189,0.949748743718593,0.09051684465686269,0.009725299483936745
190,0.9547738693467337,0.08774763325523195,0.005684835019158285
191,0.9597989949748744,0.08506895911210233,0.0030798082938461317
192,0.964824120603015,0.08248211999505882,0.0015166329420850386
193,0.9698492462311558,0.08000964494168186,0.0006596546314946439
194,0.9748743718592965,0.0776997618568253,0.0002423165238953917
195,0.9798994974874372,0.0756248535739702,6.972449989328666e-05
196,0.9849246231155779,0.07387366031866271,1.3643579832356426e-05
197,0.9899497487437187,0.0725385386715386,1.321543143473214e-06
198,0.9949748743718593,0.07170037592388032,2.299478685241496e-08
199,1.0,0.07141444473322274,0.0
