,x,y
0,0.0,0.0027076778102151054
1,0.010101010101010102,0.0064099447311000346
2,0.020202020202020204,0.014044989139688165
3,0.030303030303030304,0.028553741308950564
4,0.04040404040404041,0.054018930192873696
5,0.05050505050505051,0.09542071524185822
6,0.06060606060606061,0.15798279415310804
7,0.07070707070707072,0.24617073307045859
8,0.08080808080808081,0.36254718074257525
9,0.09090909090909091,0.5067581288158317
10,0.10101010101010102,0.6749208525518211
11,0.11111111111111112,0.8596639860437966
12,0.12121212121212122,1.0510327906465966
13,0.13131313131313133,1.238303462540037
14,0.14141414141414144,1.4123608824288358
15,0.15151515151515152,1.5678405366026966
16,0.16161616161616163,1.7040984509366783
17,0.17171717171717174,1.8245073582056257
18,0.18181818181818182,1.9343818564463338
19,0.19191919191919193,2.0384687618110733
20,0.20202020202020204,2.139004845519747
21,0.21212121212121213,2.234917804864947
22,0.22222222222222224,2.322209954477978
23,0.23232323232323235,2.3952051994338497
24,0.24242424242424243,2.4481801332102178
25,0.25252525252525254,2.4768560853005
26,0.26262626262626265,2.479300440146114
27,0.27272727272727276,2.4560242250225666
28,0.2828282828282829,2.4094157551135402
29,0.29292929292929293,2.3429240406244474
30,0.30303030303030304,2.260420310828768
31,0.31313131313131315,2.165925585845278
32,0.32323232323232326,2.0635913630272267
33,0.33333333333333337,1.9576776060467884
34,0.3434343434343435,1.852351762761921
35,0.3535353535353536,1.7513176819305054
36,0.36363636363636365,1.6574085004237424
37,0.37373737373737376,1.5722782975965353
38,0.38383838383838387,1.4962647212071276
39,0.393939393939394,1.4284563110470143
40,0.4040404040404041,1.366997273248638
41,0.4141414141414142,1.309637891773452
42,0.42424242424242425,1.2544400071525177
43,0.43434343434343436,1.2004116503146125
44,0.4444444444444445,1.1477892468212072
45,0.4545454545454546,1.0978043259681531
46,0.4646464646464647,1.0520300456098126
47,0.4747474747474748,1.0116354278620547
48,0.48484848484848486,0.9769128242450453
49,0.494949494949495,0.947261351133744
50,0.5050505050505051,0.921545718176074
51,0.5151515151515152,0.89858551761602
52,0.5252525252525253,0.8775378547618334
53,0.5353535353535354,0.8580528152197431
54,0.5454545454545455,0.8401985241967869
55,0.5555555555555556,0.8242193866452429
56,0.5656565656565657,0.8102258885389046
57,0.5757575757575758,0.7979404047052809
58,0.5858585858585859,0.7866214515181462
59,0.595959595959596,0.7752244578491481
60,0.6060606060606061,0.7627417433052421
61,0.6161616161616162,0.7485652248594108
62,0.6262626262626263,0.7326986888345317
63,0.6363636363636365,0.7157201628945049
64,0.6464646464646465,0.6985113293109785
65,0.6565656565656566,0.6818726979426573
66,0.6666666666666667,0.6661943441257757
67,0.6767676767676768,0.6513355826367515
68,0.686868686868687,0.6367810089636537
69,0.696969696969697,0.6220095738668687
70,0.7070707070707072,0.6068952306647837
71,0.7171717171717172,0.5919197011728694
72,0.7272727272727273,0.5780567039811934
73,0.7373737373737375,0.5663578651316503
74,0.7474747474747475,0.5574467287919658
75,0.7575757575757577,0.5511982984077186
76,0.7676767676767677,0.5467842477361853
77,0.7777777777777778,0.5430445688996335
78,0.787878787878788,0.5389494346475819
79,0.797979797979798,0.5338819813638013
80,0.8080808080808082,0.5276255098986068
81,0.8181818181818182,0.5201558592211512
82,0.8282828282828284,0.5114558639592826
83,0.8383838383838385,0.5015092161924665
84,0.8484848484848485,0.49046302932396413
85,0.8585858585858587,0.47881099540841887
86,0.8686868686868687,0.467434887673677
87,0.8787878787878789,0.4574365216020213
88,0.888888888888889,0.44980860598171135
89,0.8989898989898991,0.44505600503139586
90,0.9090909090909092,0.44287678072215364
91,0.9191919191919192,0.4419820352275792
92,0.9292929292929294,0.4401110763216372
93,0.9393939393939394,0.4342859913423154
94,0.9494949494949496,0.4213231362996904
95,0.9595959595959597,0.39855655072890417
96,0.9696969696969697,0.3646323237073292
97,0.9797979797979799,0.32013707810397135
98,0.98989898989899,0.2677889383283953
99,1.0,0.21200948178041912
