,x,y,pNG
0,0.0,5.10876604600387e-66,
1,0.6030150753768844,1.0733094714522119e-61,
2,1.2060301507537687,1.5656485282170632e-57,
3,1.809045226130653,1.5857190678628016e-53,
4,2.4120603015075375,1.1151252084983369e-49,
5,3.015075376884422,5.444899144879222e-46,
6,3.618090452261306,1.8459895355065478e-42,
7,4.221105527638191,4.345578085111725e-39,
8,4.824120603015075,7.103174856175903e-36,
9,5.427135678391959,8.06221835334141e-33,0.11653302654971055
10,6.030150753768844,6.354306297451532e-30,0.1139059902165791
11,6.633165829145728,3.477869979037521e-27,0.11634409005397894
12,7.236180904522612,1.3219598169193933e-24,0.11664202782583745
13,7.839195979899497,3.489976569249983e-22,0.11653805602992072
14,8.442211055276381,6.400034668853863e-20,0.1165112671273707
15,9.045226130653266,8.154135679729285e-18,0.11660866302727856
16,9.64824120603015,7.219790328394855e-16,0.11689966618176305
17,10.251256281407034,4.444152735465439e-14,0.11735887784089695
18,10.854271356783919,1.902891316460004e-12,0.11803577021216773
19,11.457286432160803,5.672262392700887e-11,0.1190641735965784
20,12.060301507537687,1.1785401144757012e-09,0.12210810431598673
21,12.663316582914572,1.7098908760729694e-08,0.1301970261914387
22,13.266331658291456,1.7370934076036136e-07,0.1446683651140631
23,13.86934673366834,1.2409081547688376e-06,0.15132613545856433
24,14.472361809045225,6.27444575475461e-06,0.15015362122850173
25,15.07537688442211,2.2694000185259573e-05,0.14895461253090836
26,15.678391959798994,5.975638607478362e-05,0.14782323316355395
27,16.281407035175878,0.00011814117896968207,0.14676286051042264
28,16.884422110552762,0.00018558114237587344,0.14575159061838894
29,17.487437185929647,0.0002561790508332283,0.14482850316885398
30,18.09045226130653,0.0003585243121243205,0.14403540895459288
31,18.693467336683415,0.000564724090070196,0.14339566912656546
32,19.2964824120603,0.0009742114291870459,0.14291140999483287
33,19.899497487437184,0.0016566063576589742,0.14248869536912
34,20.50251256281407,0.0025527807428165957,0.1419239540512892
35,21.105527638190953,0.0034460918047799064,0.1409689444474581
36,21.708542713567837,0.004124376665114521,0.1395810813377517
37,22.31155778894472,0.00461797168672321,0.13782139126124515
38,22.914572864321606,0.005226112177118052,0.13595276193401107
39,23.51758793969849,0.006233769264460924,0.13408206991801153
40,24.120603015075375,0.007618545995341393,0.13232970105908592
41,24.72361809045226,0.0091268222351311,0.13069546936945986
42,25.326633165829143,0.010608082750806928,0.12917477133156352
43,25.929648241206028,0.012147872552201459,0.12776600473104138
44,26.532663316582912,0.013901960738623835,0.1264457028052558
45,27.135678391959797,0.015933275078524493,0.12523201499550873
46,27.73869346733668,0.01821265303149085,0.12412106148749558
47,28.341708542713565,0.020669955989155078,0.1231082498485806
48,28.94472361809045,0.023216836552525308,0.12219835746425213
49,29.547738693467334,0.025782117386797383,0.1213803328601688
50,30.15075376884422,0.02834064556282788,0.12065030457755188
51,30.753768844221103,0.030890652855037722,0.120001298781247
52,31.356783919597987,0.033428334760803,0.1193973001456512
53,31.95979899497487,0.03592278912543906,0.11884262000365907
54,32.562814070351756,0.03828407597345228,0.11837679373885167
55,33.16582914572864,0.04046869546543654,0.11800425783868262
56,33.768844221105525,0.04254046480253342,0.1177766938818432
57,34.37185929648241,0.044440950242835196,0.11770380834221195
58,34.97487437185929,0.045949631050685974,0.11776498305479488
59,35.577889447236174,0.047055632161963984,0.1179350671658138
60,36.18090452261306,0.048062639958257526,0.11824806712159565
61,36.78391959798995,0.049185744339134134,0.11872652691451313
62,37.38693467336683,0.050345556742732354,0.11935606979152726
63,37.98994974874371,0.05147133532842684,0.1200674739557327
64,38.5929648241206,0.05269419883066495,0.12096549204397368
65,39.19597989949749,0.05401084577737438,0.12220802727346193
66,39.79899497487437,0.05494223427943945,0.1240590185298801
67,40.40201005025125,0.054919363490042644,0.1262254958239426
68,41.00502512562814,0.053985663709425244,0.12901524723755994
69,41.608040201005025,0.05275594595809152,0.13264936020557294
70,42.211055276381906,0.05171824288121566,0.1368049832714725
71,42.81407035175879,0.0507579136017717,0.14200882257376535
72,43.417085427135675,0.049268406860075484,0.1477575375469442
73,44.02010050251256,0.04673185932672477,0.15523376132987265
74,44.62311557788944,0.04324658016415317,0.1645218863811868
75,45.226130653266324,0.039379717372590516,0.17474817961851294
76,45.82914572864321,0.03561725099010222,0.1867635327295468
77,46.4321608040201,0.032174247365359385,0.1999817360926971
78,47.03517587939698,0.02914932045540958,0.2153986504495634
79,47.63819095477386,0.026529019130882434,0.23367307340069865
80,48.24120603015075,0.0240813316280055,0.2541750433132569
81,48.84422110552764,0.02151105873495393,0.2778982929045555
82,49.44723618090452,0.01877210076122808,0.3044493194435779
83,50.0502512562814,0.016090638147516656,0.3335826524408855
84,50.65326633165829,0.013717104938355028,0.3682576620640795
85,51.256281407035175,0.01176200392187749,0.4061328771296283
86,51.859296482412056,0.010156031807717862,0.4467824732410379
87,52.46231155778894,0.008689252084370262,0.4897081837207603
88,53.065326633165824,0.0071942722679202405,0.5305371432248995
89,53.66834170854271,0.00570872022351299,0.5754349331426734
90,54.27135678391959,0.004406251330847738,0.6204526477653556
91,54.874371859296474,0.003408940630103335,0.6686703607778071
92,55.47738693467336,0.002702120927373591,0.7036392948040286
93,56.08040201005025,0.0021863306403443433,0.7448665731370919
94,56.68341708542713,0.001762581761784084,0.7781473786908085
95,57.28643216080401,0.0013700451575651533,0.8130644305257209
96,57.8894472361809,0.0009905674523429415,0.8394760254266921
97,58.49246231155779,0.0006508017420057887,0.8643239528197739
98,59.09547738693467,0.0003953050252373923,0.8832650004028977
99,59.69849246231155,0.00023681249592627662,0.901692013622792
100,60.30150753768844,0.00014838989555175379,0.9176388357498321
101,60.904522613065325,9.990448123130151e-05,0.9290723256490891
102,61.507537688442206,7.627329012819188e-05,0.9374390500705744
103,62.110552763819086,6.605692772115273e-05,0.9465089835711851
104,62.713567839195974,5.952084368887017e-05,0.9554485368220884
105,63.31658291457286,5.4896130484712354e-05,0.9618827185926692
106,63.91959798994974,5.1161844219590157e-05,0.966514729382104
107,64.52261306532662,4.2989071335362406e-05,0.9707151181327884
108,65.12562814070351,2.8910003597273398e-05,0.9748652102807962
109,65.7286432160804,1.458533563996888e-05,0.9789235204326869
110,66.33165829145727,5.356235009830769e-06,0.982054183861134
111,66.93467336683416,1.408664979516824e-06,0.984830709212502
112,67.53768844221105,2.625584140130456e-07,0.9862290788069796
113,68.14070351758794,3.4436134928564125e-08,0.9891591343540518
114,68.74371859296483,3.16275760691543e-09,0.9906928825279911
115,69.3467336683417,2.027598896920283e-10,0.9920806214584008
116,69.94974874371859,9.054310736372066e-12,0.9929066720582732
117,70.55276381909547,2.8125927387490334e-13,0.9937565377466252
118,71.15577889447235,6.0725482436688634e-15,0.994064112388512
119,71.75879396984924,9.107912153423768e-17,0.9948312099186508
120,72.36180904522612,9.486536514326494e-19,0.9948815620706044
121,72.96482412060301,6.860389507081529e-21,0.9952259865019109
122,73.5678391959799,3.44418944366287e-23,0.9953641998322228
123,74.17085427135677,1.2002958766380106e-25,0.9954250962976796
124,74.77386934673366,2.9035644778445225e-28,0.9954702104737104
125,75.37688442211055,4.875323275013826e-31,0.995861849844048
126,75.97989949748742,5.681932106999793e-34,0.9959614409229064
127,76.58291457286431,4.596257200665876e-37,0.99598179825826
128,77.1859296482412,2.5806265651145218e-40,0.9967654601733772
129,77.78894472361809,1.0056726519291565e-43,0.998842976625888
130,78.39195979899498,2.72017950600924e-47,0.998905327525275
131,78.99497487437185,5.106780607321434e-51,0.9989565960841604
132,79.59798994974874,6.654341633315725e-55,0.9991971866593058
133,80.20100502512562,6.0182602258295345e-59,0.999291987895118
134,80.8040201005025,3.7778493227026285e-63,0.999339479852954
135,81.40703517587939,1.645985464549424e-67,0.999481474008721
136,82.01005025125627,4.977542602241033e-72,0.9995335445737406
137,82.61306532663316,1.044748031091796e-76,0.9995829355450242
138,83.21608040201005,1.5220036602044818e-81,0.9996254665950024
139,83.81909547738692,1.538960157726243e-86,0.9996647950718676
140,84.42211055276381,1.0800567873913632e-91,0.9996997568831856
141,85.0251256281407,5.261060945472759e-97,0.9997619143721346
142,85.62814070351757,1.7787200465937066e-102,0.9997920046015406
143,86.23115577889446,4.173970629978063e-108,0.9998196170480734
144,86.83417085427135,6.798274536229751e-114,0.9998432094851379
145,87.43718592964824,7.68520627564892e-120,0.9998649488455764
146,88.04020100502512,6.030035626343149e-126,0.99988487280719
147,88.643216080402,3.283913782211521e-132,0.9999016504316612
148,89.24623115577889,1.2412839318241343e-138,0.9999160324162528
149,89.84924623115577,3.2565521663019444e-145,0.999928776063581
150,90.45226130653265,5.929969559752982e-152,0.9999405402815259
151,91.05527638190954,7.494702651733589e-159,0.9999501720104448
152,91.65829145728642,6.574517243893704e-166,0.9999586857968814
153,92.26130653266331,4.0029563002417995e-173,0.9999657957505882
154,92.8643216080402,1.6916298801401427e-180,0.9999720860985318
155,93.46733668341707,4.96177840886611e-188,0.999977166883011
156,94.07035175879396,1.0101291422192095e-195,0.999981248735331
157,94.67336683417085,1.4273285569435867e-203,0.9999846875693342
158,95.27638190954772,1.3998404141396588e-211,0.9999875296772271
159,95.87939698492461,9.528852818072019e-220,0.9999899200490552
160,96.4824120603015,4.502049115570909e-228,0.9999919234620246
161,97.08542713567839,1.47634329817424e-236,0.99999357983206
162,97.68844221105527,3.3602532025287716e-245,0.9999948902426136
163,98.29145728643215,5.3084064589888774e-254,0.9999959576842092
164,98.89447236180904,5.8205477001149045e-263,0.9999968004441632
165,99.49748743718592,4.429666750643963e-272,0.9999974791477106
166,100.1005025125628,2.3398379238344253e-281,0.9999980168311898
167,100.70351758793969,8.57843401319399e-291,0.9999984479545454
168,101.30653266331657,2.1829197627313096e-300,0.9999987895634164
169,101.90954773869346,3.8554497663131e-310,0.9999990586066524
170,102.51256281407035,4.726e-320,0.9999992735872136
171,103.11557788944722,0.0,0.9999994400292536
172,103.71859296482411,0.0,0.9999995700050068
173,104.321608040201,0.0,0.9999996702582516
174,104.92462311557787,0.0,0.9999997498123028
175,105.52763819095476,0.0,0.9999998102638902
176,106.13065326633165,0.0,0.9999998584168952
177,106.73366834170854,0.0,0.9999998922561202
178,107.33668341708542,0.0,0.999999919257452
179,107.9396984924623,0.0,0.9999999393484252
180,108.54271356783919,0.0,0.9999999542826608
181,109.14572864321607,0.0,0.9999999655086846
182,109.74874371859295,0.0,0.9999999748618508
183,110.35175879396984,0.0,0.9999999814059162
184,110.95477386934672,0.0,0.9999999866680408
185,111.55778894472361,0.0,0.9999999903636898
186,112.1608040201005,0.0,0.9999999928938484
187,112.76381909547737,0.0,0.999999994897914
188,113.36683417085426,0.0,0.9999999963778848
189,113.96984924623115,0.0,0.9999999973937774
190,114.57286432160802,0.0,0.9999999980910654
191,115.17587939698491,0.0,0.9999999986462084
192,115.7788944723618,0.0,0.9999999990213077
193,116.38190954773869,0.0,0.9999999993076756
194,116.98492462311557,0.0,0.9999999995054424
195,117.58793969849245,0.0,0.9999999996567859
196,118.19095477386934,0.0,0.9999999997622596
197,118.79396984924622,0.0,0.9999999998341778
198,119.3969849246231,0.0,0.9999999998847088
199,120.0,0.0,0.9999999999190756
