,x,y
0,0.0,2.575981742790234e-06
1,0.010101010101010102,1.0069434863435739e-05
2,0.020202020202020204,3.473089181773834e-05
3,0.030303030303030304,0.00010672632095724851
4,0.04040404040404041,0.00029501329794301504
5,0.05050505050505051,0.0007390707827042664
6,0.06060606060606061,0.001684195828818793
7,0.07070707070707072,0.0034896807936399834
8,0.08080808080808081,0.006557504759573663
9,0.09090909090909091,0.011159156138413817
10,0.10101010101010102,0.01726049523170414
11,0.11111111111111112,0.024574012578662614
12,0.12121212121212122,0.03298701126352112
13,0.13131313131313133,0.0431442584996689
14,0.14141414141414144,0.05663463962432083
15,0.15151515151515152,0.0754226931527725
16,0.16161616161616163,0.10085356808886127
17,0.17171717171717174,0.13307575429164298
18,0.18181818181818182,0.17147825833177205
19,0.19191919191919193,0.21590535771197827
20,0.20202020202020204,0.26774637364143106
21,0.21212121212121213,0.33008145739424316
22,0.22222222222222224,0.40681355627824173
23,0.23232323232323235,0.5014570344301568
24,0.24242424242424243,0.6163064827631572
25,0.25252525252525254,0.7521143754543573
26,0.26262626262626265,0.9079155649363406
27,0.27272727272727276,1.0807667552653168
28,0.2828282828282829,1.2655801176252386
29,0.29292929292929293,1.4553456317501476
30,0.30303030303030304,1.641845178844397
31,0.31313131313131315,1.8168152222568235
32,0.32323232323232326,1.9734874211923221
33,0.33333333333333337,2.1082631697173126
34,0.3434343434343435,2.221849190500694
35,0.3535353535353536,2.318880684026728
36,0.36363636363636365,2.405465866540987
37,0.37373737373737376,2.48532684069938
38,0.38383838383838387,2.556628152964314
39,0.393939393939394,2.611928017250242
40,0.4040404040404041,2.641970905374727
41,0.4141414141414142,2.64102357564008
42,0.42424242424242425,2.6099096250449834
43,0.43434343434343436,2.5548185914112276
44,0.4444444444444445,2.4836326889146187
45,0.4545454545454546,2.4031089424344154
46,0.4646464646464647,2.318468598567808
47,0.4747474747474748,2.234254353626585
48,0.48484848484848486,2.154594520520589
49,0.494949494949495,2.0824108397247394
50,0.5050505050505051,2.018579590487709
51,0.5151515151515152,1.9620062915970509
52,0.5252525252525253,1.9104187575334273
53,0.5353535353535354,1.861002791110818
54,0.5454545454545455,1.8105421865543456
55,0.5555555555555556,1.7555947801661145
56,0.5656565656565657,1.693215909933449
57,0.5757575757575758,1.6219265756436276
58,0.5858585858585859,1.542199246593736
59,0.595959595959596,1.456201980725488
60,0.6060606060606061,1.3671337909259438
61,0.6161616161616162,1.2785403012742336
62,0.6262626262626263,1.193822031800272
63,0.6363636363636365,1.1160827080202254
64,0.6464646464646465,1.048241973880546
65,0.6565656565656566,0.9928993285462692
66,0.6666666666666667,0.9514579173036196
67,0.6767676767676768,0.9228688138809139
68,0.686868686868687,0.903180101778407
69,0.696969696969697,0.8867121509466633
70,0.7070707070707072,0.8683039431861416
71,0.7171717171717172,0.8451148559465971
72,0.7272727272727273,0.8168892749817446
73,0.7373737373737375,0.7848874436000568
74,0.7474747474747475,0.7506005995310283
75,0.7575757575757577,0.7151843540121596
76,0.7676767676767677,0.6796425827110493
77,0.7777777777777778,0.6451568147372754
78,0.787878787878788,0.6130838966616312
79,0.797979797979798,0.5846263984064201
80,0.8080808080808082,0.5604360239968534
81,0.8181818181818182,0.5403801373190119
82,0.8282828282828284,0.5235721102758469
83,0.8383838383838385,0.5086144598071004
84,0.8484848484848485,0.4939465741590936
85,0.8585858585858587,0.47829411969938207
86,0.8686868686868687,0.46121462343518677
87,0.8787878787878789,0.44345003426274937
88,0.888888888888889,0.426675490445933
89,0.8989898989898991,0.41267511865753675
90,0.9090909090909092,0.40251667665707314
91,0.9191919191919192,0.39622442994670554
92,0.9292929292929294,0.39287132776215555
93,0.9393939393939394,0.39063717610537324
94,0.9494949494949496,0.3865780172678914
95,0.9595959595959597,0.376412767168347
96,0.9696969696969697,0.3550874155747391
97,0.9797979797979799,0.31867250751406745
98,0.98989898989899,0.2670199699798939
99,1.0,0.2053104662526048
