,x,y
0,0.0,3.3807081907475287e-10
1,0.010101010101010102,2.8348701430561097e-09
2,0.020202020202020204,2.0691611018427102e-08
3,0.030303030303030304,1.3149468181554286e-07
4,0.04040404040404041,7.278020328116605e-07
5,0.05050505050505051,3.509786756235307e-06
6,0.06060606060606061,1.4754748067192334e-05
7,0.07070707070707072,5.4108337138537015e-05
8,0.08080808080808081,0.0001732581487607299
9,0.09090909090909091,0.0004850882452164886
10,0.10101010101010102,0.0011899809045706098
11,0.11111111111111112,0.0025657914643083266
12,0.12121212121212122,0.0048866226077202875
13,0.13131313131313133,0.008284981998623726
14,0.14141414141414144,0.012658142978370791
15,0.15151515151515152,0.01774859400558576
16,0.16161616161616163,0.023409052643878495
17,0.17171717171717174,0.029862852463447352
18,0.18181818181818182,0.0377194491206604
19,0.19191919191919193,0.04772880589986356
20,0.20202020202020204,0.06055258686488559
21,0.21212121212121213,0.07684358556550869
22,0.22222222222222224,0.09760735081485412
23,0.23232323232323235,0.12452115775894175
24,0.24242424242424243,0.15990995734616228
25,0.25252525252525254,0.20631545086732994
26,0.26262626262626265,0.26577005972136225
27,0.27272727272727276,0.33899268548448824
28,0.2828282828282829,0.42486447153692447
29,0.29292929292929293,0.5205518724757101
30,0.30303030303030304,0.6222944354189294
31,0.31313131313131315,0.7264050136547304
32,0.32323232323232326,0.8299453881244498
33,0.33333333333333337,0.930889053987617
34,0.3434343434343435,1.027922664416903
35,0.3535353535353536,1.1201252533635775
36,0.36363636363636365,1.2067661921815886
37,0.37373737373737376,1.287431711456501
38,0.38383838383838387,1.3624178056297844
39,0.393939393939394,1.4329184276436213
40,0.4040404040404041,1.5005544329405212
41,0.4141414141414142,1.5664215473109635
42,0.42424242424242425,1.630382898965197
43,0.43434343434343436,1.6910830543769375
44,0.4444444444444445,1.7464844429512225
45,0.4545454545454546,1.7945354937660267
46,0.4646464646464647,1.8338977220016404
47,0.4747474747474748,1.8646746377094385
48,0.48484848484848486,1.8886497488246885
49,0.494949494949495,1.9085210995628505
50,0.5050505050505051,1.9264092524949075
51,0.5151515151515152,1.9426219249431032
52,0.5252525252525253,1.9554052123192467
53,0.5353535353535354,1.9616409760505806
54,0.5454545454545455,1.9581236776353124
55,0.5555555555555556,1.9431395325220995
56,0.5656565656565657,1.917847644774361
57,0.5757575757575758,1.8865018624691892
58,0.5858585858585859,1.8548259872686472
59,0.595959595959596,1.8271718288536039
60,0.6060606060606061,1.804319113370823
61,0.6161616161616162,1.7835414363561117
62,0.6262626262626263,1.7608374122787744
63,0.6363636363636365,1.7335099768282867
64,0.6464646464646465,1.7011821327763859
65,0.6565656565656566,1.6649329161458117
66,0.6666666666666667,1.6258949304957757
67,0.6767676767676768,1.5847634391449992
68,0.686868686868687,1.5423389188864862
69,0.696969696969697,1.5000355094908941
70,0.7070707070707072,1.4594849992159085
71,0.7171717171717172,1.4215978552613717
72,0.7272727272727273,1.3862288367157838
73,0.7373737373737375,1.3529781152657692
74,0.7474747474747475,1.3223159908642654
75,0.7575757575757577,1.2957126160576002
76,0.7676767676767677,1.2743900599370652
77,0.7777777777777778,1.25766901143138
78,0.787878787878788,1.2422971711094124
79,0.797979797979798,1.2233949531663395
80,0.8080808080808082,1.196561035503024
81,0.8181818181818182,1.1600460973560724
82,0.8282828282828284,1.115916978118241
83,0.8383838383838385,1.069598533413102
84,0.8484848484848485,1.0278884834740423
85,0.8585858585858587,0.9963008663661369
86,0.8686868686868687,0.977044479652037
87,0.8787878787878789,0.9686549719881496
88,0.888888888888889,0.9672990078199569
89,0.8989898989898991,0.9687625931574918
90,0.9090909090909092,0.9698852507620592
91,0.9191919191919192,0.968756455530885
92,0.9292929292929294,0.9637778465284857
93,0.9393939393939394,0.9522212989038092
94,0.9494949494949496,0.9291178586786983
95,0.9595959595959597,0.8873331891343469
96,0.9696969696969697,0.8194795353393316
97,0.9797979797979799,0.7215601251492212
98,0.98989898989899,0.5968332813108237
99,1.0,0.457229452361203
