,x,y,pNG
0,0.0,1.219810033947233e-195,
1,0.6030150753768844,1.254684482939977e-187,
2,1.2060301507537687,8.678910599393036e-180,
3,1.809045226130653,4.0372421051519915e-172,
4,2.4120603015075375,1.2629725257059055e-164,
5,3.015075376884422,2.6570107605947272e-157,
6,3.618090452261306,3.75910065443244e-150,
7,4.221105527638191,3.5765718178465396e-143,
8,4.824120603015075,2.2884617342235904e-136,
9,5.427135678391959,9.84726678784894e-130,0.0
10,6.030150753768844,2.8496076718430038e-123,0.0
11,6.633165829145728,5.5456714567330074e-117,0.0
12,7.236180904522612,7.258147227456862e-111,0.0
13,7.839195979899497,6.388566868458628e-105,0.0
14,8.442211055276381,3.781737060943513e-99,0.0
15,9.045226130653266,1.505547512299143e-93,0.0
16,9.64824120603015,4.0310568743174495e-88,0.0
17,10.251256281407034,7.258920306022909e-83,0.002585978907965081
18,10.854271356783919,8.791492100287752e-78,0.013500177316229768
19,11.457286432160803,7.161454337895349e-73,0.0339219475192768
20,12.060301507537687,3.923744463744088e-68,0.08226461533642426
21,12.663316582914572,1.446027071501787e-63,0.18418044839459854
22,13.266331658291456,3.584650501777033e-59,0.3192006451881578
23,13.86934673366834,5.977699495150345e-55,0.3684109576405018
24,14.472361809045225,6.706019371163824e-51,0.3605660589044857
25,15.07537688442211,5.061402315769441e-47,0.3520987329421602
26,15.678391959798994,2.570338750895832e-43,0.3438358482797802
27,16.281407035175878,8.783524817662922e-40,0.3358285822525192
28,16.884422110552762,2.020042515968714e-36,0.3281231460832621
29,17.487437185929647,3.127014535724837e-33,0.3208209068187877
30,18.09045226130653,3.258768652392135e-30,0.3143186594439993
31,18.693467336683415,2.2867673919844176e-27,0.30892682649333697
32,19.2964824120603,1.0807925351646084e-24,0.3050302149174896
33,19.899497487437184,3.4414465033676025e-22,0.3015362444012054
34,20.50251256281407,7.385293719186554e-20,0.2969878490934831
35,21.105527638190953,1.0685656154410113e-17,0.2896708418122551
36,21.708542713567837,1.0429367103823774e-15,0.2783271426515802
37,22.31155778894472,6.870830402475561e-14,0.2635294068171098
38,22.914572864321606,3.0578231141249876e-12,0.24702024562481886
39,23.51758793969849,9.203946858856923e-11,0.22992760889191746
40,24.120603015075375,1.877066050990859e-09,0.2132596679617066
41,24.72361809045226,2.6016966493890164e-08,0.19729327143164388
42,25.326633165829143,2.464424171502179e-07,0.1819333553905496
43,25.929648241206028,1.6121938184089596e-06,0.1670245988181004
44,26.532663316582912,7.430934215486223e-06,0.15267749466664882
45,27.135678391959797,2.502834729165657e-05,0.13884866635146975
46,27.73869346733668,6.539508074008048e-05,0.12579082469666036
47,28.341708542713565,0.0001438876789321284,0.1136895223277362
48,28.94472361809045,0.0002918018591985932,0.10268306038132002
49,29.547738693467334,0.0005858571965523649,0.09284806176755178
50,30.15075376884422,0.001177933450522047,0.0843358969516429
51,30.753768844221103,0.002259323707620106,0.07712171866661753
52,31.356783919597987,0.003967991885763313,0.07134755190352893
53,31.95979899497487,0.00641392886457002,0.06718080061879195
54,32.562814070351756,0.00981541095906065,0.06466491059792245
55,33.16582914572864,0.01443595429948584,0.06384844133919376
56,33.768844221105525,0.0203033902598447,0.06480094726227825
57,34.37185929648241,0.02708707748174382,0.06751261973709377
58,34.97487437185929,0.03419366894314008,0.07202041613581311
59,35.577889447236174,0.04093057808615424,0.07852724613247153
60,36.18090452261306,0.04680882981898833,0.0873614688297466
61,36.78391959798995,0.05171535291125288,0.09825118343759842
62,37.38693467336683,0.05566853740877958,0.111998208856793
63,37.98994974874371,0.05863242083204225,0.1285521381644471
64,38.5929648241206,0.06074301801861059,0.14870244801206545
65,39.19597989949749,0.06240232792701222,0.17234963992201147
66,39.79899497487437,0.06388998286998102,0.20072277591210508
67,40.40201005025125,0.0650893387427322,0.2326339262303724
68,41.00502512562814,0.06569930169646762,0.2676376011139616
69,41.608040201005025,0.06558269132691809,0.3047715148036787
70,42.211055276381906,0.06484606948959507,0.3435786099219493
71,42.81407035175879,0.06358968834358847,0.3853344221166149
72,43.417085427135675,0.06179800229505166,0.4268248674511882
73,44.02010050251256,0.05951844922828593,0.4698677793086414
74,44.62311557788944,0.05685264513250617,0.5154895314171577
75,45.226130653266324,0.05375688640119452,0.5575343020990238
76,45.82914572864321,0.05012241606855688,0.5990551468049039
77,46.4321608040201,0.04615400559908008,0.6373216969278366
78,47.03517587939698,0.04237032528798294,0.6751374039059331
79,47.63819095477386,0.03906426107216764,0.7121530786733851
80,48.24120603015075,0.03607768755948466,0.7459151192511393
81,48.84422110552764,0.03316162628506651,0.7774558144066097
82,49.44723618090452,0.030319895435833688,0.806520935173375
83,50.0502512562814,0.02776389960109662,0.8326942302538363
84,50.65326633165829,0.025608294339468096,0.8576555893841482
85,51.256281407035175,0.023688733608252095,0.8796588219362034
86,51.859296482412056,0.02165692745389069,0.8988453301127746
87,52.46231155778894,0.019300921120432676,0.9154264301414432
88,53.065326633165824,0.01682261655204354,0.9285890504258892
89,53.66834170854271,0.014676283039495246,0.9407791462948659
90,54.27135678391959,0.013097223815243229,0.9511279838786804
91,54.874371859296474,0.011884311057868756,0.960536157003672
92,55.47738693467336,0.010669871709852955,0.966558707380048
93,56.08040201005025,0.009284602413928053,0.9728791287385014
94,56.68341708542713,0.007830309518316257,0.977472188126228
95,57.28643216080401,0.006506314983415383,0.9818743700105974
96,57.8894472361809,0.005409290582399178,0.9849552157848732
97,58.49246231155779,0.004496542584700619,0.9876708106632632
98,59.09547738693467,0.0037248826381117597,0.9896342780618672
99,59.69849246231155,0.003148053684327953,0.991462220054917
100,60.30150753768844,0.002833388930423815,0.9929802293963674
101,60.904522613065325,0.002724887022136381,0.9940370486403466
102,61.507537688442206,0.0026568702920780523,0.9947934741266024
103,62.110552763819086,0.002496906031695617,0.9955967443114208
104,62.713567839195974,0.0022328252425493286,0.9963721774570484
105,63.31658291457286,0.001945003801613336,0.9969213245255326
106,63.91959798994974,0.0017134138258338787,0.9973122737599529
107,64.52261306532662,0.001554117606371401,0.9976626783842416
108,65.12562814070351,0.0014385015151054182,0.9980050667826634
109,65.7286432160804,0.0013398463871162215,0.9983363374735588
110,66.33165829145727,0.0012574118859187474,0.9985897121555004
111,66.93467336683416,0.0012097505473159366,0.9988126300677572
112,67.53768844221105,0.0011988551699976646,0.9989245979026278
113,68.14070351758794,0.0011865695284040954,0.9991566724801842
114,68.74371859296483,0.0011304343863562502,0.999277713695395
115,69.3467336683417,0.0010339275557899967,0.9993867034894122
116,69.94974874371859,0.0009372029247043398,0.9994516302587084
117,70.55276381909547,0.0008622226176604117,0.9995181835825536
118,71.15577889447235,0.000779795178426039,0.999542518911558
119,71.75879396984924,0.0006540190379939583,0.9996022874241656
120,72.36180904522612,0.0005129563618550624,0.9996066758244726
121,72.96482412060301,0.0004212249646197823,0.9996336787104304
122,73.5678391959799,0.00039670436551546756,0.9996447217671668
123,74.17085427135677,0.0004049786233240878,0.9996498167775171
124,74.77386934673366,0.0004122331664380287,0.9996538596004352
125,75.37688442211055,0.0004097928081596639,0.9996845597269745
126,75.97989949748742,0.00040097716861097816,0.9996929732001444
127,76.58291457286431,0.00038909678774280156,0.9996954881189823
128,77.1859296482412,0.00037375544384293043,0.9997556550970618
129,77.78894472361809,0.00034619657794276017,0.9999130981292907
130,78.39195979899498,0.0002998961445854658,0.9999180487738458
131,78.99497487437185,0.0002451586886080824,0.9999219837765814
132,79.59798994974874,0.00020363443886413444,0.9999402271325668
133,80.20100502512562,0.00018943239179716083,0.99994741776928
134,80.8040201005025,0.00019256563572909405,0.9999512070627551
135,81.40703517587939,0.00018775055368691154,0.9999619245442796
136,82.01005025125627,0.00016396412378247654,0.9999658301204141
137,82.61306532663316,0.000130185995797962,0.9999694853981256
138,83.21608040201005,9.631742967777125e-05,0.9999726886782132
139,83.81909547738692,6.557180199498053e-05,0.9999756790217249
140,84.42211055276381,3.921707106933596e-05,0.9999782778252146
141,85.0251256281407,1.9250245066551054e-05,0.9999828363536494
142,85.62814070351757,7.217071429331591e-06,0.9999850611555962
143,86.23115577889446,1.965827990395034e-06,0.999987106445656
144,86.83417085427135,4.898427892735654e-07,0.9999888573670892
145,87.43718592964824,8.216422197276243e-07,0.9999904221105668
146,88.04020100502512,3.32871013306134e-06,0.9999918489461
147,88.643216080402,9.603194388254851e-06,0.9999930459869476
148,89.24623115577889,1.8653667544555334e-05,0.9999940767140856
149,89.84924623115577,2.4367404507634832e-05,0.9999949986651075
150,90.45226130653265,2.14062375861715e-05,0.9999958278429184
151,91.05527638190954,1.2646117779445993e-05,0.9999965102603317
152,91.65829145728642,5.024118928924585e-06,0.9999971092090366
153,92.26130653266331,1.3422963468810584e-06,0.9999976109291896
154,92.8643216080402,2.4116968332372143e-07,0.9999980506482068
155,93.46733668341707,2.9139549008720667e-08,0.9999984070194944
156,94.07035175879396,2.3677112991444507e-09,0.9999986966522272
157,94.67336683417085,1.2937801254023733e-10,0.9999989401579188
158,95.27638190954772,4.754206177337241e-12,0.9999991376472176
159,95.87939698492461,1.1748471199110844e-13,0.9999993038652076
160,96.4824120603015,1.9524076878051615e-15,0.99999944299943
161,97.08542713567839,2.181953391882738e-17,0.9999995570450008
162,97.68844221105527,1.6398579811413007e-19,0.9999996476800244
163,98.29145728643215,8.288058621685674e-22,0.9999997214058484
164,98.89447236180904,2.8169893069086346e-24,0.9999997797164736
165,99.49748743718592,6.438777097624169e-27,0.9999998269564752
166,100.1005025125628,9.89708706409142e-30,0.9999998641329392
167,100.70351758793969,1.0230507987946657e-32,0.9999998936517678
168,101.30653266331657,7.111689957562108e-36,0.9999999170475808
169,101.90954773869346,3.3245604856645965e-39,0.9999999355245344
170,102.51256281407035,1.0451568483491211e-42,0.9999999502145228
171,103.11557788944722,2.2096043204190657e-46,0.9999999615823068
172,103.71859296482411,3.141473193213599e-50,0.9999999705524596
173,104.321608040201,3.003571770048004e-54,0.999999977408596
174,104.92462311557787,1.931205445920429e-58,0.9999999828515836
175,105.52763819095476,8.350351344747435e-63,0.9999999869956138
176,106.13065326633165,2.4281014510346525e-67,0.9999999903002158
177,106.73366834170854,4.748043792528809e-72,0.9999999926281664
178,107.33668341708542,6.2437917749136224e-77,0.9999999944901076
179,107.9396984924623,5.521637794116644e-82,0.9999999958829449
180,108.54271356783919,3.283773742209833e-87,0.999999996908535
181,109.14572864321607,1.3133012118194162e-92,0.9999999976648252
182,109.74874371859295,3.53216735283519e-98,0.9999999982937936
183,110.35175879396984,6.388575139908091e-104,0.999999998745475
184,110.95477386934672,7.770564150492799e-110,0.9999999991010828
185,111.55778894472361,6.356044089275634e-116,0.9999999993469078
186,112.1608040201005,3.496286875503984e-122,0.9999999995178009
187,112.76381909547737,1.2933409447039716e-128,0.9999999996524364
188,113.36683417085426,3.217398103300951e-135,0.9999999997522412
189,113.96984924623115,5.382479496369708e-142,0.9999999998203628
190,114.57286432160802,6.055440968100947e-149,0.9999999998694008
191,115.17587939698491,4.5813658400434543e-156,0.9999999999072636
192,115.7788944723618,2.330934016318747e-163,0.9999999999335344
193,116.38190954773869,7.975369152154719e-171,0.9999999999531044
194,116.98492462311557,1.8350902024858353e-178,0.9999999999664094
195,117.58793969849245,2.839552134736334e-186,0.99999999997658
196,118.19095477386934,2.9547999639695013e-194,0.9999999999837672
197,118.79396984924622,2.0677219174804192e-202,0.999999999988682
198,119.3969849246231,9.730652992129526e-211,0.99999999999207
199,120.0,3.07948184001618e-219,0.9999999999944272
