,x,y,pNG
0,0.0,0.9767695817490408,0.0
1,0.005025125628140704,0.9771757050312564,0.0
2,0.010050251256281407,0.9783995399548234,0.0
3,0.01507537688442211,0.9804561937437061,0.0
4,0.020100502512562814,0.9833667757430765,0.0
5,0.02512562814070352,0.9871530224814045,0.0
6,0.03015075376884422,0.9918310502989103,2.220446049250313e-16
7,0.035175879396984924,0.9974051478926188,1.1102230246251563e-15
8,0.04020100502512563,1.0038623862075224,7.549516567451064e-15
9,0.04522613065326633,1.0111685667211512,3.486100297322992e-14
10,0.05025125628140704,1.0192657442718374,1.383337888682945e-13
11,0.05527638190954774,1.0280713373367545,4.785061236134425e-13
12,0.06030150753768844,1.037478733624391,1.4841461393189093e-12
13,0.06532663316582915,1.047359316160428,4.199973702156966e-12
14,0.07035175879396985,1.0575659262511492,1.0992984300628448e-11
15,0.07537688442211056,1.0679378623913867,2.6898927529828146e-11
16,0.08040201005025126,1.0783075034409342,6.207279135139743e-11
17,0.08542713567839195,1.0885084865267218,1.3604450899151743e-10
18,0.09045226130653267,1.0983850669910427,2.8486080161371774e-10
19,0.09547738693467336,1.107801902923165,5.726588092613838e-10
20,0.10050251256281408,1.116653150895575,1.1098912899853983e-09
21,0.10552763819095477,1.1248695578042005,2.0812813694703887e-09
22,0.11055276381909548,1.1324222867527616,3.7877010417020066e-09
23,0.11557788944723618,1.1393225638397573,6.707588262599984e-09
24,0.12060301507537688,1.1456168405115366,1.1585287951199064e-08
25,0.12562814070351758,1.1513779214485027,1.955589989943718e-08
26,0.1306532663316583,1.1566932505404126,3.231887280019663e-08
27,0.135678391959799,1.1616521086290905,5.237580780192985e-08
28,0.1407035175879397,1.1663337225472168,8.335175805118665e-08
29,0.1457286432160804,1.1707981511499261,1.304238063104535e-07
30,0.15075376884422112,1.1750813216020248,2.0088598262635318e-07
31,0.15577889447236182,1.1791948387620628,3.048856501708386e-07
32,0.16080402010050251,1.1831303368289914,4.56373452140113e-07
33,0.1658291457286432,1.186867357188857,6.743168279310653e-07
34,0.1708542713567839,1.1903831695712745,9.84236007472994e-07
35,0.17587939698492464,1.1936627026658728,1.4201313316419828e-06
36,0.18090452261306533,1.196706843865683,2.0268817668700483e-06
37,0.18592964824120603,1.199537765521492,2.8632065637301807e-06
38,0.19095477386934673,1.2022005419892539,4.005295189735136e-06
39,0.19597989949748745,1.2047610113824578,5.551224879773997e-06
40,0.20100502512562815,1.207300476934707,7.626300381979868e-06
41,0.20603015075376885,1.2099083233090435,1.0389466603921704e-05
42,0.21105527638190955,1.2126738689935699,1.404096181234493e-05
43,0.21608040201005024,1.2156787612848312,1.8831396625285105e-05
44,0.22110552763819097,1.2189909694085213,2.5072462055297784e-05
45,0.22613065326633167,1.2226610113956689,3.314948808097462e-05
46,0.23115577889447236,1.226720557878447,4.3536092309781615e-05
47,0.23618090452261306,1.23118309709023,5.681117585598638e-05
48,0.24120603015075376,1.2360460139633076,7.367854016515629e-05
49,0.24623115577889448,1.2412932939651917,9.498941356755886e-05
50,0.25125628140703515,1.2468981248024917,0.00012176818921816324
51,0.2562814070351759,1.2528249022964815,0.0001552416859715855
52,0.2613065326633166,1.2590304753334747,0.00019687224973952144
53,0.2663316582914573,1.2654647916533237,0.00024839501389539714
54,0.271356783919598,1.2720713380747737,0.0003118596320621503
55,0.2763819095477387,1.2787878416125125,0.0003896767836720771
56,0.2814070351758794,1.285547595131934,0.00048466973030514277
57,0.2864321608040201,1.2922815281926971,0.0006001311670300603
58,0.2914572864321608,1.298920838200348,0.0007398855655190718
59,0.2964824120603015,1.3053997263333836,0.0009083571420223092
60,0.30150753768844224,1.3116576356340195,0.0011106435004868411
61,0.3065326633165829,1.3176404187667874,0.001352594895956072
62,0.31155778894472363,1.3233000723858541,0.0016408989323892784
63,0.3165829145728643,1.3285930127965782,0.0019831703484334273
64,0.32160804020100503,1.333477243268234,0.002388045350483425
65,0.32663316582914576,1.337909072498645,0.002865279720645764
66,0.3316582914572864,1.341840197462138,0.0034258496541164085
67,0.33668341708542715,1.3452159144489386,0.004082053962641163
68,0.3417085427135678,1.3479749771429892,0.004847615915588244
69,0.34673366834170855,1.3500512418288753,0.005737782576480721
70,0.35175879396984927,1.3513768266561046,0.0067694190313284395
71,0.35678391959798994,1.3518861741042802,0.007961094399166924
72,0.36180904522613067,1.351520233089278,0.009333155971870122
73,0.36683417085427134,1.3502300139798131,0.010907787261231872
74,0.37185929648241206,1.3479790026824026,0.012709045153906471
75,0.3768844221105528,1.3447442810726722,0.014762870813390228
76,0.38190954773869346,1.3405165872035312,0.017097068455051878
77,0.3869346733668342,1.3352998504355724,0.01974124569636193
78,0.3919597989949749,1.3291108690677762,0.02272670890008477
79,0.3969849246231156,1.3219797246972802,0.02608630684242097
80,0.4020100502512563,1.3139512699107279,0.029854216217591656
81,0.40703517587939697,1.3050876563335598,0.0340656630069478
82,0.4120603015075377,1.2954714900383508,0.03875657466706151
83,0.4170854271356784,1.2852089120365309,0.04396315949513308
84,0.4221105527638191,1.2744317756902555,0.049721411466245535
85,0.4271356783919598,1.2632981558008067,0.05606654133791822
86,0.4321608040201005,1.2519906502983156,0.06303233788205452
87,0.4371859296482412,1.2407122598485518,0.07065046668727748
88,0.44221105527638194,1.2296799712696422,0.07894971797521633
89,0.4472361809045226,1.2191164540308357,0.08795521912972826
90,0.45226130653266333,1.2092404611070873,0.09768763192004892
91,0.457286432160804,1.2002566001945612,0.1081623584180399
92,0.4623115577889447,1.1923451365413267,0.11938878302838417
93,0.46733668341708545,1.1856524499688625,0.13136958050521352
94,0.4723618090452261,1.1802827383076515,0.1441001209619175
95,0.47738693467336685,1.1762915578523814,0.1575680023811027
96,0.4824120603015075,1.1736818077257387,0.1717527387756841
97,0.48743718592964824,1.1724027602402713,0.18662562784702966
98,0.49246231155778897,1.1723526608800756,0.20214981580098268
99,0.49748743718592964,1.1733852242212424,0.21828056916742367
100,0.5025125628140703,1.1753200184896624,0.2349657544500421
101,0.507537688442211,1.1779562841987001,0.2521465167880159
102,0.5125628140703518,1.181089234501067,0.26975813921982283
103,0.5175879396984925,1.1845274275145647,0.2877310553166181
104,0.5226130653266332,1.1881094812103474,0.3059919805741333
105,0.5276381909547738,1.1917182986769204,0.32446512257864146
106,0.5326633165829145,1.1952911267577806,0.3430734269796969
107,0.5376884422110553,1.1988241767869745,0.3617398158786821
108,0.542713567839196,1.2023711380891076,0.38038837731832265
109,0.5477386934673367,1.2060356239164993,0.3989454688605991
110,0.5527638190954774,1.2099583000667442,0.4173407043239209
111,0.5577889447236181,1.2143000563204616,0.4355078000548676
112,0.5628140703517588,1.2192230073389838,0.4533852650272802
113,0.5678391959798995,1.224871299908351,0.4709169270004547
114,0.5728643216080402,1.2313536386135715,0.4880522944081132
115,0.577889447236181,1.2387291368911253,0.5047467601792219
116,0.5829145728643216,1.246997599747884,0.5209616590310353
117,0.5879396984924623,1.256094718137157,0.5366641937770232
118,0.592964824120603,1.2658919914956577,0.551827248834457
119,0.5979899497487438,1.2762005924605648,0.5664291104762944
120,0.6030150753768845,1.2867779422913135,0.5804531136023
121,0.6080402010050251,1.2973355558947637,0.5938872341031469
122,0.6130653266331658,1.307546787382253,0.6067236444786309
123,0.6180904522613065,1.31705345986715,0.6189582484633316
124,0.6231155778894473,1.3254709421527076,0.6305902082109183
125,0.628140703517588,1.3323919349440867,0.6416214752632088
126,0.6331658291457286,1.3373899094201742,0.6520563342206792
127,0.6381909547738693,1.3400236499218705,0.6619009658412491
128,0.6432160804020101,1.3398445588025412,0.6711630342953384
129,0.6482412060301508,1.3364082040084342,0.679851301540131
130,0.6532663316582915,1.329291019963943,0.6879752702635287
131,0.6582914572864321,1.3181121818809314,0.6955448555896078
132,0.6633165829145728,1.3025596070992707,0.7025700847191154
133,0.6683417085427136,1.2824179866630308,0.7090608228798867
134,0.6733668341708543,1.2575959197064015,0.7150265233553559
135,0.678391959798995,1.228148787043541,0.7204759989167833
136,0.6834170854271356,1.1942940683099357,0.7254172116764129
137,0.6884422110552764,1.1564164002379163,0.7298570781782585
138,0.6934673366834171,1.115060718997568,0.733801286425678
139,0.6984924623115578,1.0709131728332333,0.7372541214892109
140,0.7035175879396985,1.0247709267061842,0.7402182963274583
141,0.7085427135678392,0.9775032897817246,0.7426947844745945
142,0.7135678391959799,0.9300075877857741,0.7446826512918109
143,0.7185929648241206,0.8831637430567502,0.7461788805422188
144,0.7236180904522613,0.8377915607293095,0.7471781931305788
145,0.7286432160804021,0.7946142749660883,0.7476728549572064
146,0.7336683417085427,0.7542310766993012,0.7476524709825764
147,0.7386934673366834,0.7171002602294668,0.7471037628083135
148,0.7437185929648241,0.6835334435242315,0.7460103273827712
149,0.7487437185929648,0.653700181609357,0.7443523748819951
150,0.7537688442211056,0.6276413236929925,0.742106444463035
151,0.7587939698492463,0.6052887473186395,0.7392450975221717
152,0.7638190954773869,0.5864886856105697,0.7357365894316727
153,0.7688442211055276,0.5710257635322598,0.7315445226273437
154,0.7738693467336684,0.5586450672597691,0.7266274865750821
155,0.7788944723618091,0.5490700574414333,0.7209386938140533
156,0.7839195979899498,0.5420148531579582,0.7144256262813014
157,0.7889447236180904,0.5371902897994321,0.7070297128680165
158,0.7939698492462312,0.5343041010645145,0.6986860681208962
159,0.7989949748743719,0.5330564842814628,0.6893233337323723
160,0.8040201005025126,0.5331330593484953,0.6788636795458769
161,0.8090452261306533,0.5341977077848938,0.6672230397853499
162,0.8140703517587939,0.5358878853632055,0.6543116834735379
163,0.8190954773869347,0.537814689720173,0.6400352454858719
164,0.8241206030150754,0.5395692461514037,0.6242963755498581
165,0.8291457286432161,0.5407359351130195,0.6069971945137906
166,0.8341708542713568,0.5409117750604938,0.5880427759526633
167,0.8391959798994975,0.5397300914281997,0.5673458890044445
168,0.8442211055276382,0.5368856561901919,0.5448332332234866
169,0.8492462311557789,0.5321579532909224,0.5204533509071371
170,0.8542713567839196,0.5254292267930039,0.4941862941991742
171,0.8592964824120604,0.5166945202111675,0.4660549273956464
172,0.864321608040201,0.5060619345854716,0.43613743565287655
173,0.8693467336683417,0.4937426490609556,0.4045801792333803
174,0.8743718592964824,0.4800316367326554,0.3716094969763633
175,0.8793969849246231,0.46528123743594846,0.33754049391353225
176,0.8844221105527639,0.44987062325186244,0.3027803836903397
177,0.8894472361809045,0.43417459171450334,0.2678238018503152
178,0.8944723618090452,0.4185350192031955,0.23323789751017565
179,0.8994974874371859,0.4032377660949303,0.19963613235643365
180,0.9045226130653267,0.3884969772164402,0.16764157775709798
181,0.9095477386934674,0.3744477307260664,0.13784283067831282
182,0.914572864321608,0.3611470167306903,0.11074789201271662
183,0.9195979899497487,0.3485821999892011,0.0867427268022195
184,0.9246231155778895,0.33668551271121017,0.06606113519491362
185,0.9296482412060302,0.3253527525480169,0.04877081983731424
186,0.9346733668341709,0.31446420261374175,0.034777543246586114
187,0.9396984924623115,0.30390579626722325,0.023845896092320015
188,0.9447236180904522,0.2935886688664271,0.01563241741503818
189,0.949748743718593,0.28346543615271,0.009725299483936745
190,0.9547738693467337,0.2735418015354491,0.005684835019158285
191,0.9597989949748744,0.26388242967205017,0.0030798082938461317
192,0.964824120603015,0.2546104473048378,0.0015166329420850386
193,0.9698492462311558,0.24590045269185007,0.0006596546314946439
194,0.9748743718592965,0.2379655177934522,0.0002423165238953917
195,0.9798994974874372,0.2310393067454069,6.972449989328666e-05
196,0.9849246231155779,0.22535503374753862,1.3643579832356426e-05
197,0.9899497487437187,0.22112344847531729,1.321543143473214e-06
198,0.9949748743718593,0.2185122742863905,2.299478685241496e-08
199,1.0,0.2176294657258826,0.0
