,x,y,pNG
0,0.0,0.6906848186284809,0.12533111851005752
1,0.005025125628140704,0.6903140100682958,0.12515540962561222
2,0.010050251256281407,0.6892182940087971,0.1249781500566417
3,0.01507537688442211,0.6874469204951009,0.12479932818649064
4,0.020100502512562814,0.6850790824435755,0.12461893296737915
5,0.02512562814070352,0.6822197183889658,0.12443695397445895
6,0.03015075376884422,0.6789939201166225,0.12425338145851585
7,0.035175879396984924,0.6755402396324904,0.12406820639699535
8,0.04020100502512563,0.6720032776485506,0.12388142054303285
9,0.04522613065326633,0.6685260102303588,0.12369301647220945
10,0.05025125628140704,0.6652423581179935,0.12350298762673405
11,0.05527638190954774,0.6622705123250137,0.12331132835682103
12,0.06030150753768844,0.6597074923387112,0.1231180339589969
13,0.06532663316582915,0.6576253288729037,0.12292310071116595
14,0.07035175879396985,0.6560691384232097,0.12272652590422704
15,0.07537688442211056,0.6550572048060797,0.12252830787009028
16,0.08040201005025126,0.6545830199007054,0.12232844600604753
17,0.08542713567839195,0.6546190787072604,0.12212694079534304
18,0.09045226130653267,0.6551220868051545,0.1219237938239991
19,0.09547738693467336,0.6560391314162306,0.12171900779393485
20,0.10050251256281408,0.657314296337859,0.12151258653245768
21,0.10552763819095477,0.6588951685748303,0.12130453499835248
22,0.11055276381909548,0.6607386914746711,0.1210948592848652
23,0.11557788944723618,0.6628158660142791,0.12088356661995835
24,0.12060301507537688,0.6651148887693574,0.12067066536440985
25,0.12562814070351758,0.6676424408260566,0.12045616500843292
26,0.1306532663316583,0.67042300192163,0.1202400761677177
27,0.135678391959799,0.673496248504395,0.12002241057999675
28,0.1407035175879397,0.6769127868277132,0.11980318110348898
29,0.1457286432160804,0.6807286506330783,0.1195824017189202
30,0.15075376884422112,0.6849991327028198,0.11936008753706615
31,0.15577889447236182,0.6897725977772862,0.1191362548142778
32,0.16080402010050251,0.6950849254883271,0.1189109209787792
33,0.1658291457286432,0.7009551522442973,0.11868410467114188
34,0.1708542713567839,0.7073827305413585,0.11845582580279435
35,0.17587939698492464,0.7143466260649979,0.1182261056371522
36,0.18090452261306533,0.7218062589910313,0.1179949668986211
37,0.18592964824120603,0.7297040999734106,0.11776243391542572
38,0.19095477386934673,0.7379695819688912,0.11752853280320265
39,0.19597989949748745,0.7465239033349883,0.11729329169701475
40,0.20100502512562815,0.7552852778122053,0.11705674104058085
41,0.20603015075376885,0.7641742211626644,0.11681891394243205
42,0.21105527638190955,0.7731185306624139,0.11657984660985075
43,0.21608040201005024,0.7820576876510121,0.1163395788725864
44,0.22110552763819097,0.7909464746796855,0.11609815480945407
45,0.22613065326633167,0.7997576374240712,0.1158556234922622
46,0.23115577889447236,0.808483440033839,0.1156120398625594
47,0.23618090452261306,0.8171359745922723,0.1153674657580489
48,0.24120603015075376,0.8257461102918773,0.1151219711066208
49,0.24623115577889448,0.8343610238643924,0.11487563530711398
50,0.25125628140703515,0.8430403494250551,0.11462854881696805
51,0.2562814070351759,0.851851119848258,0.11438081496789175
52,0.2613065326633166,0.860861825834923,0.11413255203147656
53,0.2663316582914573,0.8701360651300294,0.11388389555729815
54,0.271356783919598,0.8797263610939788,0.11363500100649936
55,0.2763819095477387,0.8896687693244552,0.11338604670395536
56,0.2814070351758794,0.8999788469858665,0.1131372371320074
57,0.2864321608040201,0.9106494316426722,0.11288880658817445
58,0.2914572864321608,0.9216504810316151,0.11264102322838533
59,0.2964824120603015,0.9329309918827718,0.11239419351578904
60,0.30150753768844224,0.9444227809373358,0.11214866709333073
61,0.3065326633165829,0.9560457101228217,0.11190484209570706
62,0.31155778894472363,0.9677137978964758,0.11166317091314236
63,0.3165829145728643,0.9793415948534975,0.11142416641552877
64,0.32160804020100503,0.9908502144551381,0.11118840864076962
65,0.32663316582914576,1.002172487374926,0.11095655194568088
66,0.3316582914572864,1.013256830455315,0.1107293326113018
67,0.33668341708542715,1.024069565664459,0.11050757688713576
68,0.3417085427135678,1.0345955699641347,0.11029220945039253
69,0.34673366834170855,1.044837268734011,0.11008426224684564
70,0.35175879396984927,1.0548120959488942,0.10988488366936576
71,0.35678391959798994,1.0645486333289178,0.10969534801851323
72,0.36180904522613067,1.0740817126987305,0.10951706517674598
73,0.36683417085427134,1.0834468270207835,0.10935159041393172
74,0.37185929648241206,1.0926742506373102,0.10920063422684534
75,0.3768844221105528,1.1017833185658146,0.10906607209932496
76,0.38190954773869346,1.110777353052155,0.10894995405287576
77,0.3869346733668342,1.1196397424605595,0.1088545138397854
78,0.3919597989949749,1.1283316589968266,0.10878217761253528
79,0.3969849246231156,1.1367918335864833,0.10873557188463034
80,0.4020100502512563,1.144938678263246,0.10871753057917456
81,0.40703517587939697,1.1526748564755622,0.10873110094304883
82,0.4120603015075377,1.1598941587507792,0.10877954808671796
83,0.4170854271356784,1.166490266562415,0.10886635789297183
84,0.4221105527638191,1.1723667136592528,0.10899523802302813
85,0.4271356783919598,1.1774471215341487,0.10917011673571808
86,0.4321608040201005,1.1816846353382258,0.10939513922597832
87,0.4371859296482412,1.1850694533234625,0.1096746611831072
88,0.44221105527638194,1.1876334481304465,0.1100132392681622
89,0.4472361809045226,1.1894511239024526,0.11041561821425283
90,0.45226130653266333,1.1906365192902588,0.11088671426440078
91,0.457286432160804,1.1913361121550312,0.11143159467965902
92,0.4623115577889447,1.1917182508705841,0.11205545307647324
93,0.46733668341708545,1.191960066109404,0.1127635803874426
94,0.4723618090452261,1.1922331453465806,0.11356133128421694
95,0.47738693467336685,1.1926894323701487,0.11445408595608042
96,0.4824120603015075,1.1934488188639674,0.11544720720254242
97,0.48743718592964824,1.1945897226089401,0.11654599287345345
98,0.49246231155778897,1.1961436199260769,0.117755623774926
99,0.49748743718592964,1.1980940622990788,0.11908110725319955
100,0.5025125628140703,1.2003802156799221,0.12052721677006205
101,0.507537688442211,1.2029044771980884,0.12209842789098245
102,0.5125628140703518,1.205543304747392,0.12379885121833545
103,0.5175879396984925,1.2081600853048358,0.12563216291441948
104,0.5226130653266332,1.2106186964762695,0.12760153356923798
105,0.5276381909547738,1.212796393117197,0.12970955627252634
106,0.5326633165829145,1.2145947701620479,0.13195817484470873
107,0.5376884422110553,1.215947792859031,0.13434861326305114
108,0.542713567839196,1.2168262148890223,0.1368813073834806
109,0.5477386934673367,1.2172380856429257,0.13955584010144073
110,0.5527638190954774,1.2172254404866516,0.1423708811131864
111,0.5577889447236181,1.2168576340199255,0.1453241324295086
112,0.5628140703517588,1.2162220827974708,0.14841228075456006
113,0.5678391959798995,1.2154134048480865,0.15163095777250968
114,0.5728643216080402,1.2145220621896373,0.1549747092838224
115,0.577889447236181,1.2136236235916638,0.15843697400270595
116,0.5829145728643216,1.2127696729188033,0.16201007266985767
117,0.5879396984924623,1.2119812077472545,0.16568520795418973
118,0.592964824120603,1.2112451249115077,0.1694524754185429
119,0.5979899497487438,1.2105140995461718,0.17330088561364154
120,0.6030150753768845,1.209709858224269,0.17721839714846155
121,0.6080402010050251,1.2087295493964703,0.1811919603710369
122,0.6130653266331658,1.207454646647723,0.18520757108933072
123,0.6180904522613065,1.2057615997643134,0.1892503335740391
124,0.6231155778894473,1.203533289500357,0.19330453192140215
125,0.628140703517588,1.2006702560156728,0.19735370872003188
126,0.6331658291457286,1.1971006677397475,0.20138074986659396
127,0.6381909547738693,1.1927880833518831,0.20536797431433074
128,0.6432160804020101,1.1877362361037986,0.2092972275184716
129,0.6482412060301508,1.1819903306061592,0.21314997736388666
130,0.6532663316582915,1.175634671009848,0.21690741142250247
131,0.6582914572864321,1.1687868083360504,0.22055053448866524
132,0.6633165829145728,1.1615887651884627,0.22406026547646585
133,0.6683417085427136,1.1541962231555978,0.22741753292995426
134,0.6733668341708543,1.1467667963955808,0.2306033685893444
135,0.678391959798995,1.1394486261091492,0.233598998668879
136,0.6834170854271356,1.132370491946598,0.23638593272802666
137,0.6884422110552764,1.1256344460464274,0.23894605025154825
138,0.6934673366834171,1.1193116550698738,0.2412616852891576
139,0.6984924623115578,1.1134417285047107,0.2433157097357681
140,0.7035175879396985,1.108035376021139,0.24509161605291385
141,0.7085427135678392,1.103079836498208,0.2465736004344138
142,0.7135678391959799,1.098546214347852,0.24774664759887066
143,0.7185929648241206,1.0943976865167844,0.2485966185414891
144,0.7236180904522613,1.0905975239977999,0.24911034269116986
145,0.7286432160804021,1.0871159965099875,0.2492757159882157
146,0.7336683417085427,1.0839354661979086,0.2490818064137271
147,0.7386934673366834,1.0810532773177228,0.24851896845498844
148,0.7437185929648241,1.0784823593588042,0.2475789678683956
149,0.7487437185929648,1.076249731233834,0.24625511789090335
150,0.7537688442211056,1.0743932886367242,0.2445424277363064
151,0.7587939698492463,1.0729573598701785,0.24243776377850726
152,0.7638190954773869,1.0719875325920252,0.2399400232529377
153,0.7688442211055276,1.0715252071360097,0.2370503195834825
154,0.7738693467336684,1.0716022529629758,0.2337721775514936
155,0.7788944723618091,1.0722360655325096,0.2301117354564768
156,0.7839195979899498,1.0734252657262984,0.22607795017285534
157,0.7889447236180904,1.0751462635378246,0.22168279959380788
158,0.7939698492462312,1.0773509171710471,0.21694147539682795
159,0.7989949748743719,1.0799655397927461,0.2118725574130479
160,0.8040201005025126,1.08289151317261,0.2064981592052149
161,0.8090452261306533,1.0860077344882297,0.2008440328596801
162,0.8140703517587939,1.0891750313342647,0.194939619610122
163,0.8190954773869347,1.0922425253527097,0.1888180319019902
164,0.8241206030150754,1.0950557176135338,0.1825159520720826
165,0.8291457286432161,1.097465834369551,0.17607343317081306
166,0.8341708542713568,1.099339745805003,0.1695335888117271
167,0.8391959798994975,1.100569592097387,0.16294216148824936
168,0.8442211055276382,1.1010811556100715,0.15634696269461812
169,0.8492462311557789,1.1008400295331953,0.1497971834834172
170,0.8542713567839196,1.0998547605272957,0.1433425807208546
171,0.8592964824120604,1.098176377644472,0.13703255204532394
172,0.864321608040201,1.095894038468738,0.13091512100491332
173,0.8693467336683417,1.0931268916000334,0.12503586248435938
174,0.8743718592964824,1.0900126329566084,0.11943680662398724
175,0.8793969849246231,1.0866935837527314,0.11415536618348955
176,0.8844221105527639,1.083301408432256,0.10922333690199904
177,0.8894472361809045,1.0799417981484836,0.10466602213240496
178,0.8944723618090452,1.0766805553827166,0.10050153135718733
179,0.8994974874371859,1.0735325206664623,0.09674029688777784
180,0.9045226130653267,1.0704546795081336,0.09338484422211757
181,0.9095477386934674,1.0673445738558722,0.09042983966160399
182,0.914572864321608,1.064044815171992,0.08786242466728755
183,0.9195979899497487,1.0603540549822832,0.08566283109420503
184,0.9246231155778895,1.0560442202389067,0.0838052560069793
185,0.9296482412060302,1.0508831856440461,0.08225896032641611
186,0.9346733668341709,1.0446613745547653,0.08098954298003336
187,0.9396984924623115,1.0372201199933302,0.07996033214943754
188,0.9447236180904522,1.0284790660194723,0.07913382793555679
189,0.949748743718593,1.0184595492756856,0.07847312634076997
190,0.9547738693467337,1.0073008702426365,0.07794325277116987
191,0.9597989949748744,0.9952667190193553,0.07751233416656977
192,0.964824120603015,0.9827397904276528,0.0771525424385342
193,0.9698492462311558,0.9702037730931642,0.07684074860983857
194,0.9748743718592965,0.9582133202458616,0.07655883797161889
195,0.9798994974874372,0.947354134089984,0.07629365352868599
196,0.9849246231155779,0.9381967043518795,0.07603656066154085
197,0.9899497487437187,0.9312483088053404,0.07578266386546995
198,0.9949748743718593,0.9269084143633542,0.07552976114480614
199,1.0,0.9254324880282675,0.07527719885202377
