,x,y,pNG
0,0.0,0.4102281302045605,0.0
1,0.005025125628140704,0.4101239375523369,0.0
2,0.010050251256281407,0.40982363220624307,0.0
3,0.01507537688442211,0.40936239012074754,0.0
4,0.020100502512562814,0.4087936119608585,0.0
5,0.02512562814070352,0.4081819081298926,0.0
6,0.03015075376884422,0.40759478677317434,2.220446049250313e-16
7,0.035175879396984924,0.4070942547807422,1.1102230246251563e-15
8,0.04020100502512563,0.4067295201850063,7.549516567451064e-15
9,0.04522613065326633,0.4065317795033657,3.486100297322992e-14
10,0.05025125628140704,0.40651172551037623,1.383337888682945e-13
11,0.05527638190954774,0.406659982577417,4.785061236134425e-13
12,0.06030150753768844,0.40695024204367447,1.4841461393189093e-12
13,0.06532663316582915,0.4073445004376258,4.199973702156966e-12
14,0.07035175879396985,0.40779955477784796,1.0992984300628448e-11
15,0.07537688442211056,0.4082738128502734,2.6898927529828146e-11
16,0.08040201005025126,0.4087335341805747,6.207279135139743e-11
17,0.08542713567839195,0.40915780328145596,1.3604450899151743e-10
18,0.09045226130653267,0.4095418032946305,2.8486080161371774e-10
19,0.09547738693467336,0.4098982475319762,5.726588092613838e-10
20,0.10050251256281408,0.4102570828316768,1.1098912899853983e-09
21,0.10552763819095477,0.4106637597854347,2.0812813694703887e-09
22,0.11055276381909548,0.41117644999824604,3.7877010417020066e-09
23,0.11557788944723618,0.4118625831771901,6.707588262599984e-09
24,0.12060301507537688,0.41279500196406427,1.1585287951199064e-08
25,0.12562814070351758,0.4140479285438658,1.955589989943718e-08
26,0.1306532663316583,0.41569284553778757,3.231887280019663e-08
27,0.135678391959799,0.4177943477867384,5.237580780192985e-08
28,0.1407035175879397,0.42040603798676196,8.335175805118665e-08
29,0.1457286432160804,0.4235666136591712,1.304238063104535e-07
30,0.15075376884422112,0.42729640199561003,2.0088598262635318e-07
31,0.15577889447236182,0.4315947056445408,3.048856501708386e-07
32,0.16080402010050251,0.4364383854782961,4.56373452140113e-07
33,0.1658291457286432,0.4417820914324134,6.743168279310653e-07
34,0.1708542713567839,0.4475604411981179,9.84236007472994e-07
35,0.17587939698492464,0.4536922421427338,1.4201313316419828e-06
36,0.18090452261306533,0.460086580254175,2.0268817668700483e-06
37,0.18592964824120603,0.46665030552707215,2.8632065637301807e-06
38,0.19095477386934673,0.4732961803204414,4.005295189735136e-06
39,0.19597989949748745,0.47995077896594157,5.551224879773997e-06
40,0.20100502512562815,0.4865611740867782,7.626300381979868e-06
41,0.20603015075376885,0.4930995372632301,1.0389466603921704e-05
42,0.21105527638190955,0.4995650125963913,1.404096181234493e-05
43,0.21608040201005024,0.5059825600157258,1.8831396625285105e-05
44,0.22110552763819097,0.5123988601735597,2.5072462055297784e-05
45,0.22613065326633167,0.5188757639788324,3.314948808097462e-05
46,0.23115577889447236,0.5254820979706273,4.3536092309781615e-05
47,0.23618090452261306,0.5322848539476757,5.681117585598638e-05
48,0.24120603015075376,0.5393408684090537,7.367854016515629e-05
49,0.24623115577889448,0.5466900273262737,9.498941356755886e-05
50,0.25125628140703515,0.5543508287005307,0.00012176818921816324
51,0.2562814070351759,0.562318830526206,0.0001552416859715855
52,0.2613065326633166,0.5705681474996475,0.00019687224973952144
53,0.2663316582914573,0.5790557828884757,0.00024839501389539714
54,0.271356783919598,0.5877282378014853,0.0003118596320621503
55,0.2763819095477387,0.5965295679975277,0.0003896767836720771
56,0.2814070351758794,0.6054098882955837,0.00048466973030514277
57,0.2864321608040201,0.6143332749487146,0.0006001311670300603
58,0.2914572864321608,0.6232840923216623,0.0007398855655190718
59,0.2964824120603015,0.6322709633355217,0.0009083571420223092
60,0.30150753768844224,0.6413278911484623,0.0011106435004868411
61,0.3065326633165829,0.6505123878411065,0.001352594895956072
62,0.31155778894472363,0.6599008307243182,0.0016408989323892784
63,0.3165829145728643,0.669581600464995,0.0019831703484334273
64,0.32160804020100503,0.6796468122548728,0.002388045350483425
65,0.32663316582914576,0.6901835961975855,0.002865279720645764
66,0.3316582914572864,0.7012658965458003,0.0034258496541164085
67,0.33668341708542715,0.7129476421259372,0.004082053962641163
68,0.3417085427135678,0.7252579136787046,0.004847615915588244
69,0.34673366834170855,0.7381984366593249,0.005737782576480721
70,0.35175879396984927,0.7517434095063374,0.0067694190313284395
71,0.35678391959798994,0.7658413883325146,0.007961094399166924
72,0.36180904522613067,0.7804187328099967,0.009333155971870122
73,0.36683417085427134,0.7953840033698971,0.010907787261231872
74,0.37185929648241206,0.8106326964957073,0.012709045153906471
75,0.3768844221105528,0.8260518033671603,0.014762870813390228
76,0.38190954773869346,0.8415238516434428,0.017097068455051878
77,0.3869346733668342,0.8569303040990743,0.01974124569636193
78,0.3919597989949749,0.8721543999904383,0.02272670890008477
79,0.3969849246231156,0.8870836960677217,0.02608630684242097
80,0.4020100502512563,0.9016126618497151,0.029854216217591656
81,0.40703517587939697,0.9156456873284684,0.0340656630069478
82,0.4120603015075377,0.9291007642985158,0.03875657466706151
83,0.4170854271356784,0.9419139149764332,0.04396315949513308
84,0.4221105527638191,0.9540441901691502,0.049721411466245535
85,0.4271356783919598,0.9654787855995862,0.05606654133791822
86,0.4321608040201005,0.9762375811440263,0.06303233788205452
87,0.4371859296482412,0.9863762484921931,0.07065046668727748
88,0.44221105527638194,0.9959870456237055,0.07894971797521633
89,0.4472361809045226,1.0051965508637903,0.08795521912972826
90,0.45226130653266333,1.0141598872468085,0.09768763192004892
91,0.457286432160804,1.0230514197119966,0.1081623584180399
92,0.4623115577889447,1.0320524135464495,0.11938878302838417
93,0.46733668341708545,1.0413366417105916,0.13136958050521352
94,0.4723618090452261,1.0510553340561515,0.1441001209619175
95,0.47738693467336685,1.0613230965697626,0.1575680023811027
96,0.4824120603015075,1.0722064437376682,0.1717527387756841
97,0.48743718592964824,1.0837163689796863,0.18662562784702966
98,0.49246231155778897,1.0958059535653444,0.20214981580098268
99,0.49748743718592964,1.108373444391513,0.21828056916742367
100,0.5025125628140703,1.1212705984312796,0.2349657544500421
101,0.507537688442211,1.1343154860514082,0.2521465167880159
102,0.5125628140703518,1.1473084474560384,0.26975813921982283
103,0.5175879396984925,1.1600495662584198,0.2877310553166181
104,0.5226130653266332,1.1723558942579702,0.3059919805741333
105,0.5276381909547738,1.1840767360733817,0.32446512257864146
106,0.5326633165829145,1.1951055604284126,0.3430734269796969
107,0.5376884422110553,1.2053875066935098,0.3617398158786821
108,0.542713567839196,1.2149219488237273,0.38038837731832265
109,0.5477386934673367,1.223760106696885,0.3989454688605991
110,0.5527638190954774,1.231998199702397,0.4173407043239209
111,0.5577889447236181,1.2397670666338358,0.4355078000548676
112,0.5628140703517588,1.2472194857705805,0.4533852650272802
113,0.5678391959798995,1.2545165886935088,0.4709169270004547
114,0.5728643216080402,1.261814756703126,0.4880522944081132
115,0.577889447236181,1.2692542249272225,0.5047467601792219
116,0.5829145728643216,1.2769503217320883,0.5209616590310353
117,0.5879396984924623,1.2849878833600898,0.5366641937770232
118,0.592964824120603,1.293418961883361,0.551827248834457
119,0.5979899497487438,1.302263548891616,0.5664291104762944
120,0.6030150753768845,1.3115127223993461,0.5804531136023
121,0.6080402010050251,1.3211334296218296,0.5938872341031469
122,0.6130653266331658,1.3310740608198641,0.6067236444786309
123,0.6180904522613065,1.341270042103613,0.6189582484633316
124,0.6231155778894473,1.3516488487638891,0.6305902082109183
125,0.628140703517588,1.3621340714695436,0.6416214752632088
126,0.6331658291457286,1.3726484068417422,0.6520563342206792
127,0.6381909547738693,1.3831156482828266,0.6619009658412491
128,0.6432160804020101,1.3934618928906124,0.6711630342953384
129,0.6482412060301508,1.4036162439799222,0.679851301540131
130,0.6532663316582915,1.4135112816245408,0.6879752702635287
131,0.6582914572864321,1.42308351409623,0.6955448555896078
132,0.6633165829145728,1.4322739357009224,0.7025700847191154
133,0.6683417085427136,1.4410287252358585,0.7090608228798867
134,0.6733668341708543,1.4493000422613016,0.7150265233553559
135,0.678391959798995,1.457046825627648,0.7204759989167833
136,0.6834170854271356,1.4642354727021536,0.7254172116764129
137,0.6884422110552764,1.4708402759803343,0.7298570781782585
138,0.6934673366834171,1.4768435118656127,0.733801286425678
139,0.6984924623115578,1.482235110441455,0.7372541214892109
140,0.7035175879396985,1.4870118823025662,0.7402182963274583
141,0.7085427135678392,1.4911763364430166,0.7426947844745945
142,0.7135678391959799,1.494735187713073,0.7446826512918109
143,0.7185929648241206,1.4976977161760299,0.7461788805422188
144,0.7236180904522613,1.5000741931158876,0.7471781931305788
145,0.7286432160804021,1.501874616872686,0.7476728549572064
146,0.7336683417085427,1.5031079947196249,0.7476524709825764
147,0.7386934673366834,1.5037823580880378,0.7471037628083135
148,0.7437185929648241,1.50390560881744,0.7460103273827712
149,0.7487437185929648,1.5034871738586582,0.7443523748819951
150,0.7537688442211056,1.5025403126855164,0.742106444463035
151,0.7587939698492463,1.5010847974915578,0.7392450975221717
152,0.7638190954773869,1.4991495926345624,0.7357365894316727
153,0.7688442211055276,1.4967751135546883,0.7315445226273437
154,0.7738693467336684,1.4940146554721399,0.7266274865750821
155,0.7788944723618091,1.4909346485148447,0.7209386938140533
156,0.7839195979899498,1.487613510394754,0.7144256262813014
157,0.7889447236180904,1.4841390163869106,0.7070297128680165
158,0.7939698492462312,1.4806042722002106,0.6986860681208962
159,0.7989949748743719,1.4771025408053715,0.6893233337323723
160,0.8040201005025126,1.473721322848101,0.6788636795458769
161,0.8090452261306533,1.4705362071074701,0.6672230397853499
162,0.8140703517587939,1.4676050797411326,0.6543116834735379
163,0.8190954773869347,1.4649632982932776,0.6400352454858719
164,0.8241206030150754,1.4626203912155948,0.6242963755498581
165,0.8291457286432161,1.460558732930772,0.6069971945137906
166,0.8341708542713568,1.458734471088458,0.5880427759526633
167,0.8391959798994975,1.4570807565553836,0.5673458890044445
168,0.8442211055276382,1.4555130652681023,0.5448332332234866
169,0.8492462311557789,1.4539361286291088,0.5204533509071371
170,0.8542713567839196,1.4522517350613868,0.4941862941991742
171,0.8592964824120604,1.4503664618241379,0.4660549273956464
172,0.864321608040201,1.4481982754011917,0.43613743565287655
173,0.8693467336683417,1.445680929999038,0.4045801792333803
174,0.8743718592964824,1.4427652203045807,0.3716094969763633
175,0.8793969849246231,1.4394164206055309,0.33754049391353225
176,0.8844221105527639,1.435607668012373,0.3027803836903397
177,0.8894472361809045,1.4313096048192193,0.2678238018503152
178,0.8944723618090452,1.4264772430319597,0.23323789751017565
179,0.8994974874371859,1.4210356859409214,0.19963613235643365
180,0.9045226130653267,1.4148669452850884,0.16764157775709798
181,0.9095477386934674,1.4078005170158872,0.13784283067831282
182,0.914572864321608,1.3996105068249112,0.11074789201271662
183,0.9195979899497487,1.3900218247780667,0.0867427268022195
184,0.9246231155778895,1.3787272303923017,0.06606113519491362
185,0.9296482412060302,1.365415801217632,0.04877081983731424
186,0.9346733668341709,1.3498117973396961,0.034777543246586114
187,0.9396984924623115,1.3317210699904234,0.023845896092320015
188,0.9447236180904522,1.3110803669296764,0.01563241741503818
189,0.949748743718593,1.2880034291934848,0.009725299483936745
190,0.9547738693467337,1.2628169722482847,0.005684835019158285
191,0.9597989949748744,1.2360797687527798,0.0030798082938461317
192,0.964824120603015,1.2085792552921613,0.0015166329420850386
193,0.9698492462311558,1.1813023587009293,0.0006596546314946439
194,0.9748743718592965,1.1553803681881032,0.0002423165238953917
195,0.9798994974874372,1.1320112660181811,6.972449989328666e-05
196,0.9849246231155779,1.1123664295123148,1.3643579832356426e-05
197,0.9899497487437187,1.0974914350231895,1.321543143473214e-06
198,0.9949748743718593,1.0882122934087908,2.299478685241496e-08
199,1.0,1.0850584609697798,0.0
