,x,y
0,0.0,5.7926451475167755e-08
1,0.010101010101010102,2.9551917607513e-07
2,0.020202020202020204,1.3241918292814511e-06
3,0.030303030303030304,5.219452922664251e-06
4,0.04040404040404041,1.8136718519279997e-05
5,0.05050505050505051,5.5735621457679704e-05
6,0.06060606060606061,0.0001521713195712084
7,0.07070707070707072,0.0003714995480595773
8,0.08080808080808081,0.0008181367187627393
9,0.09090909090909091,0.0016438549918652878
10,0.10101010101010102,0.0030544531891519336
11,0.11111111111111112,0.005324023935883048
12,0.12121212121212122,0.008818346004831277
13,0.13131313131313133,0.0140118723489786
14,0.14141414141414144,0.0214732919480712
15,0.15151515151515152,0.03180707781551481
16,0.16161616161616163,0.045559512303435155
17,0.17171717171717174,0.06310458872343135
18,0.18181818181818182,0.08452288835722954
19,0.19191919191919193,0.1094975574807273
20,0.20202020202020204,0.13727173318273633
21,0.21212121212121213,0.16671390015902196
22,0.22222222222222224,0.19651484437017017
23,0.23232323232323235,0.22550155485667842
24,0.24242424242424243,0.25299245847388974
25,0.25252525252525254,0.27904637983759106
26,0.26262626262626265,0.3044532116350864
27,0.27272727272727276,0.3304420300778789
28,0.2828282828282829,0.3582644235868628
29,0.29292929292929293,0.38887734868156615
30,0.30303030303030304,0.42283593430744465
31,0.31313131313131315,0.460326044612452
32,0.32323232323232326,0.5011832506872027
33,0.33333333333333337,0.544825897697686
34,0.3434343434343435,0.5902033664938509
35,0.3535353535353536,0.635961792912107
36,0.36363636363636365,0.6809198816781699
37,0.37373737373737376,0.7246684482519332
38,0.38383838383838387,0.7679033542055426
39,0.393939393939394,0.8122006152102746
40,0.4040404040404041,0.8592933042252183
41,0.4141414141414142,0.9102177350984303
42,0.42424242424242425,0.9647492343464706
43,0.43434343434343436,1.0213943865912694
44,0.4444444444444445,1.0779663326911972
45,0.4545454545454546,1.1324701770648977
46,0.4646464646464647,1.1837835452382937
47,0.4747474747474748,1.2317245707204043
48,0.48484848484848486,1.2766071993933465
49,0.494949494949495,1.318793790233424
50,0.5050505050505051,1.3585665298694727
51,0.5151515151515152,1.3961228754367414
52,0.5252525252525253,1.4314134690372138
53,0.5353535353535354,1.4640055371012497
54,0.5454545454545455,1.4933985578846418
55,0.5555555555555556,1.519723288526651
56,0.5656565656565657,1.5441174050456932
57,0.5757575757575758,1.5682017626382785
58,0.5858585858585859,1.5929054638227669
59,0.595959595959596,1.617478669017652
60,0.6060606060606061,1.6393750661647466
61,0.6161616161616162,1.6551478298527775
62,0.6262626262626263,1.6620458529528892
63,0.6363636363636365,1.6596360944534
64,0.6464646464646465,1.6505442912620296
65,0.6565656565656566,1.6396787219527567
66,0.6666666666666667,1.6321990280301601
67,0.6767676767676768,1.631370410396978
68,0.686868686868687,1.6375094968007453
69,0.696969696969697,1.6484459741232
70,0.7070707070707072,1.6609754281730982
71,0.7171717171717172,1.6723275522663357
72,0.7272727272727273,1.6809108385584457
73,0.7373737373737375,1.6862435551170258
74,0.7474747474747475,1.688501856968014
75,0.7575757575757577,1.6881331964410937
76,0.7676767676767677,1.6856675294129
77,0.7777777777777778,1.6816605809404046
78,0.787878787878788,1.6767151468299513
79,0.797979797979798,1.6714929277388322
80,0.8080808080808082,1.6665379593813958
81,0.8181818181818182,1.661860599581191
82,0.8282828282828284,1.656567877006665
83,0.8383838383838385,1.6489727547565742
84,0.8484848484848485,1.6373530642667737
85,0.8585858585858587,1.621070694221611
86,0.8686868686868687,1.6014050544567182
87,0.8787878787878789,1.5814152469973988
88,0.888888888888889,1.564613266973119
89,0.8989898989898991,1.5530916863983695
90,0.9090909090909092,1.5462819621848665
91,0.9191919191919192,1.541002123699851
92,0.9292929292929294,1.5322254194388092
93,0.9393939393939394,1.5133855480997973
94,0.9494949494949496,1.4758769896163786
95,0.9595959595959597,1.4089867199099855
96,0.9696969696969697,1.3021087140577972
97,0.9797979797979799,1.1496979940813334
98,0.98989898989899,0.9567317987670496
99,1.0,0.740697567840635
