,x,y,pNG
0,0.0,0.18706279051950422,0.0
1,0.005025125628140704,0.18642077275532515,0.0
2,0.010050251256281407,0.1846826419416806,0.0
3,0.01507537688442211,0.18234980662164363,0.0
4,0.020100502512562814,0.18007760272083362,0.0
5,0.02512562814070352,0.17848622110485057,0.0
6,0.03015075376884422,0.17801491386012627,2.220446049250313e-16
7,0.035175879396984924,0.17886379916337425,1.1102230246251563e-15
8,0.04020100502512563,0.18102548404902907,7.549516567451064e-15
9,0.04522613065326633,0.18437638323278951,3.486100297322992e-14
10,0.05025125628140704,0.18878698197916777,1.383337888682945e-13
11,0.05527638190954774,0.19421764496635247,4.785061236134425e-13
12,0.06030150753768844,0.2007799279960797,1.4841461393189093e-12
13,0.06532663316582915,0.20875359554736692,4.199973702156966e-12
14,0.07035175879396985,0.21855593014670863,1.0992984300628448e-11
15,0.07537688442211056,0.23066684097591958,2.6898927529828146e-11
16,0.08040201005025126,0.24552319055749772,6.207279135139743e-11
17,0.08542713567839195,0.2634054965194635,1.3604450899151743e-10
18,0.09045226130653267,0.2843438704312675,2.8486080161371774e-10
19,0.09547738693467336,0.3080652061296497,5.726588092613838e-10
20,0.10050251256281408,0.33399383649982206,1.1098912899853983e-09
21,0.10552763819095477,0.3613093895414841,2.0812813694703887e-09
22,0.11055276381909548,0.3890607917841531,3.7877010417020066e-09
23,0.11557788944723618,0.41633001709322653,6.707588262599984e-09
24,0.12060301507537688,0.44242678859429374,1.1585287951199064e-08
25,0.12562814070351758,0.46707575065309676,1.955589989943718e-08
26,0.1306532663316583,0.4905409859740416,3.231887280019663e-08
27,0.135678391959799,0.5136349355530794,5.237580780192985e-08
28,0.1407035175879397,0.5375886281475235,8.335175805118665e-08
29,0.1457286432160804,0.5638094428130406,1.304238063104535e-07
30,0.15075376884422112,0.5935975927657966,2.0088598262635318e-07
31,0.15577889447236182,0.6279077852286555,3.048856501708386e-07
32,0.16080402010050251,0.6672187999964607,4.56373452140113e-07
33,0.1658291457286432,0.711525485528333,6.743168279310653e-07
34,0.1708542713567839,0.7604236982906861,9.84236007472994e-07
35,0.17587939698492464,0.8132418100096513,1.4201313316419828e-06
36,0.18090452261306533,0.8691836528300159,2.0268817668700483e-06
37,0.18592964824120603,0.927468162998238,2.8632065637301807e-06
38,0.19095477386934673,0.9874590539442432,4.005295189735136e-06
39,0.19597989949748745,1.0487681598669856,5.551224879773997e-06
40,0.20100502512562815,1.1113027649800218,7.626300381979868e-06
41,0.20603015075376885,1.1752299844221368,1.0389466603921704e-05
42,0.21105527638190955,1.2408567447073966,1.404096181234493e-05
43,0.21608040201005024,1.3084588978035625,1.8831396625285105e-05
44,0.22110552763819097,1.378114982374555,2.5072462055297784e-05
45,0.22613065326633167,1.4495957156327375,3.314948808097462e-05
46,0.23115577889447236,1.5223354809777427,4.3536092309781615e-05
47,0.23618090452261306,1.5954860654710477,5.681117585598638e-05
48,0.24120603015075376,1.668040958206461,7.367854016515629e-05
49,0.24623115577889448,1.7390189206416613,9.498941356755886e-05
50,0.25125628140703515,1.8076922444905366,0.00012176818921816324
51,0.2562814070351759,1.873824503259023,0.0001552416859715855
52,0.2613065326633166,1.937849893599738,0.00019687224973952144
53,0.2663316582914573,2.0009061891469564,0.00024839501389539714
54,0.271356783919598,2.064652387622077,0.0003118596320621503
55,0.2763819095477387,2.130865883366355,0.0003896767836720771
56,0.2814070351758794,2.2008984823225823,0.00048466973030514277
57,0.2864321608040201,2.275135918291906,0.0006001311670300603
58,0.2914572864321608,2.3526213845818935,0.0007398855655190718
59,0.2964824120603015,2.4309663444605873,0.0009083571420223092
60,0.30150753768844224,2.5066011806818143,0.0011106435004868411
61,0.3065326633165829,2.575338837933313,0.001352594895956072
62,0.31155778894472363,2.6331514877883246,0.0016408989323892784
63,0.3165829145728643,2.6769998117287797,0.0019831703484334273
64,0.32160804020100503,2.7055169700999837,0.002388045350483425
65,0.32663316582914576,2.7193550348047837,0.002865279720645764
66,0.3316582914572864,2.721069672622503,0.0034258496541164085
67,0.33668341708542715,2.7145451577432693,0.004082053962641163
68,0.3417085427135678,2.7041077580310717,0.004847615915588244
69,0.34673366834170855,2.6935814124168065,0.005737782576480721
70,0.35175879396984927,2.6855567187417506,0.0067694190313284395
71,0.35678391959798994,2.681063493965551,0.007961094399166924
72,0.36180904522613067,2.6796938852167553,0.009333155971870122
73,0.36683417085427134,2.6800766252695047,0.010907787261231872
74,0.37185929648241206,2.6805073507221766,0.012709045153906471
75,0.3768844221105528,2.679522220094083,0.014762870813390228
76,0.38190954773869346,2.6762581448217873,0.017097068455051878
77,0.3869346733668342,2.670543547169965,0.01974124569636193
78,0.3919597989949749,2.6627660463560106,0.02272670890008477
79,0.3969849246231156,2.653626636473276,0.02608630684242097
80,0.4020100502512563,2.643891447964931,0.029854216217591656
81,0.40703517587939697,2.634202016560367,0.0340656630069478
82,0.4120603015075377,2.624942625933574,0.03875657466706151
83,0.4170854271356784,2.6161340806786004,0.04396315949513308
84,0.4221105527638191,2.6073459745835557,0.049721411466245535
85,0.4271356783919598,2.597669859767039,0.05606654133791822
86,0.4321608040201005,2.5858223916131693,0.06303233788205452
87,0.4371859296482412,2.570412257088506,0.07065046668727748
88,0.44221105527638194,2.550316178996415,0.07894971797521633
89,0.4472361809045226,2.5250226245827423,0.08795521912972826
90,0.45226130653266333,2.4947810823306336,0.09768763192004892
91,0.457286432160804,2.460465616618802,0.1081623584180399
92,0.4623115577889447,2.4231901035294614,0.11938878302838417
93,0.46733668341708545,2.383827305271667,0.13136958050521352
94,0.4723618090452261,2.3426228348557903,0.1441001209619175
95,0.47738693467336685,2.299044721205359,0.1575680023811027
96,0.4824120603015075,2.2519074584095238,0.1717527387756841
97,0.48743718592964824,2.1997135030329638,0.18662562784702966
98,0.49246231155778897,2.1411035969838066,0.20214981580098268
99,0.49748743718592964,2.075302271917236,0.21828056916742367
100,0.5025125628140703,2.0024645087480413,0.2349657544500421
101,0.507537688442211,1.9238531965497065,0.2521465167880159
102,0.5125628140703518,1.841801250976301,0.26975813921982283
103,0.5175879396984925,1.7594458932387058,0.2877310553166181
104,0.5226130653266332,1.6802703950652766,0.3059919805741333
105,0.5276381909547738,1.6075402402806922,0.32446512257864146
106,0.5326633165829145,1.5437552759982294,0.3430734269796969
107,0.5376884422110553,1.4902402599516,0.3617398158786821
108,0.542713567839196,1.4469617950769995,0.38038837731832265
109,0.5477386934673367,1.4126031185148846,0.3989454688605991
110,0.5527638190954774,1.3848679010458467,0.4173407043239209
111,0.5577889447236181,1.3609350722431295,0.4355078000548676
112,0.5628140703517588,1.3379582779185715,0.4533852650272802
113,0.5678391959798995,1.3135017884369058,0.4709169270004547
114,0.5728643216080402,1.2858311708020667,0.4880522944081132
115,0.577889447236181,1.2540251916800307,0.5047467601792219
116,0.5829145728643216,1.217928263932945,0.5209616590310353
117,0.5879396984924623,1.177998829675004,0.5366641937770232
118,0.592964824120603,1.1351148809819875,0.551827248834457
119,0.5979899497487438,1.0903775381589826,0.5664291104762944
120,0.6030150753768845,1.0449268511298133,0.5804531136023
121,0.6080402010050251,0.9997715029916332,0.5938872341031469
122,0.6130653266331658,0.9556420818297666,0.6067236444786309
123,0.6180904522613065,0.9128935865331428,0.6189582484633316
124,0.6231155778894473,0.8714868225191417,0.6305902082109183
125,0.628140703517588,0.8310599437367389,0.6416214752632088
126,0.6331658291457286,0.79106887342683,0.6520563342206792
127,0.6381909547738693,0.7509492114269161,0.6619009658412491
128,0.6432160804020101,0.7102492837265162,0.6711630342953384
129,0.6482412060301508,0.6687048926570807,0.679851301540131
130,0.6532663316582915,0.6262563857579913,0.6879752702635287
131,0.6582914572864321,0.583029753335538,0.6955448555896078
132,0.6633165829145728,0.5393067802576471,0.7025700847191154
133,0.6683417085427136,0.49549911029690347,0.7090608228798867
134,0.6733668341708543,0.45212836857997196,0.7150265233553559
135,0.678391959798995,0.4098071692357862,0.7204759989167833
136,0.6834170854271356,0.3692143929238811,0.7254172116764129
137,0.6884422110552764,0.3310587060011151,0.7298570781782585
138,0.6934673366834171,0.29602478380600245,0.733801286425678
139,0.6984924623115578,0.2646991967268339,0.7372541214892109
140,0.7035175879396985,0.2374806485801444,0.7402182963274583
141,0.7085427135678392,0.21449155104603063,0.7426947844745945
142,0.7135678391959799,0.19551857091170013,0.7446826512918109
143,0.7185929648241206,0.1800106952576416,0.7461788805422188
144,0.7236180904522613,0.16715047596302096,0.7471781931305788
145,0.7286432160804021,0.15599095447699404,0.7476728549572064
146,0.7336683417085427,0.14562694331669288,0.7476524709825764
147,0.7386934673366834,0.13535540765162057,0.7471037628083135
148,0.7437185929648241,0.12478178196565189,0.7460103273827712
149,0.7487437185929648,0.11384624319475675,0.7443523748819951
150,0.7537688442211056,0.10276918160364461,0.742106444463035
151,0.7587939698492463,0.09193866829656921,0.7392450975221717
152,0.7638190954773869,0.08177650413308761,0.7357365894316727
153,0.7688442211055276,0.07262003846627078,0.7315445226273437
154,0.7738693467336684,0.06464640241253734,0.7266274865750821
155,0.7788944723618091,0.057849803974855514,0.7209386938140533
156,0.7839195979899498,0.05206727264704102,0.7144256262813014
157,0.7889447236180904,0.047037766378737536,0.7070297128680165
158,0.7939698492462312,0.04247499420135471,0.6986860681208962
159,0.7989949748743719,0.03813484007401412,0.6893233337323723
160,0.8040201005025126,0.03386252291889501,0.6788636795458769
161,0.8090452261306533,0.02961132184443638,0.6672230397853499
162,0.8140703517587939,0.02543246513637399,0.6543116834735379
163,0.8190954773869347,0.021442886069193624,0.6400352454858719
164,0.8241206030150754,0.017782183306328744,0.6242963755498581
165,0.8291457286432161,0.01457117758175242,0.6069971945137906
166,0.8341708542713568,0.011882049513088052,0.5880427759526633
167,0.8391959798994975,0.009725390943232033,0.5673458890044445
168,0.8442211055276382,0.008054272185126993,0.5448332332234866
169,0.8492462311557789,0.006781099432184847,0.5204533509071371
170,0.8542713567839196,0.005800573382730475,0.4941862941991742
171,0.8592964824120604,0.005011825410537317,0.4660549273956464
172,0.864321608040201,0.004334543867075314,0.43613743565287655
173,0.8693467336683417,0.0037167746361982273,0.4045801792333803
174,0.8743718592964824,0.0031349316088681873,0.3716094969763633
175,0.8793969849246231,0.002588393994836067,0.33754049391353225
176,0.8844221105527639,0.0020915206137223823,0.3027803836903397
177,0.8894472361809045,0.001665301671645039,0.2678238018503152
178,0.8944723618090452,0.0013299003067460593,0.23323789751017565
179,0.8994974874371859,0.0010986206120436272,0.19963613235643365
180,0.9045226130653267,0.0009736039408915065,0.16764157775709798
181,0.9095477386934674,0.0009436547257151129,0.13784283067831282
182,0.914572864321608,0.0009847001224442737,0.11074789201271662
183,0.9195979899497487,0.0010631874311147352,0.0867427268022195
184,0.9246231155778895,0.0011420943866159356,0.06606113519491362
185,0.9296482412060302,0.0011883249146278356,0.04877081983731424
186,0.9346733668341709,0.0011795071962802913,0.034777543246586114
187,0.9396984924623115,0.001108095405286637,0.023845896092320015
188,0.9447236180904522,0.0009814483565060165,0.01563241741503818
189,0.949748743718593,0.0008179826180447027,0.009725299483936745
190,0.9547738693467337,0.0006409235455597187,0.005684835019158285
191,0.9597989949748744,0.0004719111610752486,0.0030798082938461317
192,0.964824120603015,0.0003264480074101442,0.0015166329420850386
193,0.9698492462311558,0.00021214458404312812,0.0006596546314946439
194,0.9748743718592965,0.00012952255197053332,0.0002423165238953917
195,0.9798994974874372,7.434117358454137e-05,6.972449989328666e-05
196,0.9849246231155779,4.0253104927938024e-05,1.3643579832356426e-05
197,0.9899497487437187,2.094059431343702e-05,1.321543143473214e-06
198,0.9949748743718593,1.1413794160175016e-05,2.299478685241496e-08
199,1.0,8.58317175111757e-06,0.0
