,x,y,pNG
0,0.0,1.4840271838675652,0.0
1,0.005025125628140704,1.4838024810110206,0.0
2,0.010050251256281407,1.483171396246544,0.0
3,0.01507537688442211,1.4822575267827396,0.0
4,0.020100502512562814,1.481249535608128,0.0
5,0.02512562814070352,1.4803781806123677,0.0
6,0.03015075376884422,1.479889618725923,2.220446049250313e-16
7,0.035175879396984924,1.4800191952707067,1.1102230246251563e-15
8,0.04020100502512563,1.4809696390033709,7.549516567451064e-15
9,0.04522613065326633,1.4828966172751632,3.486100297322992e-14
10,0.05025125628140704,1.4859031732881012,1.383337888682945e-13
11,0.05527638190954774,1.490042952849925,4.785061236134425e-13
12,0.06030150753768844,1.4953306287868569,1.4841461393189093e-12
13,0.06532663316582915,1.5017568005253523,4.199973702156966e-12
14,0.07035175879396985,1.5093040510918416,1.0992984300628448e-11
15,0.07537688442211056,1.5179608435360774,2.6898927529828146e-11
16,0.08040201005025126,1.5277304878279225,6.207279135139743e-11
17,0.08542713567839195,1.5386333769784295,1.3604450899151743e-10
18,0.09045226130653267,1.5507018942037365,2.8486080161371774e-10
19,0.09547738693467336,1.563968631431948,5.726588092613838e-10
20,0.10050251256281408,1.5784496491652613,1.1098912899853983e-09
21,0.10552763819095477,1.59412530409357,2.0812813694703887e-09
22,0.11055276381909548,1.6109215823116454,3.7877010417020066e-09
23,0.11557788944723618,1.6286948677232744,6.707588262599984e-09
24,0.12060301507537688,1.6472226664280296,1.1585287951199064e-08
25,0.12562814070351758,1.6662020652559004,1.955589989943718e-08
26,0.1306532663316583,1.6852567315470364,3.231887280019663e-08
27,0.135678391959799,1.7039521945328742,5.237580780192985e-08
28,0.1407035175879397,1.7218181309615974,8.335175805118665e-08
29,0.1457286432160804,1.738375545590874,1.304238063104535e-07
30,0.15075376884422112,1.7531661970284917,2.0088598262635318e-07
31,0.15577889447236182,1.7657814271833066,3.048856501708386e-07
32,0.16080402010050251,1.7758877040323522,4.56373452140113e-07
33,0.1658291457286432,1.7832466224334405,6.743168279310653e-07
34,0.1708542713567839,1.787727729987151,9.84236007472994e-07
35,0.17587939698492464,1.789313250840718,1.4201313316419828e-06
36,0.18090452261306533,1.7880944868329718,2.0268817668700483e-06
37,0.18592964824120603,1.7842603362016287,2.8632065637301807e-06
38,0.19095477386934673,1.7780789733166487,4.005295189735136e-06
39,0.19597989949748745,1.7698742818721431,5.551224879773997e-06
40,0.20100502512562815,1.7599991204354308,7.626300381979868e-06
41,0.20603015075376885,1.7488078826877744,1.0389466603921704e-05
42,0.21105527638190955,1.736631019236323,1.404096181234493e-05
43,0.21608040201005024,1.723754121420194,1.8831396625285105e-05
44,0.22110552763819097,1.7104037575077242,2.5072462055297784e-05
45,0.22613065326633167,1.6967414840738113,3.314948808097462e-05
46,0.23115577889447236,1.6828664006903338,4.3536092309781615e-05
47,0.23618090452261306,1.6688254299745509,5.681117585598638e-05
48,0.24120603015075376,1.6546293997426442,7.367854016515629e-05
49,0.24623115577889448,1.640272197791192,9.498941356755886e-05
50,0.25125628140703515,1.6257499294607685,0.00012176818921816324
51,0.2562814070351759,1.6110772022944164,0.0001552416859715855
52,0.2613065326633166,1.596298340483287,0.00019687224973952144
53,0.2663316582914573,1.5814923369076317,0.00024839501389539714
54,0.271356783919598,1.5667714590980346,0.0003118596320621503
55,0.2763819095477387,1.5522744070241552,0.0003896767836720771
56,0.2814070351758794,1.5381555970248582,0.00048466973030514277
57,0.2864321608040201,1.524572433324419,0.0006001311670300603
58,0.2914572864321608,1.511672349370546,0.0007398855655190718
59,0.2964824120603015,1.4995810662214162,0.0009083571420223092
60,0.30150753768844224,1.4883930777800662,0.0011106435004868411
61,0.3065326633165829,1.4781649740385876,0.001352594895956072
62,0.31155778894472363,1.4689119360837988,0.0016408989323892784
63,0.3165829145728643,1.4606075817858655,0.0019831703484334273
64,0.32160804020100503,1.4531872388632745,0.002388045350483425
65,0.32663316582914576,1.4465545693199389,0.002865279720645764
66,0.3316582914572864,1.4405911825626774,0.0034258496541164085
67,0.33668341708542715,1.4351684369404805,0.004082053962641163
68,0.3417085427135678,1.4301601133360322,0.004847615915588244
69,0.34673366834170855,1.4254541986532452,0.005737782576480721
70,0.35175879396984927,1.4209618208489034,0.0067694190313284395
71,0.35678391959798994,1.4166215751521873,0.007961094399166924
72,0.36180904522613067,1.4123981220255268,0.009333155971870122
73,0.36683417085427134,1.4082749397757444,0.010907787261231872
74,0.37185929648241206,1.404242274425637,0.012709045153906471
75,0.3768844221105528,1.4002823700827405,0.014762870813390228
76,0.38190954773869346,1.3963547145600967,0.017097068455051878
77,0.3869346733668342,1.392384115783983,0.01974124569636193
78,0.3919597989949749,1.388253899300966,0.02272670890008477
79,0.3969849246231156,1.3838055110977685,0.02608630684242097
80,0.4020100502512563,1.3788445733079937,0.029854216217591656
81,0.40703517587939697,1.3731522756710184,0.0340656630069478
82,0.4120603015075377,1.3665001603298932,0.03875657466706151
83,0.4170854271356784,1.3586660310321053,0.04396315949513308
84,0.4221105527638191,1.3494489041706235,0.049721411466245535
85,0.4271356783919598,1.3386814959539073,0.05606654133791822
86,0.4321608040201005,1.3262394967355735,0.06303233788205452
87,0.4371859296482412,1.3120475915719871,0.07065046668727748
88,0.44221105527638194,1.2960826673742525,0.07894971797521633
89,0.4472361809045226,1.2783748204623697,0.08795521912972826
90,0.45226130653266333,1.2590066719646302,0.09768763192004892
91,0.457286432160804,1.2381112273456334,0.1081623584180399
92,0.4623115577889447,1.2158682355361932,0.11938878302838417
93,0.46733668341708545,1.192498852646639,0.13136958050521352
94,0.4723618090452261,1.1682584733264143,0.1441001209619175
95,0.47738693467336685,1.143427851759346,0.1575680023811027
96,0.4824120603015075,1.1183030048124676,0.1717527387756841
97,0.48743718592964824,1.093184732407304,0.18662562784702966
98,0.49246231155778897,1.068368762924181,0.20214981580098268
99,0.49748743718592964,1.0441374404366697,0.21828056916742367
100,0.5025125628140703,1.0207535059779764,0.2349657544500421
101,0.507537688442211,0.9984559712959556,0.2521465167880159
102,0.5125628140703518,0.9774574987338948,0.26975813921982283
103,0.5175879396984925,0.9579422703541017,0.2877310553166181
104,0.5226130653266332,0.9400632073794353,0.3059919805741333
105,0.5276381909547738,0.9239376581492501,0.32446512257864146
106,0.5326633165829145,0.9096412674082685,0.3430734269796969
107,0.5376884422110553,0.8972005229048046,0.3617398158786821
108,0.542713567839196,0.8865852295695735,0.38038837731832265
109,0.5477386934673367,0.8777026629210293,0.3989454688605991
110,0.5527638190954774,0.8703952373266592,0.4173407043239209
111,0.5577889447236181,0.8644431369263631,0.4355078000548676
112,0.5628140703517588,0.8595725721041653,0.4533852650272802
113,0.5678391959798995,0.8554693276619961,0.4709169270004547
114,0.5728643216080402,0.8517963051595521,0.4880522944081132
115,0.577889447236181,0.8482130671148177,0.5047467601792219
116,0.5829145728643216,0.8443951259381818,0.5209616590310353
117,0.5879396984924623,0.8400509280137254,0.5366641937770232
118,0.592964824120603,0.8349350782666102,0.551827248834457
119,0.5979899497487438,0.8288571490553772,0.5664291104762944
120,0.6030150753768845,0.8216861936509373,0.5804531136023
121,0.6080402010050251,0.8133516392532211,0.5938872341031469
122,0.6130653266331658,0.8038414516567459,0.6067236444786309
123,0.6180904522613065,0.793198341697515,0.6189582484633316
124,0.6231155778894473,0.7815144291450925,0.6305902082109183
125,0.628140703517588,0.7689243683336247,0.6416214752632088
126,0.6331658291457286,0.7555966567004423,0.6520563342206792
127,0.6381909547738693,0.7417228269997174,0.6619009658412491
128,0.6432160804020101,0.7275045077450649,0.6711630342953384
129,0.6482412060301508,0.7131388605965844,0.679851301540131
130,0.6532663316582915,0.6988035189771148,0.6879752702635287
131,0.6582914572864321,0.6846426699208095,0.6955448555896078
132,0.6633165829145728,0.6707561667419508,0.7025700847191154
133,0.6683417085427136,0.6571934237463863,0.7090608228798867
134,0.6733668341708543,0.6439533110619454,0.7150265233553559
135,0.678391959798995,0.6309904224493414,0.7204759989167833
136,0.6834170854271356,0.6182270948156228,0.7254172116764129
137,0.6884422110552764,0.605569616562702,0.7298570781782585
138,0.6934673366834171,0.5929263644097654,0.733801286425678
139,0.6984924623115578,0.5802252922912849,0.7372541214892109
140,0.7035175879396985,0.5674283149502886,0.7402182963274583
141,0.7085427135678392,0.554540644557323,0.7426947844745945
142,0.7135678391959799,0.5416139351008957,0.7446826512918109
143,0.7185929648241206,0.5287430048906477,0.7461788805422188
144,0.7236180904522613,0.5160567756364292,0.7471781931305788
145,0.7286432160804021,0.5037047527559482,0.7476728549572064
146,0.7336683417085427,0.4918407979490466,0.7476524709825764
147,0.7386934673366834,0.48060609659532155,0.7471037628083135
148,0.7437185929648241,0.47011313587031733,0.7460103273827712
149,0.7487437185929648,0.46043225096078044,0.7443523748819951
150,0.7537688442211056,0.45158193809461217,0.742106444463035
151,0.7587939698492463,0.4435237329936964,0.7392450975221717
152,0.7638190954773869,0.4361620494187517,0.7357365894316727
153,0.7688442211055276,0.4293489831267795,0.7315445226273437
154,0.7738693467336684,0.4228937190903367,0.7266274865750821
155,0.7788944723618091,0.4165758394964243,0.7209386938140533
156,0.7839195979899498,0.4101615263538755,0.7144256262813014
157,0.7889447236180904,0.40342140122523756,0.7070297128680165
158,0.7939698492462312,0.3961485661986201,0.6986860681208962
159,0.7989949748743719,0.3881753270278444,0.6893233337323723
160,0.8040201005025126,0.379387112141447,0.6788636795458769
161,0.8090452261306533,0.3697322656945697,0.6672230397853499
162,0.8140703517587939,0.35922669555590414,0.6543116834735379
163,0.8190954773869347,0.34795279021563635,0.6400352454858719
164,0.8241206030150754,0.3360525545811314,0.6242963755498581
165,0.8291457286432161,0.32371550361194523,0.6069971945137906
166,0.8341708542713568,0.3111624249126612,0.5880427759526633
167,0.8391959798994975,0.2986265962523636,0.5673458890044445
168,0.8442211055276382,0.28633434542933495,0.5448332332234866
169,0.8492462311557789,0.27448691349871246,0.5204533509071371
170,0.8542713567839196,0.2632454093831349,0.4941862941991742
171,0.8592964824120604,0.25272024740921123,0.4660549273956464
172,0.864321608040201,0.24296590030516171,0.43613743565287655
173,0.8693467336683417,0.2339811643963459,0.4045801792333803
174,0.8743718592964824,0.22571451372924536,0.3716094969763633
175,0.8793969849246231,0.218073597551003,0.33754049391353225
176,0.8844221105527639,0.21093756959071402,0.3027803836903397
177,0.8894472361809045,0.20417075767744036,0.2678238018503152
178,0.8944723618090452,0.19763619021075232,0.23323789751017565
179,0.8994974874371859,0.19120767093359453,0.19963613235643365
180,0.9045226130653267,0.18477939830628867,0.16764157775709798
181,0.9095477386934674,0.17827251365418828,0.13784283067831282
182,0.914572864321608,0.17163838162875986,0.11074789201271662
183,0.9195979899497487,0.164858805764805,0.0867427268022195
184,0.9246231155778895,0.1579437138701548,0.06606113519491362
185,0.9296482412060302,0.15092707471401806,0.04877081983731424
186,0.9346733668341709,0.14386190491453132,0.034777543246586114
187,0.9396984924623115,0.1368151865191517,0.023845896092320015
188,0.9447236180904522,0.12986335432353188,0.01563241741503818
189,0.949748743718593,0.12308875897913768,0.009725299483936745
190,0.9547738693467337,0.11657721414572442,0.005684835019158285
191,0.9597989949748744,0.11041644908544468,0.0030798082938461317
192,0.964824120603015,0.10469506805477301,0.0015166329420850386
193,0.9698492462311558,0.09950151008960784,0.0006596546314946439
194,0.9748743718592965,0.09492253171931844,0.0002423165238953917
195,0.9798994974874372,0.09104089612732678,6.972449989328666e-05
196,0.9849246231155779,0.08793220910335554,1.3643579832356426e-05
197,0.9899497487437187,0.08566113250314103,1.321543143473214e-06
198,0.9949748743718593,0.08427745501501666,2.299478685241496e-08
199,1.0,0.08381263960976082,0.0
