,x,y,pNG
0,0.0,1.2737578653637163,0.12533111851005752
1,0.005025125628140704,1.2730669649876916,0.12515540962561222
2,0.010050251256281407,1.2710232331689628,0.1249781500566417
3,0.01507537688442211,1.2677113442225239,0.12479932818649064
4,0.020100502512562814,1.2632652136171656,0.12461893296737915
5,0.02512562814070352,1.257857984142588,0.12443695397445895
6,0.03015075376884422,1.2516894983980795,0.12425338145851585
7,0.035175879396984924,1.2449725198754777,0.12406820639699535
8,0.04020100502512563,1.2379190377118874,0.12388142054303285
9,0.04522613065326633,1.2307279088055905,0.12369301647220945
10,0.05025125628140704,1.2235748748807311,0.12350298762673405
11,0.05527638190954774,1.2166056763837172,0.12331132835682103
12,0.06030150753768844,1.2099326139196773,0.1231180339589969
13,0.06532663316582915,1.2036345273998392,0.12292310071116595
14,0.07035175879396985,1.1977598152606497,0.12272652590422704
15,0.07537688442211056,1.1923318349268877,0.12252830787009028
16,0.08040201005025126,1.1873558346310695,0.12232844600604753
17,0.08542713567839195,1.1828264783601308,0.12212694079534304
18,0.09045226130653267,1.1787350422137965,0.1219237938239991
19,0.09547738693467336,1.1750754743996557,0.12171900779393485
20,0.10050251256281408,1.1718487064448797,0.12151258653245768
21,0.10552763819095477,1.169064856490453,0.12130453499835248
22,0.11055276381909548,1.166743247382896,0.1210948592848652
23,0.11557788944723618,1.1649104398503325,0.12088356661995835
24,0.12060301507537688,1.1635967214469694,0.12067066536440985
25,0.12562814070351758,1.162831666379257,0.12045616500843292
26,0.1306532663316583,1.162639469353079,0.1202400761677177
27,0.135678391959799,1.1630347495219147,0.12002241057999675
28,0.1407035175879397,1.1640194231686758,0.11980318110348898
29,0.1457286432160804,1.1655810732804643,0.1195824017189202
30,0.15075376884422112,1.1676930276283743,0.11936008753706615
31,0.15577889447236182,1.170316126096137,0.1191362548142778
32,0.16080402010050251,1.1734019439062793,0.1189109209787792
33,0.1658291457286432,1.1768970656513023,0.11868410467114188
34,0.1708542713567839,1.1807478924391026,0.11845582580279435
35,0.17587939698492464,1.1849054178689147,0.1182261056371522
36,0.18090452261306533,1.1893294257788962,0.1179949668986211
37,0.18592964824120603,1.1939916348226707,0.11776243391542572
38,0.19095477386934673,1.1988774291130522,0.11752853280320265
39,0.19597989949748745,1.2039859562475088,0.11729329169701475
40,0.20100502512562815,1.2093285302101857,0.11705674104058085
41,0.20603015075376885,1.2149254343133544,0.11681891394243205
42,0.21105527638190955,1.2208013671645754,0.11657984660985075
43,0.21608040201005024,1.2269799024505736,0.1163395788725864
44,0.22110552763819097,1.2334774321210282,0.11609815480945407
45,0.22613065326633167,1.240297124880212,0.1158556234922622
46,0.23115577889447236,1.2474234524472747,0.1156120398625594
47,0.23618090452261306,1.254817812278166,0.1153674657580489
48,0.24120603015075376,1.2624157078805813,0.1151219711066208
49,0.24623115577889448,1.2701258400166016,0.11487563530711398
50,0.25125628140703515,1.2778313200768345,0.11462854881696805
51,0.2562814070351759,1.285393048967357,0.11438081496789175
52,0.2613065326633166,1.2926551211680193,0.11413255203147656
53,0.2663316582914573,1.299451926543846,0.11388389555729815
54,0.271356783919598,1.3056164469322777,0.11363500100649936
55,0.2763819095477387,1.3109890981339607,0.11338604670395536
56,0.2814070351758794,1.3154263703462787,0.1131372371320074
57,0.2864321608040201,1.3188084908060669,0.11288880658817445
58,0.2914572864321608,1.3210453872063384,0.11264102322838533
59,0.2964824120603015,1.3220803767087965,0.11239419351578904
60,0.30150753768844224,1.3218912376411176,0.11214866709333073
61,0.3065326633165829,1.3204886181044266,0.11190484209570706
62,0.31155778894472363,1.3179120610641288,0.11166317091314236
63,0.3165829145728643,1.3142242309317989,0.11142416641552877
64,0.32160804020100503,1.3095041603739295,0.11118840864076962
65,0.32663316582914576,1.3038404529121224,0.11095655194568088
66,0.3316582914572864,1.2973253487366478,0.1107293326113018
67,0.33668341708542715,1.2900503851712735,0.11050757688713576
68,0.3417085427135678,1.28210408497534,0.11029220945039253
69,0.34673366834170855,1.2735717361496883,0.11008426224684564
70,0.35175879396984927,1.2645369533826094,0.10988488366936576
71,0.35678391959798994,1.2550844036812907,0.10969534801851323
72,0.36180904522613067,1.2453028947927176,0.10951706517674598
73,0.36683417085427134,1.235287997505574,0.10935159041393172
74,0.37185929648241206,1.2251435024170183,0.10920063422684534
75,0.3768844221105528,1.21498126667403,0.10906607209932496
76,0.38190954773869346,1.2049193302853913,0.10894995405287576
77,0.3869346733668342,1.195078506873012,0.1088545138397854
78,0.3919597989949749,1.185577915847628,0.10878217761253528
79,0.3969849246231156,1.176530075112619,0.10873557188463034
80,0.4020100502512563,1.168036195324577,0.10871753057917456
81,0.40703517587939697,1.1601822173504095,0.10873110094304883
82,0.4120603015075377,1.1530359473974288,0.10877954808671796
83,0.4170854271356784,1.1466454178431387,0.10886635789297183
84,0.4221105527638191,1.1410383872783756,0.10899523802302813
85,0.4271356783919598,1.136222733095501,0.10917011673571808
86,0.4321608040201005,1.1321874094432574,0.10939513922597832
87,0.4371859296482412,1.1289036474876053,0.1096746611831072
88,0.44221105527638194,1.1263261499474777,0.1100132392681622
89,0.4472361809045226,1.124394151085287,0.11041561821425283
90,0.45226130653266333,1.1230323446491146,0.11088671426440078
91,0.457286432160804,1.122151795852034,0.11143159467965902
92,0.4623115577889447,1.1216510275061427,0.11205545307647324
93,0.46733668341708545,1.121417494058884,0.1127635803874426
94,0.4723618090452261,1.1213296307334202,0.11356133128421694
95,0.47738693467336685,1.1212595973658503,0.11445408595608042
96,0.4824120603015075,1.1210767424370658,0.11544720720254242
97,0.48743718592964824,1.1206517086663716,0.11654599287345345
98,0.49246231155778897,1.11986100276441,0.117755623774926
99,0.49748743718592964,1.1185917710233073,0.11908110725319955
100,0.5025125628140703,1.1167464681501047,0.12052721677006205
101,0.507537688442211,1.1142470842156267,0.12209842789098245
102,0.5125628140703518,1.111038605519293,0.12379885121833545
103,0.5175879396984925,1.107091428270026,0.12563216291441948
104,0.5226130653266332,1.1024025151682615,0.12760153356923798
105,0.5276381909547738,1.096995177519027,0.12970955627252634
106,0.5326633165829145,1.090917470353885,0.13195817484470873
107,0.5376884422110553,1.0842392945192951,0.13434861326305114
108,0.542713567839196,1.0770483967369293,0.1368813073834806
109,0.5477386934673367,1.0694455364401452,0.13955584010144073
110,0.5527638190954774,1.0615391398553684,0.1423708811131864
111,0.5577889447236181,1.0534397846196892,0.1453241324295086
112,0.5628140703517588,1.0452548539955617,0.14841228075456006
113,0.5678391959798995,1.0370836738810734,0.15163095777250968
114,0.5728643216080402,1.0290134054447388,0.1549747092838224
115,0.577889447236181,1.0211159176976476,0.15843697400270595
116,0.5829145728643216,1.013445811044672,0.16201007266985767
117,0.5879396984924623,1.0060397041722173,0.16568520795418973
118,0.592964824120603,0.9989168284232377,0.1694524754185429
119,0.5979899497487438,0.9920808908512164,0.17330088561364154
120,0.6030150753768845,0.9855230665432411,0.17721839714846155
121,0.6080402010050251,0.9792258654889824,0.1811919603710369
122,0.6130653266331658,0.9731675001961146,0.18520757108933072
123,0.6180904522613065,0.9673262762261282,0.1892503335740391
124,0.6231155778894473,0.9616844625803769,0.19330453192140215
125,0.628140703517588,0.956231095765223,0.19735370872003188
126,0.6331658291457286,0.9509632469722603,0.20138074986659396
127,0.6381909547738693,0.945885440103215,0.20536797431433074
128,0.6432160804020101,0.9410071372676463,0.2092972275184716
129,0.6482412060301508,0.9363384798318233,0.21314997736388666
130,0.6532663316582915,0.9318847469789395,0.21690741142250247
131,0.6582914572864321,0.9276402249202831,0.22055053448866524
132,0.6633165829145728,0.9235823268593379,0.22406026547646585
133,0.6683417085427136,0.9196668369711931,0.22741753292995426
134,0.6733668341708543,0.9158250594814081,0.2306033685893444
135,0.678391959798995,0.9119634455846408,0.233598998668879
136,0.6834170854271356,0.907965975011516,0.23638593272802666
137,0.6884422110552764,0.9036992286338105,0.23894605025154825
138,0.6934673366834171,0.8990197537948079,0.2412616852891576
139,0.6984924623115578,0.8937830438617169,0.2433157097357681
140,0.7035175879396985,0.887853267170788,0.24509161605291385
141,0.7085427135678392,0.8811128117398542,0.2465736004344138
142,0.7135678391959799,0.8734707654092354,0.24774664759887066
143,0.7185929648241206,0.8648696117376506,0.2485966185414891
144,0.7236180904522613,0.8552896592067901,0.24911034269116986
145,0.7286432160804021,0.8447509939956698,0.2492757159882157
146,0.7336683417085427,0.8333130109872963,0.2490818064137271
147,0.7386934673366834,0.8210717951710567,0.24851896845498844
148,0.7437185929648241,0.8081557695625797,0.2475789678683956
149,0.7487437185929648,0.7947200857701094,0.24625511789090335
150,0.7537688442211056,0.7809402161280186,0.2445424277363064
151,0.7587939698492463,0.7670051331003772,0.24243776377850726
152,0.7638190954773869,0.7531103624186876,0.2399400232529377
153,0.7688442211055276,0.7394511025060447,0.2370503195834825
154,0.7738693467336684,0.7262155394064086,0.2337721775514936
155,0.7788944723618091,0.7135784670905975,0.2301117354564768
156,0.7839195979899498,0.701695346519815,0.22607795017285534
157,0.7889447236180904,0.6906969885024705,0.22168279959380788
158,0.7939698492462312,0.6806851012194015,0.21694147539682795
159,0.7989949748743719,0.6717289766944979,0.2118725574130479
160,0.8040201005025126,0.6638635793786994,0.2064981592052149
161,0.8090452261306533,0.6570892329198826,0.2008440328596801
162,0.8140703517587939,0.6513729806588613,0.194939619610122
163,0.8190954773869347,0.6466515379767083,0.1888180319019902
164,0.8241206030150754,0.6428355874391457,0.1825159520720826
165,0.8291457286432161,0.6398150223786029,0.17607343317081306
166,0.8341708542713568,0.6374646500729685,0.1695335888117271
167,0.8391959798994975,0.6356498415930397,0.16294216148824936
168,0.8442211055276382,0.6342316672889646,0.15634696269461812
169,0.8492462311557789,0.6330711749424479,0.1497971834834172
170,0.8542713567839196,0.6320326286683622,0.1433425807208546
171,0.8592964824120604,0.6309856993652944,0.13703255204532394
172,0.864321608040201,0.6298067494061966,0.13091512100491332
173,0.8693467336683417,0.6283794589992033,0.12503586248435938
174,0.8743718592964824,0.6265950848870404,0.11943680662398724
175,0.8793969849246231,0.624352624360364,0.11415536618348955
176,0.8844221105527639,0.6215590937009526,0.10922333690199904
177,0.8894472361809045,0.6181300448390616,0.10466602213240496
178,0.8944723618090452,0.6139903649921403,0.10050153135718733
179,0.8994974874371859,0.6090753544943938,0.09674029688777784
180,0.9045226130653267,0.6033320697609282,0.09338484422211757
181,0.9095477386934674,0.5967209480647437,0.09042983966160399
182,0.914572864321608,0.5892177803327933,0.08786242466728755
183,0.9195979899497487,0.580816138792047,0.08566283109420503
184,0.9246231155778895,0.5715303666238795,0.0838052560069793
185,0.9296482412060302,0.5613991720911242,0.08225896032641611
186,0.9346733668341709,0.5504897304844392,0.08098954298003336
187,0.9396984924623115,0.5389019952266666,0.07996033214943754
188,0.9447236180904522,0.5267726878810758,0.07913382793555679
189,0.949748743718593,0.5142782260322155,0.07847312634076997
190,0.9547738693467337,0.501635715892056,0.07794325277116987
191,0.9597989949748744,0.48910113547925593,0.07751233416656977
192,0.964824120603015,0.4769639980568895,0.0771525424385342
193,0.9698492462311558,0.4655381184881811,0.07684074860983857
194,0.9748743718592965,0.45514857679996173,0.07655883797161889
195,0.9798994974874372,0.44611552010906746,0.07629365352868599
196,0.9849246231155779,0.4387359791125887,0.07603656066154085
197,0.9899497487437187,0.43326530325737106,0.07578266386546995
198,0.9949748743718593,0.42990005445770657,0.07552976114480614
199,1.0,0.4287641859050069,0.07527719885202377
