,x,y
0,0.0,6.437320399983587e-30
1,0.010101010101010102,7.404411417565684e-28
2,0.020202020202020204,7.040586779177114e-26
3,0.030303030303030304,5.5346346393566184e-24
4,0.04040404040404041,3.597217786101078e-22
5,0.05050505050505051,1.9332457559771244e-20
6,0.06060606060606061,8.5922414457691215e-19
7,0.07070707070707072,3.158614255959624e-17
8,0.08080808080808081,9.606138323538581e-16
9,0.09090909090909091,2.417578743682486e-14
10,0.10101010101010102,5.036673257644577e-13
11,0.11111111111111112,8.690320304114078e-12
12,0.12121212121212122,1.2425535332598973e-10
13,0.13131313131313133,1.4734039065834216e-09
14,0.14141414141414144,1.4504588627515206e-08
15,0.15151515151515152,1.1870315253882227e-07
16,0.16161616161616163,8.090686822476706e-07
17,0.17171717171717174,4.603947728213615e-06
18,0.18181818181818182,2.1943232905564423e-05
19,0.19191919191919193,8.797418794760845e-05
20,0.20202020202020204,0.00029836018251947605
21,0.21212121212121213,0.0008622666587014446
22,0.22222222222222224,0.0021435451672608746
23,0.23232323232323235,0.004637705466868273
24,0.24242424242424243,0.00885725296027341
25,0.25252525252525254,0.015179032242407377
26,0.26262626262626265,0.023771802231380104
27,0.27272727272727276,0.03469806507440206
28,0.2828282828282829,0.04819620477458205
29,0.29292929292929293,0.06505050774915554
30,0.30303030303030304,0.08685620068823463
31,0.31313131313131315,0.11598198788444415
32,0.32323232323232326,0.15528017995472634
33,0.33333333333333337,0.20788075364106928
34,0.3434343434343435,0.2771879110700277
35,0.3535353535353536,0.36659028035742647
36,0.36363636363636365,0.4784685305486928
37,0.37373737373737376,0.6131623669225016
38,0.38383838383838387,0.7690198544006414
39,0.393939393939394,0.9432955286251352
40,0.4040404040404041,1.1323676930436022
41,0.4141414141414142,1.33080210748217
42,0.42424242424242425,1.5307506834698523
43,0.43434343434343436,1.7230535134057199
44,0.4444444444444445,1.8995202515431353
45,0.4545454545454546,2.0548037959529104
46,0.4646464646464647,2.186871195168974
47,0.4747474747474748,2.29617370066106
48,0.48484848484848486,2.3843100613770756
49,0.494949494949495,2.4531305307527025
50,0.5050505050505051,2.504793795605253
51,0.5151515151515152,2.542260812018715
52,0.5252525252525253,2.568940388363699
53,0.5353535353535354,2.5870576309810076
54,0.5454545454545455,2.5962022891209897
55,0.5555555555555556,2.5936907653314307
56,0.5656565656565657,2.5762680102969235
57,0.5757575757575758,2.541439716825765
58,0.5858585858585859,2.4881390952412885
59,0.595959595959596,2.417664590402269
60,0.6060606060606061,2.3344521136814316
61,0.6161616161616162,2.2450321827443713
62,0.6262626262626263,2.1554826622846464
63,0.6363636363636365,2.0698150965221274
64,0.6464646464646465,1.990078859200645
65,0.6565656565656566,1.9163419089126272
66,0.6666666666666667,1.845897767005991
67,0.6767676767676768,1.773914384323455
68,0.686868686868687,1.696685686013512
69,0.696969696969697,1.614618761280293
70,0.7070707070707072,1.5316694507440587
71,0.7171717171717172,1.4524415176390573
72,0.7272727272727273,1.380762384696921
73,0.7373737373737375,1.320187029164319
74,0.7474747474747475,1.273368249290655
75,0.7575757575757577,1.2396028354723065
76,0.7676767676767677,1.2139229125437605
77,0.7777777777777778,1.1897392764592527
78,0.787878787878788,1.1623944203526242
79,0.797979797979798,1.130245897353404
80,0.8080808080808082,1.0934986133774043
81,0.8181818181818182,1.053178398541887
82,0.8282828282828284,1.0110863622728439
83,0.8383838383838385,0.9697254354710139
84,0.8484848484848485,0.9316873639333942
85,0.8585858585858587,0.8991884396542446
86,0.8686868686868687,0.8741740374042647
87,0.8787878787878789,0.8584186651824779
88,0.888888888888889,0.8531053832068006
89,0.8989898989898991,0.8582021004248238
90,0.9090909090909092,0.8720563836991359
91,0.9191919191919192,0.8910670925238002
92,0.9292929292929294,0.9093481770118088
93,0.9393939393939394,0.9189140103689715
94,0.9494949494949496,0.9107659890900867
95,0.9595959595959597,0.8763251655734311
96,0.9696969696969697,0.8087155671082619
97,0.9797979797979799,0.7048885596551457
98,0.98989898989899,0.569499350781214
99,1.0,0.41789261257389904
