,x,y,pNG
0,0.0,8.083504994848656e-146,
1,0.6030150753768844,4.006643485248526e-139,
2,1.2060301507537687,1.3629940795915792e-132,
3,1.809045226130653,3.182298094843867e-126,
4,2.4120603015075375,5.0994464916816574e-120,
5,3.015075376884422,5.6084466545404165e-114,
6,3.618090452261306,4.233524912476284e-108,
7,4.221105527638191,2.1933344490174063e-102,
8,4.824120603015075,7.799286236256184e-97,
9,5.427135678391959,1.9035187974932098e-91,0.0
10,6.030150753768844,3.1887325913628393e-86,0.0
11,6.633165829145728,3.6664480428372244e-81,0.0
12,7.236180904522612,2.8936721667119255e-76,0.0
13,7.839195979899497,1.567623619396092e-71,0.0
14,8.442211055276381,5.829594711950237e-67,0.0
15,9.045226130653266,1.4881897423116755e-62,0.0
16,9.64824120603015,2.608109210116977e-58,0.0
17,10.251256281407034,3.138130403369608e-54,0.002585978907965081
18,10.854271356783919,2.5925777919583863e-50,0.013500177316229768
19,11.457286432160803,1.470806694736669e-46,0.0339219475192768
20,12.060301507537687,5.730621593071402e-43,0.08226461533642426
21,12.663316582914572,1.533714306129502e-39,0.18418044839459854
22,13.266331658291456,2.820179180395871e-36,0.3192006451881578
23,13.86934673366834,3.56380964080715e-33,0.3684109576405018
24,14.472361809045225,3.0960121219654655e-30,0.3605660589044857
25,15.07537688442211,1.849785681697952e-27,0.3520987329421602
26,15.678391959798994,7.604917696329538e-25,0.3438358482797802
27,16.281407035175878,2.1527749817372054e-22,0.3358285822525192
28,16.884422110552762,4.19927453766021e-20,0.3281231460832621
29,17.487437185929647,5.649864339216783e-18,0.3208209068187877
30,18.09045226130653,5.249237035982296e-16,0.3143186594439993
31,18.693467336683415,3.3725594967710904e-14,0.30892682649333697
32,19.2964824120603,1.5009307475206854e-12,0.3050302149174896
33,19.899497487437184,4.636335308851181e-11,0.3015362444012054
34,20.50251256281407,9.964508611974685e-10,0.2969878490934831
35,21.105527638190953,1.4945333095617903e-08,0.2896708418122551
36,21.708542713567837,1.570479000191613e-07,0.2783271426515802
37,22.31155778894472,1.1628474321449735e-06,0.2635294068171098
38,22.914572864321606,6.125104229430681e-06,0.24702024562481886
39,23.51758793969849,2.3362058398175335e-05,0.22992760889191746
40,24.120603015075375,6.677946109746538e-05,0.2132596679617066
41,24.72361809045226,0.0001520642353425732,0.19729327143164388
42,25.326633165829143,0.0002995865465337493,0.1819333553905496
43,25.929648241206028,0.000544754767730325,0.1670245988181004
44,26.532663316582912,0.0009310157028871614,0.15267749466664882
45,27.135678391959797,0.0015070039920690027,0.13884866635146975
46,27.73869346733668,0.0023750967243617773,0.12579082469666036
47,28.341708542713565,0.003727414891316946,0.1136895223277362
48,28.94472361809045,0.005797950121623935,0.10268306038132002
49,29.547738693467334,0.008774311590721402,0.09284806176755178
50,30.15075376884422,0.01268102249405777,0.0843358969516429
51,30.753768844221103,0.01727650541068496,0.07712171866661753
52,31.356783919597987,0.022186074699045606,0.07134755190352893
53,31.95979899497487,0.027268523373474025,0.06718080061879195
54,32.562814070351756,0.03268954069080918,0.06466491059792245
55,33.16582914572864,0.03847190338747322,0.06384844133919376
56,33.768844221105525,0.04422477967493067,0.06480094726227825
57,34.37185929648241,0.04947959630162272,0.06751261973709377
58,34.97487437185929,0.05398219987545936,0.07202041613581311
59,35.577889447236174,0.05757756520895781,0.07852724613247153
60,36.18090452261306,0.06016127664983114,0.0873614688297466
61,36.78391959798995,0.06183830179398681,0.09825118343759842
62,37.38693467336683,0.06288596497621547,0.111998208856793
63,37.98994974874371,0.06338485763047409,0.1285521381644471
64,38.5929648241206,0.06305054421010263,0.14870244801206545
65,39.19597989949749,0.06176392275505495,0.17234963992201147
66,39.79899497487437,0.06004272105025275,0.20072277591210508
67,40.40201005025125,0.058503299698238136,0.2326339262303724
68,41.00502512562814,0.057155049241208906,0.2676376011139616
69,41.608040201005025,0.055616089357076605,0.3047715148036787
70,42.211055276381906,0.05359928759222767,0.3435786099219493
71,42.81407035175879,0.051077161992378425,0.3853344221166149
72,43.417085427135675,0.04838330311054435,0.4268248674511882
73,44.02010050251256,0.04590461861960112,0.4698677793086414
74,44.62311557788944,0.04350582931922255,0.5154895314171577
75,45.226130653266324,0.04073049172183895,0.5575343020990238
76,45.82914572864321,0.037539732641772065,0.5990551468049039
77,46.4321608040201,0.034378410827878216,0.6373216969278366
78,47.03517587939698,0.031569729242458024,0.6751374039059331
79,47.63819095477386,0.029023518458171773,0.7121530786733851
80,48.24120603015075,0.02656060449738302,0.7459151192511393
81,48.84422110552764,0.02422000432851035,0.7774558144066097
82,49.44723618090452,0.02210789601977634,0.806520935173375
83,50.0502512562814,0.020190351966954533,0.8326942302538363
84,50.65326633165829,0.01835479213875244,0.8576555893841482
85,51.256281407035175,0.016520113266920863,0.8796588219362034
86,51.859296482412056,0.014708263841619,0.8988453301127746
87,52.46231155778894,0.013062321395530128,0.9154264301414432
88,53.065326633165824,0.011693784145207494,0.9285890504258892
89,53.66834170854271,0.010527993077450611,0.9407791462948659
90,54.27135678391959,0.00939713623317275,0.9511279838786804
91,54.874371859296474,0.008235873521801362,0.960536157003672
92,55.47738693467336,0.007107031052581941,0.966558707380048
93,56.08040201005025,0.006102128827947223,0.9728791287385014
94,56.68341708542713,0.00526498724259258,0.977472188126228
95,57.28643216080401,0.004572319345630138,0.9818743700105974
96,57.8894472361809,0.004000893082678402,0.9849552157848732
97,58.49246231155779,0.003581406512989656,0.9876708106632632
98,59.09547738693467,0.0033171994919884407,0.9896342780618672
99,59.69849246231155,0.0031129004082606814,0.991462220054917
100,60.30150753768844,0.00284987480442144,0.9929802293963674
101,60.904522613065325,0.002499487667906234,0.9940370486403466
102,61.507537688442206,0.002133999334354089,0.9947934741266024
103,62.110552763819086,0.0018327108468056596,0.9955967443114208
104,62.713567839195974,0.0016108611680265695,0.9963721774570484
105,63.31658291457286,0.0014388478727682893,0.9969213245255326
106,63.91959798994974,0.0012746096376637442,0.9973122737599529
107,64.52261306532662,0.0010969974797717574,0.9976626783842416
108,65.12562814070351,0.0009492996927098193,0.9980050667826634
109,65.7286432160804,0.0008923751110535382,0.9983363374735588
110,66.33165829145727,0.0009048588244255973,0.9985897121555004
111,66.93467336683416,0.0008968090641275898,0.9988126300677572
112,67.53768844221105,0.0008125051406576345,0.9989245979026278
113,68.14070351758794,0.0006816501570159936,0.9991566724801842
114,68.74371859296483,0.0005792697269092159,0.999277713695395
115,69.3467336683417,0.0005431859713579796,0.9993867034894122
116,69.94974874371859,0.0005371719835909499,0.9994516302587084
117,70.55276381909547,0.0005067881469458771,0.9995181835825536
118,71.15577889447235,0.0004490358949256347,0.999542518911558
119,71.75879396984924,0.0003939490423662435,0.9996022874241656
120,72.36180904522612,0.0003441928323422074,0.9996066758244726
121,72.96482412060301,0.00028271282229871893,0.9996336787104304
122,73.5678391959799,0.00021932296241771774,0.9996447217671668
123,74.17085427135677,0.000184299711771608,0.9996498167775171
124,74.77386934673366,0.00018477318876408607,0.9996538596004352
125,75.37688442211055,0.0001933586899686709,0.9996845597269745
126,75.97989949748742,0.00018104073049759353,0.9996929732001444
127,76.58291457286431,0.00014786053169390511,0.9996954881189823
128,77.1859296482412,0.00011511510681575394,0.9997556550970618
129,77.78894472361809,9.741911919251095e-05,0.9999130981292907
130,78.39195979899498,9.006895197133315e-05,0.9999180487738458
131,78.99497487437185,8.378578508987447e-05,0.9999219837765814
132,79.59798994974874,8.249841519720779e-05,0.9999402271325668
133,80.20100502512562,9.12668018601822e-05,0.99994741776928
134,80.8040201005025,9.661081230597545e-05,0.9999512070627551
135,81.40703517587939,8.117742780747117e-05,0.9999619245442796
136,82.01005025125627,4.970948436467281e-05,0.9999658301204141
137,82.61306532663316,2.1535266778379637e-05,0.9999694853981256
138,83.21608040201005,6.526238070795231e-06,0.9999726886782132
139,83.81909547738692,1.378388829342145e-06,0.9999756790217249
140,84.42211055276381,2.3154117868012995e-07,0.9999782778252146
141,85.0251256281407,2.575684452138715e-07,0.9999828363536494
142,85.62814070351757,1.2680739085559238e-06,0.9999850611555962
143,86.23115577889446,4.641410629620311e-06,0.999987106445656
144,86.83417085427135,1.1672278365688536e-05,0.9999888573670892
145,87.43718592964824,2.0146254346657437e-05,0.9999904221105668
146,88.04020100502512,2.3864914335746483e-05,0.9999918489461
147,88.643216080402,1.9402257169707023e-05,0.9999930459869476
148,89.24623115577889,1.0826085241878497e-05,0.9999940767140856
149,89.84924623115577,4.1458867683524e-06,0.9999949986651075
150,90.45226130653265,1.0896580697355564e-06,0.9999958278429184
151,91.05527638190954,1.965576046929826e-07,0.9999965102603317
152,91.65829145728642,2.4334155072479393e-08,0.9999971092090366
153,92.26130653266331,2.0676141718124208e-09,0.9999976109291896
154,92.8643216080402,1.2057285313799577e-10,0.9999980506482068
155,93.46733668341707,4.825656270671922e-12,0.9999984070194944
156,94.07035175879396,1.325531457875933e-13,0.9999986966522272
157,94.67336683417085,2.4989093531311313e-15,0.9999989401579188
158,95.27638190954772,3.233238747623521e-17,0.9999991376472176
159,95.87939698492461,2.871123380007134e-19,0.9999993038652076
160,96.4824120603015,1.7498174584000806e-21,0.99999944299943
161,97.08542713567839,7.31914655807014e-24,0.9999995570450008
162,97.68844221105527,2.101139805523898e-26,0.9999996476800244
163,98.29145728643215,4.139770505371404e-29,0.9999997214058484
164,98.89447236180904,5.597890386881592e-32,0.9999997797164736
165,99.49748743718592,5.195164733128853e-35,0.9999998269564752
166,100.1005025125628,3.3090327441199657e-38,0.9999998641329392
167,100.70351758793969,1.4465372273622542e-41,0.9999998936517678
168,101.30653266331657,4.339952475441466e-45,0.9999999170475808
169,101.90954773869346,8.93649344953061e-49,0.9999999355245344
170,102.51256281407035,1.2629208045076742e-52,0.9999999502145228
171,103.11557788944722,1.2249317806016054e-56,0.9999999615823068
172,103.71859296482411,8.154071138037944e-61,0.9999999705524596
173,104.321608040201,3.725322695462432e-65,0.999999977408596
174,104.92462311557787,1.168100229116908e-69,0.9999999828515836
175,105.52763819095476,2.513756048923601e-74,0.9999999869956138
176,106.13065326633165,3.712726491487116e-79,0.9999999903002158
177,106.73366834170854,3.763479838044964e-84,0.9999999926281664
178,107.33668341708542,2.6182616178976555e-89,0.9999999944901076
179,107.9396984924623,1.2501533629637015e-94,0.9999999958829449
180,108.54271356783919,4.096758432999814e-100,0.999999996908535
181,109.14572864321607,9.213915560159322e-106,0.9999999976648252
182,109.74874371859295,1.4222466126736542e-111,0.9999999982937936
183,110.35175879396984,1.5067194583713774e-117,0.999999998745475
184,110.95477386934672,1.095510878483086e-123,0.9999999991010828
185,111.55778894472361,5.466732214417003e-130,0.9999999993469078
186,112.1608040201005,1.8722580886863405e-136,0.9999999995178009
187,112.76381909547737,4.400787912301625e-143,0.9999999996524364
188,113.36683417085426,7.099405313147975e-150,0.9999999997522412
189,113.96984924623115,7.860321542445291e-157,0.9999999998203628
190,114.57286432160802,5.972902996727625e-164,0.9999999998694008
191,115.17587939698491,3.114995472740502e-171,0.9999999999072636
192,115.7788944723618,1.114952040443184e-178,0.9999999999335344
193,116.38190954773869,2.7389352295490553e-186,0.9999999999531044
194,116.98492462311557,4.617789653525297e-194,0.9999999999664094
195,117.58793969849245,5.343346517101411e-202,0.99999999997658
196,118.19095477386934,4.243452456194205e-210,0.9999999999837672
197,118.79396984924622,2.3128749415543265e-218,0.999999999988682
198,119.3969849246231,8.651905549051425e-227,0.99999999999207
199,120.0,2.2212538686137733e-235,0.9999999999944272
