,x,y,pNG
0,0.0,2.220114721968205,0.0
1,0.005025125628140704,2.219481610953178,0.0
2,0.010050251256281407,2.2176258996226883,0.0
3,0.01507537688442211,2.2146784521910545,0.0
4,0.020100502512562814,2.2108565643591187,0.0
5,0.02512562814070352,2.206460120096361,0.0
6,0.03015075376884422,2.20186166609412,2.220446049250313e-16
7,0.035175879396984924,2.197487417714907,1.1102230246251563e-15
8,0.04020100502512563,2.1937873163951465,7.549516567451064e-15
9,0.04522613065326633,2.1911943182618465,3.486100297322992e-14
10,0.05025125628140704,2.1900757368247126,1.383337888682945e-13
11,0.05527638190954774,2.190682078442817,4.785061236134425e-13
12,0.06030150753768844,2.1931006886756865,1.4841461393189093e-12
13,0.06532663316582915,2.1972220712518524,4.199973702156966e-12
14,0.07035175879396985,2.2027256613692177,1.0992984300628448e-11
15,0.07537688442211056,2.209089267405127,2.6898927529828146e-11
16,0.08040201005025126,2.215622871333018,6.207279135139743e-11
17,0.08542713567839195,2.2215237624861857,1.3604450899151743e-10
18,0.09045226130653267,2.2259468356309964,2.8486080161371774e-10
19,0.09547738693467336,2.2280818636783586,5.726588092613838e-10
20,0.10050251256281408,2.227228881405409,1.1098912899853983e-09
21,0.10552763819095477,2.2228633970803044,2.0812813694703887e-09
22,0.11055276381909548,2.2146846858145737,3.7877010417020066e-09
23,0.11557788944723618,2.2026425511095926,6.707588262599984e-09
24,0.12060301507537688,2.1869403557933094,1.1585287951199064e-08
25,0.12562814070351758,2.168014592974544,1.955589989943718e-08
26,0.1306532663316583,2.146493624802664,3.231887280019663e-08
27,0.135678391959799,2.1231403020221,5.237580780192985e-08
28,0.1407035175879397,2.098784802628522,8.335175805118665e-08
29,0.1457286432160804,2.074254986531333,1.304238063104535e-07
30,0.15075376884422112,2.0503116811113484,2.0088598262635318e-07
31,0.15577889447236182,2.027595516367552,3.048856501708386e-07
32,0.16080402010050251,2.006590292864538,4.56373452140113e-07
33,0.1658291457286432,1.9876056189076459,6.743168279310653e-07
34,0.1708542713567839,1.9707790342777027,9.84236007472994e-07
35,0.17587939698492464,1.956095424129801,1.4201313316419828e-06
36,0.18090452261306533,1.9434195580686158,2.0268817668700483e-06
37,0.18592964824120603,1.9325363095754,2.8632065637301807e-06
38,0.19095477386934673,1.9231926385653086,4.005295189735136e-06
39,0.19597989949748745,1.915135747929715,5.551224879773997e-06
40,0.20100502512562815,1.9081428395898687,7.626300381979868e-06
41,0.20603015075376885,1.9020394053147751,1.0389466603921704e-05
42,0.21105527638190955,1.8967047573746494,1.404096181234493e-05
43,0.21608040201005024,1.892065292035689,1.8831396625285105e-05
44,0.22110552763819097,1.8880775706708661,2.5072462055297784e-05
45,0.22613065326633167,1.8847045383043621,3.314948808097462e-05
46,0.23115577889447236,1.8818889801490977,4.3536092309781615e-05
47,0.23618090452261306,1.8795285983016832,5.681117585598638e-05
48,0.24120603015075376,1.877456859079001,7.367854016515629e-05
49,0.24623115577889448,1.8754330166438395,9.498941356755886e-05
50,0.25125628140703515,1.87314348198503,0.00012176818921816324
51,0.2562814070351759,1.8702150555936878,0.0001552416859715855
52,0.2613065326633166,1.8662386564978306,0.00019687224973952144
53,0.2663316582914573,1.8608003613573885,0.00024839501389539714
54,0.271356783919598,1.8535152018997791,0.0003118596320621503
55,0.2763819095477387,1.8440586248136073,0.0003896767836720771
56,0.2814070351758794,1.8321910034073028,0.00048466973030514277
57,0.2864321608040201,1.81777203895109,0.0006001311670300603
58,0.2914572864321608,1.8007639384803655,0.0007398855655190718
59,0.2964824120603015,1.7812243433086452,0.0009083571420223092
60,0.30150753768844224,1.759291542434989,0.0011106435004868411
61,0.3065326633165829,1.7351651774580756,0.001352594895956072
62,0.31155778894472363,1.709085409174195,0.0016408989323892784
63,0.3165829145728643,1.681312678495609,0.0019831703484334273
64,0.32160804020100503,1.6521092424225678,0.002388045350483425
65,0.32663316582914576,1.621723042871528,0.002865279720645764
66,0.3316582914572864,1.590374379836221,0.0034258496541164085
67,0.33668341708542715,1.5582462068955176,0.004082053962641163
68,0.3417085427135678,1.5254793016219506,0.004847615915588244
69,0.34673366834170855,1.4921736766166376,0.005737782576480721
70,0.35175879396984927,1.458397111771811,0.0067694190313284395
71,0.35678391959798994,1.424200588745401,0.007961094399166924
72,0.36180904522613067,1.3896389478487905,0.009333155971870122
73,0.36683417085427134,1.3547936846830455,0.010907787261231872
74,0.37185929648241206,1.3197938824013562,0.012709045153906471
75,0.3768844221105528,1.2848311168642006,0.014762870813390228
76,0.38190954773869346,1.2501648394319484,0.017097068455051878
77,0.3869346733668342,1.21611609176134,0.01974124569636193
78,0.3919597989949749,1.1830491633370777,0.02272670890008477
79,0.3969849246231156,1.1513426549105632,0.02608630684242097
80,0.4020100502512563,1.121353088080578,0.029854216217591656
81,0.40703517587939697,1.0933755019282798,0.0340656630069478
82,0.4120603015075377,1.0676062637562012,0.03875657466706151
83,0.4170854271356784,1.0441134934704925,0.04396315949513308
84,0.4221105527638191,1.0228199860723053,0.049721411466245535
85,0.4271356783919598,1.0035022773610847,0.05606654133791822
86,0.4321608040201005,0.9858075713379044,0.06303233788205452
87,0.4371859296482412,0.9692877889304774,0.07065046668727748
88,0.44221105527638194,0.953447306462222,0.07894971797521633
89,0.4472361809045226,0.93779846093705,0.08795521912972826
90,0.45226130653266333,0.9219171090801337,0.09768763192004892
91,0.457286432160804,0.9054899015133139,0.1081623584180399
92,0.4623115577889447,0.8883457701647921,0.11938878302838417
93,0.46733668341708545,0.8704664461841763,0.13136958050521352
94,0.4723618090452261,0.8519743122931902,0.1441001209619175
95,0.47738693467336685,0.8330999229033443,0.1575680023811027
96,0.4824120603015075,0.8141352782876555,0.1717527387756841
97,0.48743718592964824,0.795381586813966,0.18662562784702966
98,0.49246231155778897,0.7771011621870295,0.20214981580098268
99,0.49748743718592964,0.759482024792274,0.21828056916742367
100,0.5025125628140703,0.7426209111295581,0.2349657544500421
101,0.507537688442211,0.7265263730661855,0.2521465167880159
102,0.5125628140703518,0.7111393776437194,0.26975813921982283
103,0.5175879396984925,0.6963652605242941,0.2877310553166181
104,0.5226130653266332,0.6821088189571175,0.3059919805741333
105,0.5276381909547738,0.6683041593636738,0.32446512257864146
106,0.5326633165829145,0.6549325911907466,0.3430734269796969
107,0.5376884422110553,0.6420249144866672,0.3617398158786821
108,0.542713567839196,0.6296481349450554,0.38038837731832265
109,0.5477386934673367,0.6178801225391284,0.3989454688605991
110,0.5527638190954774,0.6067782836977594,0.4173407043239209
111,0.5577889447236181,0.5963494738745923,0.4355078000548676
112,0.5628140703517588,0.5865279947311968,0.4533852650272802
113,0.5678391959798995,0.5771667711594906,0.4709169270004547
114,0.5728643216080402,0.5680441058158151,0.4880522944081132
115,0.577889447236181,0.5588853214841142,0.5047467601792219
116,0.5829145728643216,0.5493957149188017,0.5209616590310353
117,0.5879396984924623,0.5392990852471028,0.5366641937770232
118,0.592964824120603,0.528375048858098,0.551827248834457
119,0.5979899497487438,0.5164885963189656,0.5664291104762944
120,0.6030150753768845,0.5036068394865603,0.5804531136023
121,0.6080402010050251,0.48980035773614455,0.5938872341031469
122,0.6130653266331658,0.47522949994750724,0.6067236444786309
123,0.6180904522613065,0.46011883258084335,0.6189582484633316
124,0.6231155778894473,0.4447250438783109,0.6305902082109183
125,0.628140703517588,0.4293045600655647,0.6416214752632088
126,0.6331658291457286,0.41408670234818595,0.6520563342206792
127,0.6381909547738693,0.3992565383110657,0.6619009658412491
128,0.6432160804020101,0.3849490855910801,0.6711630342953384
129,0.6482412060301508,0.3712538336633385,0.679851301540131
130,0.6532663316582915,0.3582263191872538,0.6879752702635287
131,0.6582914572864321,0.34590224096758715,0.6955448555896078
132,0.6633165829145728,0.3343095821638126,0.7025700847191154
133,0.6683417085427136,0.32347534686437485,0.7090608228798867
134,0.6733668341708543,0.3134254533843531,0.7150265233553559
135,0.678391959798995,0.30417851257496026,0.7204759989167833
136,0.6834170854271356,0.2957360736169682,0.7254172116764129
137,0.6884422110552764,0.28807296891213574,0.7298570781782585
138,0.6934673366834171,0.28113138299713164,0.733801286425678
139,0.6984924623115578,0.274821236053974,0.7372541214892109
140,0.7035175879396985,0.26902770615032534,0.7402182963274583
141,0.7085427135678392,0.2636247016509742,0.7426947844745945
142,0.7135678391959799,0.2584913861017016,0.7446826512918109
143,0.7185929648241206,0.25352791992991625,0.7461788805422188
144,0.7236180904522613,0.248666673791584,0.7471781931305788
145,0.7286432160804021,0.24387626106411436,0.7476728549572064
146,0.7336683417085427,0.2391575285645865,0.7476524709825764
147,0.7386934673366834,0.23453264260561676,0.7471037628083135
148,0.7437185929648241,0.2300300748040328,0.7460103273827712
149,0.7487437185929648,0.22566920287884842,0.7443523748819951
150,0.7537688442211056,0.22144819939999608,0.742106444463035
151,0.7587939698492463,0.21733796063553468,0.7392450975221717
152,0.7638190954773869,0.21328333011965195,0.7357365894316727
153,0.7688442211055276,0.20921121686659336,0.7315445226273437
154,0.7738693467336684,0.2050438005688407,0.7266274865750821
155,0.7788944723618091,0.20071413518820994,0.7209386938140533
156,0.7839195979899498,0.19618121005502112,0.7144256262813014
157,0.7889447236180904,0.19144184000714662,0.7070297128680165
158,0.7939698492462312,0.1865374622025656,0.6986860681208962
159,0.7989949748743719,0.18155481318488736,0.6893233337323723
160,0.8040201005025126,0.17662036843939136,0.6788636795458769
161,0.8090452261306533,0.17188922625175512,0.6672230397853499
162,0.8140703517587939,0.1675297412076671,0.6543116834735379
163,0.8190954773869347,0.16370563233253488,0.6400352454858719
164,0.8241206030150754,0.1605575025062699,0.6242963755498581
165,0.8291457286432161,0.15818572129264008,0.6069971945137906
166,0.8341708542713568,0.1566364686406215,0.5880427759526633
167,0.8391959798994975,0.15589244819951806,0.5673458890044445
168,0.8442211055276382,0.15586939226635907,0.5448332332234866
169,0.8492462311557789,0.15641901801513472,0.5204533509071371
170,0.8542713567839196,0.15733855849082978,0.4941862941991742
171,0.8592964824120604,0.15838637241830117,0.4660549273956464
172,0.864321608040201,0.15930243932016075,0.43613743565287655
173,0.8693467336683417,0.15983182175631275,0.4045801792333803
174,0.8743718592964824,0.15974853890639593,0.3716094969763633
175,0.8793969849246231,0.1588769095209124,0.33754049391353225
176,0.8844221105527639,0.1571074548722881,0.3027803836903397
177,0.8894472361809045,0.1544050078647411,0.2678238018503152
178,0.8944723618090452,0.15080773546566376,0.23323789751017565
179,0.8994974874371859,0.14641718699888098,0.19963613235643365
180,0.9045226130653267,0.14138095474981138,0.16764157775709798
181,0.9095477386934674,0.1358707585118737,0.13784283067831282
182,0.914572864321608,0.13005947515621274,0.11074789201271662
183,0.9195979899497487,0.12410068721003231,0.0867427268022195
184,0.9246231155778895,0.11811373907237466,0.06606113519491362
185,0.9296482412060302,0.112176224494185,0.04877081983731424
186,0.9346733668341709,0.10632452490271214,0.034777543246586114
187,0.9396984924623115,0.10056172575504128,0.023845896092320015
188,0.9447236180904522,0.09487115984840348,0.01563241741503818
189,0.949748743718593,0.08923308850565868,0.009725299483936745
190,0.9547738693467337,0.08364168612693003,0.005684835019158285
191,0.9597989949748744,0.07811954019383419,0.0030798082938461317
192,0.964824120603015,0.07272728606620828,0.0015166329420850386
193,0.9698492462311558,0.06756671255658141,0.0006596546314946439
194,0.9748743718592965,0.06277662657372017,0.0002423165238953917
195,0.9798994974874372,0.05852184813559862,6.972449989328666e-05
196,0.9849246231155779,0.05497678112989492,1.3643579832356426e-05
197,0.9899497487437187,0.052305906871433126,1.321543143473214e-06
198,0.9949748743718593,0.050644116252961516,2.299478685241496e-08
199,1.0,0.050079910875767394,0.0
