,x,y
0,0.0,1.038021166267233e-20
1,0.010101010101010102,4.0195303544026506e-19
2,0.020202020202020204,1.3101839258732224e-17
3,0.030303030303030304,3.595686256928914e-16
4,0.04040404040404041,8.310972026146853e-15
5,0.05050505050505051,1.618450607400023e-13
6,0.06060606060606061,2.6565532569329035e-12
7,0.07070707070707072,3.677472191848364e-11
8,0.08080808080808081,4.2962679624769503e-10
9,0.09090909090909091,4.23953779837083e-09
10,0.10101010101010102,3.537526552440514e-08
11,0.11111111111111112,2.4993288208486845e-07
12,0.12121212121212122,1.4977104263575148e-06
13,0.13131313131313133,7.6284624797432865e-06
14,0.14141414141414144,3.3113221953355136e-05
15,0.15151515151515152,0.00012289751728838084
16,0.16161616161616163,0.0003915635534789489
17,0.17171717171717174,0.0010761805128501642
18,0.18181818181818182,0.0025663421799320533
19,0.19191919191919193,0.0053467792781736944
20,0.20202020202020204,0.009812736373854162
21,0.21212121212121213,0.01602125362637432
22,0.22222222222222224,0.02355289377922206
23,0.23232323232323235,0.03164779240336713
24,0.24242424242424243,0.03961068283719014
25,0.25252525252525254,0.04728825750150538
26,0.26262626262626265,0.0553651391244797
27,0.27272727272727276,0.0652965237509463
28,0.2828282828282829,0.07882861801412087
29,0.29292929292929293,0.0972923434482215
30,0.30303030303030304,0.12112492566850662
31,0.31313131313131315,0.1499955161467573
32,0.32323232323232326,0.18334228134108885
33,0.33333333333333337,0.2207223273331718
34,0.3434343434343435,0.26174205475696216
35,0.3535353535353536,0.30592715721622865
36,0.36363636363636365,0.35282443007166653
37,0.37373737373737376,0.4021754172706183
38,0.38383838383838387,0.45397314020961
39,0.393939393939394,0.5084510114153471
40,0.4040404040404041,0.5659699726527342
41,0.4141414141414142,0.6266399766677265
42,0.42424242424242425,0.6898279872713237
43,0.43434343434343436,0.7540399784626646
44,0.4444444444444445,0.8174244429175229
45,0.4545454545454546,0.8786189633024929
46,0.4646464646464647,0.9373939806734056
47,0.4747474747474748,0.9946442020161281
48,0.48484848484848486,1.0517904121637047
49,0.494949494949495,1.1103254184056484
50,0.5050505050505051,1.1720066565265708
51,0.5151515151515152,1.2388636755475333
52,0.5252525252525253,1.3117803855886858
53,0.5353535353535354,1.3883213663293696
54,0.5454545454545455,1.4624111483286897
55,0.5555555555555556,1.5273164263641492
56,0.5656565656565657,1.579904545018985
57,0.5757575757575758,1.622305808005972
58,0.5858585858585859,1.6592462224637192
59,0.595959595959596,1.6935223571219404
60,0.6060606060606061,1.7239509681217122
61,0.6161616161616162,1.7475071135416935
62,0.6262626262626263,1.7631773767102457
63,0.6363636363636365,1.7737820470456167
64,0.6464646464646465,1.7844068488911908
65,0.6565656565656566,1.7991873863455403
66,0.6666666666666667,1.819201660301003
67,0.6767676767676768,1.842715915066191
68,0.686868686868687,1.8668105909810526
69,0.696969696969697,1.888756772183368
70,0.7070707070707072,1.9066121828952558
71,0.7171717171717172,1.9194345132175141
72,0.7272727272727273,1.9272118885844076
73,0.7373737373737375,1.9302686801810307
74,0.7474747474747475,1.9285613543362672
75,0.7575757575757577,1.9218394971070079
76,0.7676767676767677,1.9107330357233876
77,0.7777777777777778,1.8974638556928471
78,0.787878787878788,1.8851606581189508
79,0.797979797979798,1.8762984378497611
80,0.8080808080808082,1.871381433289817
81,0.8181818181818182,1.8684864181233616
82,0.8282828282828284,1.8641029571030585
83,0.8383838383838385,1.855317334351089
84,0.8484848484848485,1.8419188148335743
85,0.8585858585858587,1.8265348798000436
86,0.8686868686868687,1.812935945183972
87,0.8787878787878789,1.804393854123356
88,0.888888888888889,1.8029333749414616
89,0.8989898989898991,1.8087114075687565
90,0.9090909090909092,1.8192945773967404
91,0.9191919191919192,1.8297645532536375
92,0.9292929292929294,1.8337680341386615
93,0.9393939393939394,1.8238992339544102
94,0.9494949494949496,1.7901954379176317
95,0.9595959595959597,1.7183469288311528
96,0.9696969696969697,1.591472495524629
97,0.9797979797979799,1.3979783028716743
98,0.98989898989899,1.1427298045082697
99,1.0,0.8530885011988862
