,x,y,pNG
0,0.0,3.070659123288808e-186,
1,0.6030150753768844,1.5974014845946828e-177,
2,1.2060301507537687,5.063590646817271e-169,
3,1.809045226130653,9.780591570182135e-161,
4,2.4120603015075375,1.1511546899846803e-152,
5,3.015075376884422,8.255897267947992e-145,
6,3.618090452261306,3.6079200266379153e-137,
7,4.221105527638191,9.607525676520163e-130,
8,4.824120603015075,1.5589358143608906e-122,
9,5.427135678391959,1.5413701504528543e-115,0.0
10,6.030150753768844,9.286406352045549e-109,0.0
11,6.633165829145728,3.40918408085767e-102,0.0
12,7.236180904522612,7.626323953467065e-96,0.0
13,7.839195979899497,1.039542085423901e-89,0.0
14,8.442211055276381,8.634375511138902e-84,0.0
15,9.045226130653266,4.370003829923734e-78,0.0
16,9.64824120603015,1.3477046664084387e-72,0.0
17,10.251256281407034,2.5326179222164887e-67,0.002585978907965081
18,10.854271356783919,2.9000577672112598e-62,0.013500177316229768
19,11.457286432160803,2.0235113795207506e-57,0.0339219475192768
20,12.060301507537687,8.603331999668236e-53,0.08226461533642426
21,12.663316582914572,2.2288956836036448e-48,0.18418044839459854
22,13.266331658291456,3.518639980802934e-44,0.3192006451881578
23,13.86934673366834,3.384713801074389e-40,0.3684109576405018
24,14.472361809045225,1.9839517260946445e-36,0.3605660589044857
25,15.07537688442211,7.086018440785233e-33,0.3520987329421602
26,15.678391959798994,1.5421814858942887e-29,0.3438358482797802
27,16.281407035175878,2.045176157553927e-26,0.3358285822525192
28,16.884422110552762,1.6526770125181246e-23,0.3281231460832621
29,17.487437185929647,8.137805037270236e-21,0.3208209068187877
30,18.09045226130653,2.4416792064758653e-18,0.3143186594439993
31,18.693467336683415,4.464079885052713e-16,0.30892682649333697
32,19.2964824120603,4.973216203360293e-14,0.3050302149174896
33,19.899497487437184,3.376017983994406e-12,0.3015362444012054
34,20.50251256281407,1.396478302246712e-10,0.2969878490934831
35,21.105527638190953,3.5198622155611576e-09,0.2896708418122551
36,21.708542713567837,5.40603902716311e-08,0.2783271426515802
37,22.31155778894472,5.059351633959766e-07,0.2635294068171098
38,22.914572864321606,2.8851889640609615e-06,0.24702024562481886
39,23.51758793969849,1.0026178129197955e-05,0.22992760889191746
40,24.120603015075375,2.1242011375691836e-05,0.2132596679617066
41,24.72361809045226,2.7608896424505142e-05,0.19729327143164388
42,25.326633165829143,2.376355594700773e-05,0.1819333553905496
43,25.929648241206028,2.5008281326338735e-05,0.1670245988181004
44,26.532663316582912,6.763694846254238e-05,0.15267749466664882
45,27.135678391959797,0.00019871799926559852,0.13884866635146975
46,27.73869346733668,0.0004544245958179734,0.12579082469666036
47,28.341708542713565,0.0008674990973866627,0.1136895223277362
48,28.94472361809045,0.001550074386203526,0.10268306038132002
49,29.547738693467334,0.0027279801391814694,0.09284806176755178
50,30.15075376884422,0.004661695123295087,0.0843358969516429
51,30.753768844221103,0.007620157179639531,0.07712171866661753
52,31.356783919597987,0.011850093771261158,0.07134755190352893
53,31.95979899497487,0.017360883995297657,0.06718080061879195
54,32.562814070351756,0.02379758773826284,0.06466491059792245
55,33.16582914572864,0.03075279283522529,0.06384844133919376
56,33.768844221105525,0.038113490841850464,0.06480094726227825
57,34.37185929648241,0.045704621853522344,0.06751261973709377
58,34.97487437185929,0.05281577993943427,0.07202041613581311
59,35.577889447236174,0.05862519627345704,0.07852724613247153
60,36.18090452261306,0.06279978704193377,0.0873614688297466
61,36.78391959798995,0.06569632611043393,0.09825118343759842
62,37.38693467336683,0.068127291890462,0.111998208856793
63,37.98994974874371,0.07048268150092882,0.1285521381644471
64,38.5929648241206,0.0724706202580486,0.14870244801206545
65,39.19597989949749,0.07370723745505602,0.17234963992201147
66,39.79899497487437,0.07389628048987648,0.20072277591210508
67,40.40201005025125,0.0726231412673526,0.2326339262303724
68,41.00502512562814,0.0696716798356075,0.2676376011139616
69,41.608040201005025,0.06560428391136926,0.3047715148036787
70,42.211055276381906,0.0613511162972907,0.3435786099219493
71,42.81407035175879,0.0572904962847864,0.3853344221166149
72,43.417085427135675,0.053232000072515405,0.4268248674511882
73,44.02010050251256,0.0491555068587517,0.4698677793086414
74,44.62311557788944,0.04549311008942336,0.5154895314171577
75,45.226130653266324,0.042590680224392996,0.5575343020990238
76,45.82914572864321,0.04001056452807033,0.5990551468049039
77,46.4321608040201,0.03690142555747469,0.6373216969278366
78,47.03517587939698,0.033055509435877914,0.6751374039059331
79,47.63819095477386,0.02905426464247782,0.7121530786733851
80,48.24120603015075,0.025473114292230252,0.7459151192511393
81,48.84422110552764,0.0224064711546745,0.7774558144066097
82,49.44723618090452,0.019790784683546517,0.806520935173375
83,50.0502512562814,0.017655359967018544,0.8326942302538363
84,50.65326633165829,0.015944149014203053,0.8576555893841482
85,51.256281407035175,0.014396112899486028,0.8796588219362034
86,51.859296482412056,0.012818627539493213,0.8988453301127746
87,52.46231155778894,0.01132460163651341,0.9154264301414432
88,53.065326633165824,0.010060550551664653,0.9285890504258892
89,53.66834170854271,0.008934546559327088,0.9407791462948659
90,54.27135678391959,0.0077960640625278155,0.9511279838786804
91,54.874371859296474,0.006671556930916667,0.960536157003672
92,55.47738693467336,0.005709734344526023,0.966558707380048
93,56.08040201005025,0.004983430930331164,0.9728791287385014
94,56.68341708542713,0.004408611685014593,0.977472188126228
95,57.28643216080401,0.003881350830666741,0.9818743700105974
96,57.8894472361809,0.003349688690449468,0.9849552157848732
97,58.49246231155779,0.002798471479083425,0.9876708106632632
98,59.09547738693467,0.002302037869858513,0.9896342780618672
99,59.69849246231155,0.001957278370255067,0.991462220054917
100,60.30150753768844,0.0017529322164000886,0.9929802293963674
101,60.904522613065325,0.0015945175082962544,0.9940370486403466
102,61.507537688442206,0.0014093989536291035,0.9947934741266024
103,62.110552763819086,0.0012139545952302754,0.9955967443114208
104,62.713567839195974,0.001092753246175311,0.9963721774570484
105,63.31658291457286,0.0010509007213940845,0.9969213245255326
106,63.91959798994974,0.000986328588138156,0.9973122737599529
107,64.52261306532662,0.0008646114490269473,0.9976626783842416
108,65.12562814070351,0.000730610619642375,0.9980050667826634
109,65.7286432160804,0.0006004951771057658,0.9983363374735588
110,66.33165829145727,0.0004919729322213641,0.9985897121555004
111,66.93467336683416,0.0004448711819706728,0.9988126300677572
112,67.53768844221105,0.0004335430988360419,0.9989245979026278
113,68.14070351758794,0.000384694394106467,0.9991566724801842
114,68.74371859296483,0.0002955285839417308,0.999277713695395
115,69.3467336683417,0.00021846146776399394,0.9993867034894122
116,69.94974874371859,0.00017799979607735977,0.9994516302587084
117,70.55276381909547,0.00016533864925943848,0.9995181835825536
118,71.15577889447235,0.00015680374397187186,0.999542518911558
119,71.75879396984924,0.00013509805573510647,0.9996022874241656
120,72.36180904522612,0.00010773536943079093,0.9996066758244726
121,72.96482412060301,9.079103184444192e-05,0.9996336787104304
122,73.5678391959799,8.10598702042503e-05,0.9996447217671668
123,74.17085427135677,6.335067091723246e-05,0.9996498167775171
124,74.77386934673366,4.205923456304518e-05,0.9996538596004352
125,75.37688442211055,3.9917090079001086e-05,0.9996845597269745
126,75.97989949748742,6.180760114330399e-05,0.9996929732001444
127,76.58291457286431,7.972895142390999e-05,0.9996954881189823
128,77.1859296482412,6.912740102496241e-05,0.9997556550970618
129,77.78894472361809,4.570617455964889e-05,0.9999130981292907
130,78.39195979899498,4.0046479738099305e-05,0.9999180487738458
131,78.99497487437185,5.604247643486194e-05,0.9999219837765814
132,79.59798994974874,7.176841689279388e-05,0.9999402271325668
133,80.20100502512562,6.587585480275506e-05,0.99994741776928
134,80.8040201005025,4.049173810494723e-05,0.9999512070627551
135,81.40703517587939,1.6047394708879954e-05,0.9999619245442796
136,82.01005025125627,4.0025031549637325e-06,0.9999658301204141
137,82.61306532663316,6.196568899161833e-07,0.9999694853981256
138,83.21608040201005,5.9116707923494646e-08,0.9999726886782132
139,83.81909547738692,3.4626011339946486e-09,0.9999756790217249
140,84.42211055276381,1.242795693880129e-10,0.9999782778252146
141,85.0251256281407,2.730542788747606e-12,0.9999828363536494
142,85.62814070351757,3.670068522592811e-14,0.9999850611555962
143,86.23115577889446,3.0163545037391897e-16,0.999987106445656
144,86.83417085427135,1.5153765850079417e-18,0.9999888573670892
145,87.43718592964824,4.652177955209119e-21,0.9999904221105668
146,88.04020100502512,8.725083959770183e-24,0.9999918489461
147,88.643216080402,9.994236681073415e-27,0.9999930459869476
148,89.24623115577889,6.990263884130762e-30,0.9999940767140856
149,89.84924623115577,2.9847388480938248e-33,0.9999949986651075
150,90.45226130653265,7.778581738142903e-37,0.9999958278429184
151,91.05527638190954,1.2370742758846766e-40,0.9999965102603317
152,91.65829145728642,1.2003824794520171e-44,0.9999971092090366
153,92.26130653266331,7.105690156980729e-49,0.9999976109291896
154,92.8643216080402,2.565644528594624e-53,0.9999980506482068
155,93.46733668341707,5.6498556653361395e-58,0.9999984070194944
156,94.07035175879396,7.587202233180617e-63,0.9999986966522272
157,94.67336683417085,6.212801190527496e-68,0.9999989401579188
158,95.27638190954772,3.101827089034398e-73,0.9999991376472176
159,95.87939698492461,9.441461332896536e-79,0.9999993038652076
160,96.4824120603015,1.7519569456540602e-84,0.99999944299943
161,97.08542713567839,1.981731304965778e-90,0.9999995570450008
162,97.68844221105527,1.3664095862006433e-96,0.9999996476800244
163,98.29145728643215,5.742648514658126e-103,0.9999997214058484
164,98.89447236180904,1.4710303426150473e-109,0.9999997797164736
165,99.49748743718592,2.296646184112167e-116,0.9999998269564752
166,100.1005025125628,2.1853274883425775e-123,0.9999998641329392
167,100.70351758793969,1.2672943684140697e-130,0.9999998936517678
168,101.30653266331657,4.4788555417276455e-138,0.9999999170475808
169,101.90954773869346,9.646649344523274e-146,0.9999999355245344
170,102.51256281407035,1.2661881639245768e-153,0.9999999502145228
171,103.11557788944722,1.0128047743251296e-161,0.9999999615823068
172,103.71859296482411,4.936887507460221e-170,0.9999999705524596
173,104.321608040201,1.4664786277476607e-178,0.999999977408596
174,104.92462311557787,2.6545378609271415e-187,0.9999999828515836
175,105.52763819095476,2.9281210054794887e-196,0.9999999869956138
176,106.13065326633165,1.9682159674507149e-205,0.9999999903002158
177,106.73366834170854,8.061897451534029e-215,0.9999999926281664
178,107.33668341708542,2.0122415101324022e-224,0.9999999944901076
179,107.9396984924623,3.0605473675050915e-234,0.9999999958829449
180,108.54271356783919,2.8365628394336453e-244,0.999999996908535
181,109.14572864321607,1.6019848143850473e-254,0.9999999976648252
182,109.74874371859295,5.513097289100193e-265,0.9999999982937936
183,110.35175879396984,1.1561201550858827e-275,0.999999998745475
184,110.95477386934672,1.4773360062228068e-286,0.9999999991010828
185,111.55778894472361,1.1503332339214476e-297,0.9999999993469078
186,112.1608040201005,5.458022560651357e-309,0.9999999995178009
187,112.76381909547737,1.578e-320,0.9999999996524364
188,113.36683417085426,0.0,0.9999999997522412
189,113.96984924623115,0.0,0.9999999998203628
190,114.57286432160802,0.0,0.9999999998694008
191,115.17587939698491,0.0,0.9999999999072636
192,115.7788944723618,0.0,0.9999999999335344
193,116.38190954773869,0.0,0.9999999999531044
194,116.98492462311557,0.0,0.9999999999664094
195,117.58793969849245,0.0,0.99999999997658
196,118.19095477386934,0.0,0.9999999999837672
197,118.79396984924622,0.0,0.999999999988682
198,119.3969849246231,0.0,0.99999999999207
199,120.0,0.0,0.9999999999944272
