,x,y,pNG
0,0.0,1.3910003199188599,0.12533111851005752
1,0.005025125628140704,1.390543534285904,0.12515540962561222
2,0.010050251256281407,1.389187845428999,0.1249781500566417
3,0.01507537688442211,1.3869765659681617,0.12479932818649064
4,0.020100502512562814,1.3839796236963589,0.12461893296737915
5,0.02512562814070352,1.3802903242130025,0.12443695397445895
6,0.03015075376884422,1.3760211051918796,0.12425338145851585
7,0.035175879396984924,1.3712985294753264,0.12406820639699535
8,0.04020100502512563,1.3662577869173598,0.12388142054303285
9,0.04522613065326633,1.3610369743871762,0.12369301647220945
10,0.05025125628140704,1.3557714050034366,0.12350298762673405
11,0.05527638190954774,1.3505881692393096,0.12331132835682103
12,0.06030150753768844,1.3456011401126349,0.1231180339589969
13,0.06532663316582915,1.3409065886741114,0.12292310071116595
14,0.07035175879396985,1.336579557561929,0.12272652590422704
15,0.07537688442211056,1.3326711285674846,0.12252830787009028
16,0.08040201005025126,1.329206710205462,0.12232844600604753
17,0.08542713567839195,1.3261854559492956,0.12212694079534304
18,0.09045226130653267,1.3235808953851533,0.1219237938239991
19,0.09547738693467336,1.321342813298471,0.12171900779393485
20,0.10050251256281408,1.31940034390815,0.12151258653245768
21,0.10552763819095477,1.317666162688226,0.12130453499835248
22,0.11055276381909548,1.3160415654202982,0.1210948592848652
23,0.11557788944723618,1.314422136384685,0.12088356661995835
24,0.12060301507537688,1.312703639754934,0.12067066536440985
25,0.12562814070351758,1.3107877338641964,0.12045616500843292
26,0.1306532663316583,1.3085871163212155,0.1202400761677177
27,0.135678391959799,1.3060297615933023,0.12002241057999675
28,0.1407035175879397,1.3030620065300635,0.11980318110348898
29,0.1457286432160804,1.2996503609530725,0.1195824017189202
30,0.15075376884422112,1.2957820520695664,0.11936008753706615
31,0.15577889447236182,1.2914644329573364,0.1191362548142778
32,0.16080402010050251,1.2867234779183765,0.1189109209787792
33,0.1658291457286432,1.2816016371602155,0.11868410467114188
34,0.1708542713567839,1.276155323664258,0.11845582580279435
35,0.17587939698492464,1.2704522588498883,0.1182261056371522
36,0.18090452261306533,1.2645688221495242,0.1179949668986211
37,0.18592964824120603,1.2585874512787671,0.11776243391542572
38,0.19095477386934673,1.2525940470481838,0.11752853280320265
39,0.19597989949748745,1.2466752710361493,0.11729329169701475
40,0.20100502512562815,1.2409156038522218,0.11705674104058085
41,0.20603015075376885,1.2353940653382003,0.11681891394243205
42,0.21105527638190955,1.2301805843640297,0.11657984660985075
43,0.21608040201005024,1.2253321318578698,0.1163395788725864
44,0.22110552763819097,1.22088887328225,0.11609815480945407
45,0.22613065326633167,1.2168707263491894,0.1158556234922622
46,0.23115577889447236,1.2132747955096053,0.1156120398625594
47,0.23618090452261306,1.2100741706045806,0.1153674657580489
48,0.24120603015075376,1.2072185074988167,0.1151219711066208
49,0.24623115577889448,1.2046366527248893,0.11487563530711398
50,0.25125628140703515,1.2022413476780487,0.11462854881696805
51,0.2562814070351759,1.199935781041412,0.11438081496789175
52,0.2613065326633166,1.1976214913772436,0.11413255203147656
53,0.2663316582914573,1.195206898854599,0.11388389555729815
54,0.271356783919598,1.1926156047457268,0.11363500100649936
55,0.2763819095477387,1.1897935662677575,0.11338604670395536
56,0.2814070351758794,1.1867143418461297,0.1131372371320074
57,0.2864321608040201,1.1833817979523442,0.11288880658817445
58,0.2914572864321608,1.1798299459254855,0.11264102322838533
59,0.2964824120603015,1.1761198959524168,0.11239419351578904
60,0.30150753768844224,1.1723342309770246,0.11214866709333073
61,0.3065326633165829,1.1685693738651866,0.11190484209570706
62,0.31155778894472363,1.1649267143358923,0.11166317091314236
63,0.3165829145728643,1.1615033595031634,0.11142416641552877
64,0.32160804020100503,1.1583833700386301,0.11118840864076962
65,0.32663316582914576,1.1556302531446367,0.11095655194568088
66,0.3316582914572864,1.1532813236157564,0.1107293326113018
67,0.33668341708542715,1.1513443400635084,0.11050757688713576
68,0.3417085427135678,1.1497966000615942,0.11029220945039253
69,0.34673366834170855,1.148586457734981,0.11008426224684564
70,0.35175879396984927,1.147637027707786,0.10988488366936576
71,0.35678391959798994,1.1468516730780722,0.10969534801851323
72,0.36180904522613067,1.1461207509907878,0.10951706517674598
73,0.36683417085427134,1.1453290133696121,0.10935159041393172
74,0.37185929648241206,1.144363036190245,0.10920063422684534
75,0.3768844221105528,1.143118079751921,0.10906607209932496
76,0.38190954773869346,1.1415038629507614,0.10894995405287576
77,0.3869346733668342,1.1394488604297102,0.1088545138397854
78,0.3919597989949749,1.1369028913264299,0.10878217761253528
79,0.3969849246231156,1.1338379457624712,0.10873557188463034
80,0.4020100502512563,1.1302473701936007,0.10871753057917456
81,0.40703517587939697,1.1261436843083106,0.10873110094304883
82,0.4120603015075377,1.1215554118290987,0.10877954808671796
83,0.4170854271356784,1.1165233626955755,0.10886635789297183
84,0.4221105527638191,1.111096800379758,0.10899523802302813
85,0.4271356783919598,1.1053298704423327,0.10917011673571808
86,0.4321608040201005,1.099278568130679,0.10939513922597832
87,0.4371859296482412,1.0929984027643187,0.1096746611831072
88,0.44221105527638194,1.0865427957000946,0.1100132392681622
89,0.4472361809045226,1.0799621456136623,0.11041561821425283
90,0.45226130653266333,1.0733034230749678,0.11088671426440078
91,0.457286432160804,1.0666101219475062,0.11143159467965902
92,0.4623115577889447,1.0599223963422506,0.11205545307647324
93,0.46733668341708545,1.053277240718247,0.1127635803874426
94,0.4723618090452261,1.0467086154556138,0.11356133128421694
95,0.47738693467336685,1.0402474682866754,0.11445408595608042
96,0.4824120603015075,1.0339216428512106,0.11544720720254242
97,0.48743718592964824,1.027755692829575,0.11654599287345345
98,0.49246231155778897,1.0217706318415825,0.117755623774926
99,0.49748743718592964,1.0159836481063624,0.11908110725319955
100,0.5025125628140703,1.0104078041352744,0.12052721677006205
101,0.507537688442211,1.0050517318384864,0.12209842789098245
102,0.5125628140703518,0.9999193278239881,0.12379885121833545
103,0.5175879396984925,0.9950094555303857,0.12563216291441948
104,0.5226130653266332,0.9903156704354348,0.12760153356923798
105,0.5276381909547738,0.9858259994838007,0.12970955627252634
106,0.5326633165829145,0.9815228217799469,0.13195817484470873
107,0.5376884422110553,0.9773829095394557,0.13434861326305114
108,0.542713567839196,0.9733776919034857,0.1368813073834806
109,0.5477386934673367,0.9694737966643808,0.13955584010144073
110,0.5527638190954774,0.9656339054761837,0.1423708811131864
111,0.5577889447236181,0.9618179281395899,0.1453241324295086
112,0.5628140703517588,0.9579844643011799,0.14841228075456006
113,0.5678391959798995,0.9540924809226758,0.15163095777250968
114,0.5728643216080402,0.950103096340202,0.1549747092838224
115,0.577889447236181,0.9459813318845218,0.15843697400270595
116,0.5829145728643216,0.9416976746477571,0.16201007266985767
117,0.5879396984924623,0.9372292939376272,0.16568520795418973
118,0.592964824120603,0.9325607718171988,0.1694524754185429
119,0.5979899497487438,0.9276842457119218,0.17330088561364154
120,0.6030150753768845,0.9225989170404437,0.17721839714846155
121,0.6080402010050251,0.9173099503466423,0.1811919603710369
122,0.6130653266331658,0.9118268659647045,0.18520757108933072
123,0.6180904522613065,0.9061616068557662,0.1892503335740391
124,0.6231155778894473,0.9003265261387265,0.19330453192140215
125,0.628140703517588,0.8943325846505213,0.19735370872003188
126,0.6331658291457286,0.8881880573714882,0.20138074986659396
127,0.6381909547738693,0.8818980165614524,0.20536797431433074
128,0.6432160804020101,0.875464785725096,0.2092972275184716
129,0.6482412060301508,0.8688894461272493,0.21314997736388666
130,0.6532663316582915,0.8621743373667403,0.21690741142250247
131,0.6582914572864321,0.8553263424196963,0.22055053448866524
132,0.6633165829145728,0.8483606065829485,0.22406026547646585
133,0.6683417085427136,0.8413042308827801,0.22741753292995426
134,0.6733668341708543,0.8341994230634989,0.2306033685893444
135,0.678391959798995,0.8271055962244578,0.233598998668879
136,0.6834170854271356,0.8200999804405256,0.23638593272802666
137,0.6884422110552764,0.8132764498321808,0.23894605025154825
138,0.6934673366834171,0.8067424503558628,0.2412616852891576
139,0.6984924623115578,0.8006141186112935,0.2433157097357681
140,0.7035175879396985,0.7950098824040036,0.24509161605291385
141,0.7085427135678392,0.790043004041825,0.2465736004344138
142,0.7135678391959799,0.7858136471719271,0.24774664759887066
143,0.7185929648241206,0.7824011055740951,0.2485966185414891
144,0.7236180904522613,0.7798568254890684,0.24911034269116986
145,0.7286432160804021,0.7781987883390771,0.2492757159882157
146,0.7336683417085427,0.777407711004955,0.2490818064137271
147,0.7386934673366834,0.7774253820754593,0.24851896845498844
148,0.7437185929648241,0.778155300238972,0.2475789678683956
149,0.7487437185929648,0.779465627917502,0.24625511789090335
150,0.7537688442211056,0.7811943279772333,0.2445424277363064
151,0.7587939698492463,0.7831562187990391,0.24243776377850726
152,0.7638190954773869,0.7851515658082091,0.2399400232529377
153,0.7688442211055276,0.7869757280791476,0.2370503195834825
154,0.7738693467336684,0.7884293005137554,0.2337721775514936
155,0.7788944723618091,0.7893281410598918,0.2301117354564768
156,0.7839195979899498,0.7895126557471595,0.22607795017285534
157,0.7889447236180904,0.7888557391252193,0.22168279959380788
158,0.7939698492462312,0.7872688387495816,0.21694147539682795
159,0.7989949748743719,0.7847057297934522,0.2118725574130479
160,0.8040201005025126,0.7811637436860823,0.2064981592052149
161,0.8090452261306533,0.7766823806069152,0.2008440328596801
162,0.8140703517587939,0.7713394323506628,0.194939619610122
163,0.8190954773869347,0.7652449295393193,0.1888180319019902
164,0.8241206030150754,0.758533385849695,0.1825159520720826
165,0.8291457286432161,0.7513549257720186,0.17607343317081306
166,0.8341708542713568,0.7438659411220173,0.1695335888117271
167,0.8391959798994975,0.7362199217575177,0.16294216148824936
168,0.8442211055276382,0.7285590512327215,0.15634696269461812
169,0.8492462311557789,0.7210070576913511,0.1497971834834172
170,0.8542713567839196,0.7136636772692881,0.1433425807208546
171,0.8592964824120604,0.7066009366523047,0.13703255204532394
172,0.864321608040201,0.6998613083708382,0.13091512100491332
173,0.8693467336683417,0.6934576509519641,0.12503586248435938
174,0.8743718592964824,0.6873747283225291,0.11943680662398724
175,0.8793969849246231,0.6815720185852807,0.11415536618348955
176,0.8844221105527639,0.6759874782836214,0.10922333690199904
177,0.8894472361809045,0.6705419277498263,0.10466602213240496
178,0.8944723618090452,0.6651437648143228,0.10050153135718733
179,0.8994974874371859,0.6596937913208403,0.09674029688777784
180,0.9045226130653267,0.6540900368487058,0.09338484422211757
181,0.9095477386934674,0.6482325684802619,0.09042983966160399
182,0.914572864321608,0.6420283621565418,0.08786242466728755
183,0.9195979899497487,0.6353963572488371,0.08566283109420503
184,0.9246231155778895,0.6282728023664462,0.0838052560069793
185,0.9296482412060302,0.620616916906846,0.08225896032641611
186,0.9346733668341709,0.6124167425354312,0.08098954298003336
187,0.9396984924623115,0.6036948606558752,0.07996033214943754
188,0.9447236180904522,0.594513440433343,0.07913382793555679
189,0.949748743718593,0.5849779027849055,0.07847312634076997
190,0.9547738693467337,0.5752383882870858,0.07794325277116987
191,0.9597989949748744,0.5654882439949237,0.07751233416656977
192,0.964824120603015,0.5559589214268705,0.0771525424385342
193,0.9698492462311558,0.5469110053599603,0.07684074860983857
194,0.9748743718592965,0.538621540358303,0.07655883797161889
195,0.9798994974874372,0.531368330366672,0.07629365352868599
196,0.9849246231155779,0.5254123770692888,0.07603656066154085
197,0.9899497487437187,0.5209800089927442,0.07578266386546995
198,0.9949748743718593,0.5182464590798078,0.07552976114480614
199,1.0,0.5173226228572204,0.07527719885202377
