,x,y,pNG
0,0.0,0.9897525879231691,0.12533111851005752
1,0.005025125628140704,0.989853947290006,0.12515540962561222
2,0.010050251256281407,0.9901567169901911,0.1249781500566417
3,0.01507537688442211,0.9906571033477881,0.12479932818649064
4,0.020100502512562814,0.9913491906530627,0.12461893296737915
5,0.02512562814070352,0.992225448679767,0.12443695397445895
6,0.03015075376884422,0.9932772592870379,0.12425338145851585
7,0.035175879396984924,0.9944953256416571,0.12406820639699535
8,0.04020100502512563,0.9958698455931975,0.12388142054303285
9,0.04522613065326633,0.9973903748979077,0.12369301647220945
10,0.05025125628140704,0.9990453679165561,0.12350298762673405
11,0.05527638190954774,1.0008214510790263,0.12331132835682103
12,0.06030150753768844,1.0027025445626905,0.1231180339589969
13,0.06532663316582915,1.004668988454073,0.12292310071116595
14,0.07035175879396985,1.006696843137423,0.12272652590422704
15,0.07537688442211056,1.0087575171588996,0.12252830787009028
16,0.08040201005025126,1.010817832611819,0.12232844600604753
17,0.08542713567839195,1.0128405765919117,0.12212694079534304
18,0.09045226130653267,1.014785519263986,0.1219237938239991
19,0.09547738693467336,1.016610817235804,0.12171900779393485
20,0.10050251256281408,1.0182746761833543,0.12151258653245768
21,0.10552763819095477,1.0197371259731678,0.12130453499835248
22,0.11055276381909548,1.0209617665185442,0.1210948592848652
23,0.11557788944723618,1.0219173694248593,0.12088356661995835
24,0.12060301507537688,1.0225792607836888,0.12067066536440985
25,0.12562814070351758,1.022930453458209,0.12045616500843292
26,0.1306532663316583,1.0229625321182634,0.1202400761677177
27,0.135678391959799,1.0226763129705818,0.12002241057999675
28,0.1407035175879397,1.0220822989310054,0.11980318110348898
29,0.1457286432160804,1.0212009316525124,0.1195824017189202
30,0.15075376884422112,1.0200626111800022,0.11936008753706615
31,0.15577889447236182,1.0187074224133927,0.1191362548142778
32,0.16080402010050251,1.0171844865256314,0.1189109209787792
33,0.1658291457286432,1.0155508548604948,0.11868410467114188
34,0.1708542713567839,1.013869888319982,0.11845582580279435
35,0.17587939698492464,1.0122091166533076,0.1182261056371522
36,0.18090452261306533,1.0106376428310437,0.1179949668986211
37,0.18592964824120603,1.0092232358448914,0.11776243391542572
38,0.19095477386934673,1.0080293255768276,0.11752853280320265
39,0.19597989949748745,1.0071121603822453,0.11729329169701475
40,0.20100502512562815,1.0065183993381497,0.11705674104058085
41,0.20603015075376885,1.0062833802207807,0.11681891394243205
42,0.21105527638190955,1.0064302323427068,0.11657984660985075
43,0.21608040201005024,1.0069698994744343,0.1163395788725864
44,0.22110552763819097,1.0079020178995155,0.11609815480945407
45,0.22613065326633167,1.009216477847386,0.1158556234922622
46,0.23115577889447236,1.0108954031579178,0.1156120398625594
47,0.23618090452261306,1.0129152307791462,0.1153674657580489
48,0.24120603015075376,1.015248568820732,0.1151219711066208
49,0.24623115577889448,1.0178655611402199,0.11487563530711398
50,0.25125628140703515,1.0207345806653625,0.11462854881696805
51,0.2562814070351759,1.023822197961747,0.11438081496789175
52,0.2613065326633166,1.0270925058808218,0.11413255203147656
53,0.2663316582914573,1.03050600368194,0.11388389555729815
54,0.271356783919598,1.0340183349737166,0.11363500100649936
55,0.2763819095477387,1.0375792185080661,0.11338604670395536
56,0.2814070351758794,1.0411319020695555,0.1131372371320074
57,0.2864321608040201,1.0446134086086039,0.11288880658817445
58,0.2914572864321608,1.0479557394813372,0.11264102322838533
59,0.2964824120603015,1.051088067563758,0.11239419351578904
60,0.30150753768844224,1.0539398122105588,0.11214866709333073
61,0.3065326633165829,1.0564443584292145,0.11190484209570706
62,0.31155778894472363,1.058543082060192,0.11166317091314236
63,0.3165829145728643,1.0601892845637955,0.11142416641552877
64,0.32160804020100503,1.061351632509061,0.11118840864076962
65,0.32663316582914576,1.0620167385596426,0.11095655194568088
66,0.3316582914572864,1.0621906065983235,0.1107293326113018
67,0.33668341708542715,1.0618987820144896,0.11050757688713576
68,0.3417085427135678,1.0611851835796324,0.11029220945039253
69,0.34673366834170855,1.0601097284133376,0.11008426224684564
70,0.35175879396984927,1.0587449793838393,0.10988488366936576
71,0.35678391959798994,1.0571721306074413,0.10969534801851323
72,0.36180904522613067,1.0554766917239942,0.10951706517674598
73,0.36683417085427134,1.0537442313696277,0.10935159041393172
74,0.37185929648241206,1.052056497164106,0.10920063422684534
75,0.3768844221105528,1.0504881520509732,0.10906607209932496
76,0.38190954773869346,1.049104268241947,0.10894995405287576
77,0.3869346733668342,1.0479586163317705,0.1088545138397854
78,0.3919597989949749,1.0470926945283365,0.10878217761253528
79,0.3969849246231156,1.046535374991178,0.10873557188463034
80,0.4020100502512563,1.0463030096876527,0.10871753057917456
81,0.40703517587939697,1.0463998392191305,0.10873110094304883
82,0.4120603015075377,1.046818580210059,0.10877954808671796
83,0.4170854271356784,1.0475411197187072,0.10886635789297183
84,0.4221105527638191,1.0485393046473168,0.10899523802302813
85,0.4271356783919598,1.0497758654431835,0.10917011673571808
86,0.4321608040201005,1.051205543969155,0.10939513922597832
87,0.4371859296482412,1.0527764977421443,0.1096746611831072
88,0.44221105527638194,1.0544320258282005,0.1100132392681622
89,0.4472361809045226,1.0561126113133874,0.11041561821425283
90,0.45226130653266333,1.0577582126255807,0.11088671426440078
91,0.457286432160804,1.0593106751303103,0.11143159467965902
92,0.4623115577889447,1.0607160891642886,0.11205545307647324
93,0.46733668341708545,1.061926901464746,0.1127635803874426
94,0.4723618090452261,1.0629035986602307,0.11356133128421694
95,0.47738693467336685,1.063615822410255,0.11445408595608042
96,0.4824120603015075,1.064042838218522,0.11544720720254242
97,0.48743718592964824,1.064173352117156,0.11654599287345345
98,0.49246231155778897,1.064004738241167,0.117755623774926
99,0.49748743718592964,1.0635417943591563,0.11908110725319955
100,0.5025125628140703,1.062795174359922,0.12052721677006205
101,0.507537688442211,1.061779654603664,0.12209842789098245
102,0.5125628140703518,1.060512378391043,0.12379885121833545
103,0.5175879396984925,1.0590111970777316,0.12563216291441948
104,0.5226130653266332,1.057293196819333,0.12760153356923798
105,0.5276381909547738,1.0553734750223005,0.12970955627252634
106,0.5326633165829145,1.0532642157260046,0.13195817484470873
107,0.5376884422110553,1.0509741094367115,0.13434861326305114
108,0.542713567839196,1.0485081670109209,0.1368813073834806
109,0.5477386934673367,1.0458679822990236,0.13955584010144073
110,0.5527638190954774,1.0430524962494274,0.1423708811131864
111,0.5577889447236181,1.0400592987820174,0.1453241324295086
112,0.5628140703517588,1.0368864697354472,0.14841228075456006
113,0.5678391959798995,1.033534906754461,0.15163095777250968
114,0.5728643216080402,1.0300110210722773,0.1549747092838224
115,0.577889447236181,1.0263296107750963,0.15843697400270595
116,0.5829145728643216,1.0225166567739858,0.16201007266985767
117,0.5879396984924623,1.0186117411441349,0.16568520795418973
118,0.592964824120603,1.014669770672347,0.1694524754185429
119,0.5979899497487438,1.0107617067118826,0.17330088561364154
120,0.6030150753768845,1.0069740574055503,0.17721839714846155
121,0.6080402010050251,1.0034069766710827,0.1811919603710369
122,0.6130653266331658,1.000170928289922,0.18520757108933072
123,0.6180904522613065,0.9973820019568672,0.1892503335740391
124,0.6231155778894473,0.9951560983824383,0.19330453192140215
125,0.628140703517588,0.9936023193833149,0.19735370872003188
126,0.6331658291457286,0.9928159943930668,0.20138074986659396
127,0.6381909547738693,0.9928718372749981,0.20536797431433074
128,0.6432160804020101,0.9938177500490641,0.2092972275184716
129,0.6482412060301508,0.995669769934636,0.21314997736388666
130,0.6532663316582915,0.9984085933336715,0.21690741142250247
131,0.6582914572864321,1.0019780089174968,0.22055053448866524
132,0.6633165829145728,1.0062854389523788,0.22406026547646585
133,0.6683417085427136,1.0112046333288356,0.22741753292995426
134,0.6733668341708543,1.0165803965744848,0.2306033685893444
135,0.678391959798995,1.0222350679983203,0.233598998668879
136,0.6834170854271356,1.0279763330930385,0.23638593272802666
137,0.6884422110552764,1.0336058338544254,0.23894605025154825
138,0.6934673366834171,1.0389279783626033,0.2412616852891576
139,0.6984924623115578,1.0437583343002264,0.2433157097357681
140,0.7035175879396985,1.0479310312483634,0.24509161605291385
141,0.7085427135678392,1.0513046915258326,0.2465736004344138
142,0.7135678391959799,1.0537665521062898,0.24774664759887066
143,0.7185929648241206,1.0552346179995793,0.2485966185414891
144,0.7236180904522613,1.0556578825218084,0.24911034269116986
145,0.7286432160804021,1.0550148405675355,0.2492757159882157
146,0.7336683417085427,1.0533106844173585,0.2490818064137271
147,0.7386934673366834,1.0505736863166304,0.24851896845498844
148,0.7437185929648241,1.0468513211802588,0.2475789678683956
149,0.7487437185929648,1.0422066569829298,0.24625511789090335
150,0.7537688442211056,1.0367154401229375,0.2445424277363064
151,0.7587939698492463,1.0304641395594016,0.24243776377850726
152,0.7638190954773869,1.023549008349309,0.2399400232529377
153,0.7688442211055276,1.0160760038805032,0.2370503195834825
154,0.7738693467336684,1.008161212264708,0.2337721775514936
155,0.7788944723618091,0.9999312807919758,0.2301117354564768
156,0.7839195979899498,0.9915233015579055,0.22607795017285534
157,0.7889447236180904,0.9830836247050369,0.22168279959380788
158,0.7939698492462312,0.9747652119212494,0.21694147539682795
159,0.7989949748743719,0.966723354797576,0.2118725574130479
160,0.8040201005025126,0.9591098487270433,0.2064981592052149
161,0.8090452261306533,0.9520659909759389,0.2008440328596801
162,0.8140703517587939,0.9457150165215725,0.194939619610122
163,0.8190954773869347,0.9401547549328838,0.1888180319019902
164,0.8241206030150754,0.9354513534050328,0.1825159520720826
165,0.8291457286432161,0.9316348481116463,0.17607343317081306
166,0.8341708542713568,0.9286971805765233,0.1695335888117271
167,0.8391959798994975,0.926592969781343,0.16294216148824936
168,0.8442211055276382,0.9252430032273495,0.15634696269461812
169,0.8492462311557789,0.9245400516051642,0.1497971834834172
170,0.8542713567839196,0.9243562964231936,0.1433425807208546
171,0.8592964824120604,0.9245514377555787,0.13703255204532394
172,0.864321608040201,0.9249804577973255,0.13091512100491332
173,0.8693467336683417,0.9255000745088017,0.12503586248435938
174,0.8743718592964824,0.9259731260873576,0.11943680662398724
175,0.8793969849246231,0.9262704573780947,0.11415536618348955
176,0.8844221105527639,0.9262702908637652,0.10922333690199904
177,0.8894472361809045,0.9258555014562594,0.10466602213240496
178,0.8944723618090452,0.9249096137831473,0.10050153135718733
179,0.8994974874371859,0.9233126428360209,0.09674029688777784
180,0.9045226130653267,0.9209380533841875,0.09338484422211757
181,0.9095477386934674,0.9176520867642156,0.09042983966160399
182,0.914572864321608,0.9133164835491049,0.08786242466728755
183,0.9195979899497487,0.9077952297111421,0.08566283109420503
184,0.9246231155778895,0.900965409499176,0.0838052560069793
185,0.9296482412060302,0.8927316198522265,0.08225896032641611
186,0.9346733668341709,0.8830427651782358,0.08098954298003336
187,0.9396984924623115,0.8719094931707073,0.07996033214943754
188,0.9447236180904522,0.8594201364767804,0.07913382793555679
189,0.949748743718593,0.8457528637181242,0.07847312634076997
190,0.9547738693467337,0.8311818654227338,0.07794325277116987
191,0.9597989949748744,0.8160758216334225,0.07751233416656977
192,0.964824120603015,0.800887594803673,0.0771525424385342
193,0.9698492462311558,0.7861349999429669,0.07684074860983857
194,0.9748743718592965,0.772373523758001,0.07655883797161889
195,0.9798994974874372,0.7601628705770008,0.07629365352868599
196,0.9849246231155779,0.7500300709336575,0.07603656066154085
197,0.9899497487437187,0.7424324748193901,0.07578266386546995
198,0.9949748743718593,0.7377241714168147,0.07552976114480614
199,1.0,0.7361291821365807,0.07527719885202377
