,x,y,pNG
0,0.0,0.5047922047501506,0.12533111851005752
1,0.005025125628140704,0.5043225287109392,0.12515540962561222
2,0.010050251256281407,0.5029359767376252,0.1249781500566417
3,0.01507537688442211,0.5006983189453064,0.12479932818649064
4,0.020100502512562814,0.4977138202648581,0.12461893296737915
5,0.02512562814070352,0.49411780260340715,0.12443695397445895
6,0.03015075376884422,0.49006732574034834,0.12425338145851585
7,0.035175879396984924,0.4857308956066553,0.12406820639699535
8,0.04020100502512563,0.4812781411264003,0.12388142054303285
9,0.04522613065326633,0.47687031976139443,0.12369301647220945
10,0.05025125628140704,0.47265233967764597,0.12350298762673405
11,0.05527638190954774,0.46874675700225005,0.12331132835682103
12,0.06030150753768844,0.4652499581697689,0.1231180339589969
13,0.06532663316582915,0.46223050513317365,0.12292310071116595
14,0.07035175879396985,0.4597294320071331,0.12272652590422704
15,0.07537688442211056,0.45776215082794525,0.12252830787009028
16,0.08040201005025126,0.4563215551978723,0.12232844600604753
17,0.08542713567839195,0.4553818976882898,0.12212694079534304
18,0.09045226130653267,0.4549030478893765,0.1219237938239991
19,0.09547738693467336,0.4548347983071518,0.12171900779393485
20,0.10050251256281408,0.455120960874859,0.12151258653245768
21,0.10552763819095477,0.45570307607708316,0.12130453499835248
22,0.11055276381909548,0.45652363111016425,0.1210948592848652
23,0.11557788944723618,0.4575287474677211,0.12088356661995835
24,0.12060301507537688,0.45867034824155256,0.12067066536440985
25,0.12562814070351758,0.45990784898394405,0.12045616500843292
26,0.1306532663316583,0.4612094318899342,0.1202400761677177
27,0.135678391959799,0.4625529611916732,0.12002241057999675
28,0.1407035175879397,0.46392657958803474,0.11980318110348898
29,0.1457286432160804,0.46532899515849097,0.1195824017189202
30,0.15075376884422112,0.4667694320353031,0.11936008753706615
31,0.15577889447236182,0.46826718488659497,0.1191362548142778
32,0.16080402010050251,0.46985069685859354,0.1189109209787792
33,0.1658291457286432,0.47155608218045436,0.11868410467114188
34,0.1708542713567839,0.4734250443774566,0.11845582580279435
35,0.17587939698492464,0.47550220022324635,0.1182261056371522
36,0.18090452261306533,0.47783190310882934,0.1179949668986211
37,0.18592964824120603,0.4804547558034341,0.11776243391542572
38,0.19095477386934673,0.48340409473151413,0.11752853280320265
39,0.19597989949748745,0.48670279634534575,0.11729329169701475
40,0.20100502512562815,0.49036078240809267,0.11705674104058085
41,0.20603015075376885,0.49437357153637074,0.11681891394243205
42,0.21105527638190955,0.4987221342924986,0.11657984660985075
43,0.21608040201005024,0.503374164398465,0.1163395788725864
44,0.22110552763819097,0.5082866963103264,0.11609815480945407
45,0.22613065326633167,0.5134098056579568,0.1158556234922622
46,0.23115577889447236,0.5186909553230004,0.1156120398625594
47,0.23618090452261306,0.5240794273969135,0.1153674657580489
48,0.24120603015075376,0.529530235114205,0.1151219711066208
49,0.24623115577889448,0.5350069531569341,0.11487563530711398
50,0.25125628140703515,0.5404830390745803,0.11462854881696805
51,0.2562814070351759,0.5459414272451497,0.11438081496789175
52,0.2613065326633166,0.5513724306999555,0.11413255203147656
53,0.2663316582914573,0.556770247122364,0.11388389555729815
54,0.271356783919598,0.5621285924223567,0.11363500100649936
55,0.2763819095477387,0.567436141444482,0.11338604670395536
56,0.2814070351758794,0.5726725137780977,0.1131372371320074
57,0.2864321608040201,0.5778054913882228,0.11288880658817445
58,0.2914572864321608,0.5827899990821496,0.11264102322838533
59,0.2964824120603015,0.5875691404287214,0.11239419351578904
60,0.30150753768844224,0.5920772956577787,0.11214866709333073
61,0.3065326633165829,0.5962449970418783,0.11190484209570706
62,0.31155778894472363,0.6000050450089729,0.11166317091314236
63,0.3165829145728643,0.6032991524197729,0.11142416641552877
64,0.32160804020100503,0.6060843306512411,0.11118840864076962
65,0.32663316582914576,0.6083382687852988,0.11095655194568088
66,0.3316582914572864,0.610063098178429,0.1107293326113018
67,0.33668341708542715,0.611287154821757,0.11050757688713576
68,0.3417085427135678,0.6120646152269517,0.11029220945039253
69,0.34673366834170855,0.6124731465076916,0.11008426224684564
70,0.35175879396984927,0.6126099377349614,0.10988488366936576
71,0.35678391959798994,0.6125866355083636,0.10969534801851323
72,0.36180904522613067,0.6125237731841846,0.10951706517674598
73,0.36683417085427134,0.6125452573087201,0.10935159041393172
74,0.37185929648241206,0.6127733690072492,0.10920063422684534
75,0.3768844221105528,0.6133245773553931,0.10906607209932496
76,0.38190954773869346,0.6143062785226786,0.10894995405287576
77,0.3869346733668342,0.6158144024940808,0.1088545138397854
78,0.3919597989949749,0.6179316976460968,0.10878217761253528
79,0.3969849246231156,0.6207264323178077,0.10873557188463034
80,0.4020100502512563,0.6242512497050455,0.10871753057917456
81,0.40703517587939697,0.6285419733699478,0.10873110094304883
82,0.4120603015075377,0.633616270027341,0.10877954808671796
83,0.4170854271356784,0.6394722111402997,0.10886635789297183
84,0.4221105527638191,0.646086909000278,0.10899523802302813
85,0.4271356783919598,0.6534155111882082,0.10917011673571808
86,0.4321608040201005,0.6613908992865151,0.10939513922597832
87,0.4371859296482412,0.6699244407963632,0.1096746611831072
88,0.44221105527638194,0.6789080839613953,0.1100132392681622
89,0.4472361809045226,0.6882179694941425,0.11041561821425283
90,0.45226130653266333,0.6977195751309514,0.11088671426440078
91,0.457286432160804,0.7072742286312319,0.11143159467965902
92,0.4623115577889447,0.7167466455957142,0.11205545307647324
93,0.46733668341708545,0.7260129936424348,0.1127635803874426
94,0.4723618090452261,0.7349688743898194,0.11356133128421694
95,0.47738693467336685,0.7435365642003516,0.11445408595608042
96,0.4824120603015075,0.7516708714267305,0.11544720720254242
97,0.48743718592964824,0.7593630518658548,0.11654599287345345
98,0.49246231155778897,0.7666423677181095,0.117755623774926
99,0.49748743718592964,0.7735750648038539,0.11908110725319955
100,0.5025125628140703,0.7802607598891617,0.12052721677006205
101,0.507537688442211,0.7868264540577269,0.12209842789098245
102,0.5125628140703518,0.7934185979845895,0.12379885121833545
103,0.5175879396984925,0.8001938108230664,0.12563216291441948
104,0.5226130653266332,0.8073089790542967,0.12760153356923798
105,0.5276381909547738,0.8149115219605455,0.12970955627252634
106,0.5326633165829145,0.8231305984804741,0.13195817484470873
107,0.5376884422110553,0.8320699444961717,0.13434861326305114
108,0.542713567839196,0.8418028756332583,0.1368813073834806
109,0.5477386934673367,0.8523697814899095,0.13955584010144073
110,0.5527638190954774,0.8637781930381275,0.1423708811131864
111,0.5577889447236181,0.8760052516631965,0.1453241324295086
112,0.5628140703517588,0.8890021749984491,0.14841228075456006
113,0.5678391959798995,0.9027001301007528,0.15163095777250968
114,0.5728643216080402,0.9170168129025472,0.1549747092838224
115,0.577889447236181,0.9318630101391335,0.15843697400270595
116,0.5829145728643216,0.9471484903244203,0.16201007266985767
117,0.5879396984924623,0.9627867247413093,0.16568520795418973
118,0.592964824120603,0.9786981557035046,0.1694524754185429
119,0.5979899497487438,0.9948119748851395,0.17330088561364154
120,0.6030150753768845,1.0110666106381925,0.17721839714846155
121,0.6080402010050251,1.0274093112102476,0.1811919603710369
122,0.6130653266331658,1.043795318417289,0.18520757108933072
123,0.6180904522613065,1.060187133925709,0.1892503335740391
124,0.6231155778894473,1.076554285082626,0.19330453192140215
125,0.628140703517588,1.0928738151050905,0.19735370872003188
126,0.6331658291457286,1.1091314864589463,0.20138074986659396
127,0.6381909547738693,1.1253234417602278,0.20536797431433074
128,0.6432160804020101,1.141457863413218,0.2092972275184716
129,0.6482412060301508,1.1575560565911969,0.21314997736388666
130,0.6532663316582915,1.1736523811909811,0.21690741142250247
131,0.6582914572864321,1.1897925869131756,0.22055053448866524
132,0.6633165829145728,1.2060303466859017,0.22406026547646585
133,0.6683417085427136,1.2224220987324648,0.22741753292995426
134,0.6733668341708543,1.2390206407454973,0.2306033685893444
135,0.678391959798995,1.2558682076657128,0.233598998668879
136,0.6834170854271356,1.272989949232983,0.23638593272802666
137,0.6884422110552764,1.2903887633121702,0.23894605025154825
138,0.6934673366834171,1.3080423201541496,0.2412616852891576
139,0.6984924623115578,1.325902844937968,0.2433157097357681
140,0.7035175879396985,1.343899852433705,0.24509161605291385
141,0.7085427135678392,1.3619456097596394,0.2465736004344138
142,0.7135678391959799,1.3799427108461986,0.24774664759887066
143,0.7185929648241206,1.3977928446482486,0.2485966185414891
144,0.7236180904522613,1.415405677096116,0.24911034269116986
145,0.7286432160804021,1.4327067679611027,0.2492757159882157
146,0.7336683417085427,1.4496436035627867,0.2490818064137271
147,0.7386934673366834,1.4661891135957235,0.24851896845498844
148,0.7437185929648241,1.4823424048700324,0.2475789678683956
149,0.7487437185929648,1.4981268264124974,0.24625511789090335
150,0.7537688442211056,1.5135858203492363,0.2445424277363064
151,0.7587939698492463,1.5287772633242906,0.24243776377850726
152,0.7638190954773869,1.5437671336409042,0.2399400232529377
153,0.7688442211055276,1.5586233404632193,0.2370503195834825
154,0.7738693467336684,1.5734104342092068,0.2337721775514936
155,0.7788944723618091,1.5881857092216463,0.2301117354564768
156,0.7839195979899498,1.6029969492182068,0.22607795017285534
157,0.7889447236180904,1.6178817952689744,0.22168279959380788
158,0.7939698492462312,1.6328684750773739,0.21694147539682795
159,0.7989949748743719,1.6479774532683975,0.2118725574130479
160,0.8040201005025126,1.663223465740524,0.2064981592052149
161,0.8090452261306533,1.6786173940015707,0.2008440328596801
162,0.8140703517587939,1.6941675115258379,0.194939619610122
163,0.8190954773869347,1.7098797757841773,0.1888180319019902
164,0.8241206030150754,1.7257570207077686,0.1825159520720826
165,0.8291457286432161,1.741797094858245,0.17607343317081306
166,0.8341708542713568,1.7579901607957542,0.1695335888117271
167,0.8391959798994975,1.7743154959507061,0.16294216148824936
168,0.8442211055276382,1.7907381975482877,0.15634696269461812
169,0.8492462311557789,1.807206186728643,0.1497971834834172
170,0.8542713567839196,1.8236478337351891,0.1433425807208546
171,0.8592964824120604,1.8399704010342828,0.13703255204532394
172,0.864321608040201,1.8560593473147666,0.13091512100491332
173,0.8693467336683417,1.8717783815503712,0.12503586248435938
174,0.8743718592964824,1.8869700347298548,0.11943680662398724
175,0.8793969849246231,1.9014564585443168,0.11415536618348955
176,0.8844221105527639,1.9150401906466739,0.10922333690199904
177,0.8894472361809045,1.9275047593405683,0.10466602213240496
178,0.8944723618090452,1.9386152342335905,0.10050153135718733
179,0.8994974874371859,1.9481191394022752,0.09674029688777784
180,0.9045226130653267,1.9557484836562136,0.09338484422211757
181,0.9095477386934674,1.9612239576516834,0.09042983966160399
182,0.914572864321608,1.9642625136833103,0.08786242466728755
183,0.9195979899497487,1.9645894932157262,0.08566283109420503
184,0.9246231155778895,1.9619561294755403,0.0838052560069793
185,0.9296482412060302,1.9561625970078929,0.08225896032641611
186,0.9346733668341709,1.947085835371588,0.08098954298003336
187,0.9396984924623115,1.9347102392897024,0.07996033214943754
188,0.9447236180904522,1.9191581509990505,0.07913382793555679
189,0.949748743718593,1.900716131530312,0.07847312634076997
190,0.9547738693467337,1.8798524612977954,0.07794325277116987
191,0.9597989949748744,1.8572214304052586,0.07751233416656977
192,0.964824120603015,1.8336508472819986,0.0771525424385342
193,0.9698492462311558,1.8101108181610275,0.07684074860983857
194,0.9748743718592965,1.7876640803496637,0.07655883797161889
195,0.9798994974874372,1.7674007198409072,0.07629365352868599
196,0.9849246231155779,1.7503625773130278,0.07603656066154085
197,0.9899497487437187,1.7374646186313267,0.07578266386546995
198,0.9949748743718593,1.7294216346928393,0.07552976114480614
199,1.0,1.7266885845251314,0.07527719885202377
