,x,y
0,0.0,3.9951836993840235e-12
1,0.010101010101010102,5.090770690721678e-11
2,0.020202020202020204,5.48060473036719e-10
3,0.030303030303030304,4.9866873726170435e-09
4,0.04040404040404041,3.83651242183405e-08
5,0.05050505050505051,2.497429808647163e-07
6,0.06060606060606061,1.3769021506043585e-06
7,0.07070707070707072,6.438341223551699e-06
8,0.08080808080808081,2.5584854537713978e-05
9,0.09090909090909091,8.665421193485397e-05
10,0.10101010101010102,0.0002511835655473095
11,0.11111111111111112,0.0006267945801055657
12,0.12121212121212122,0.0013574672883482557
13,0.13131313131313133,0.00258028922714892
14,0.14141414141414144,0.004370693313539769
15,0.15151515151515152,0.006733295245875687
16,0.16161616161616163,0.00968600639069085
17,0.17171717171717174,0.013416144032659944
18,0.18181818181818182,0.018396493356056916
19,0.19191919191919193,0.0253096166824716
20,0.20202020202020204,0.034726502907644154
21,0.21212121212121213,0.04671918037772041
22,0.22222222222222224,0.06073805186506725
23,0.23232323232323235,0.07590244462908212
24,0.24242424242424243,0.09147184668045698
25,0.25252525252525254,0.10713759799538376
26,0.26262626262626265,0.12303290755248483
27,0.27272727272727276,0.13961052086670775
28,0.2828282828282829,0.15748243839905496
29,0.29292929292929293,0.177182828556513
30,0.30303030303030304,0.19890765541937006
31,0.31313131313131315,0.22244267322635825
32,0.32323232323232326,0.24738310315130724
33,0.33333333333333337,0.2734431123805406
34,0.3434343434343435,0.3005204063329271
35,0.3535353535353536,0.32841562348795117
36,0.36363636363636365,0.3565337493760487
37,0.37373737373737376,0.3840373009584687
38,0.38383838383838387,0.41046874231802
39,0.393939393939394,0.4362949640955237
40,0.4040404040404041,0.46291644710822744
41,0.4141414141414142,0.49221953494746723
42,0.42424242424242425,0.5258756672713166
43,0.43434343434343436,0.5644165091629721
44,0.4444444444444445,0.606522814366452
45,0.4545454545454546,0.6496099606344566
46,0.4646464646464647,0.6920701800400954
47,0.4747474747474748,0.7354318417829772
48,0.48484848484848486,0.7839232909027705
49,0.494949494949495,0.8413082729667013
50,0.5050505050505051,0.9079095531673731
51,0.5151515151515152,0.9804999131955853
52,0.5252525252525253,1.0544925257275712
53,0.5353535353535354,1.125890707581551
54,0.5454545454545455,1.19188472551556
55,0.5555555555555556,1.2510598131987087
56,0.5656565656565657,1.3038880792331116
57,0.5757575757575758,1.3526065501737945
58,0.5858585858585859,1.3996477760239079
59,0.595959595959596,1.4456448688839876
60,0.6060606060606061,1.4890775359533197
61,0.6161616161616162,1.5282267036848527
62,0.6262626262626263,1.5636407345289416
63,0.6363636363636365,1.5984816018851753
64,0.6464646464646465,1.636001553462582
65,0.6565656565656566,1.6763735472439465
66,0.6666666666666667,1.7162140595460065
67,0.6767676767676768,1.7518202526286213
68,0.686868686868687,1.7832412755336755
69,0.696969696969697,1.8149976332603779
70,0.7070707070707072,1.852511529289649
71,0.7171717171717172,1.8977209292899928
72,0.7272727272727273,1.9477966680426886
73,0.7373737373737375,1.9972082943490859
74,0.7474747474747475,2.0404578196253405
75,0.7575757575757577,2.073555352211362
76,0.7676767676767677,2.0944903328313558
77,0.7777777777777778,2.1035367293320753
78,0.787878787878788,2.1033304670123623
79,0.797979797979798,2.0980965352935765
80,0.8080808080808082,2.092063566268906
81,0.8181818181818182,2.088115114857472
82,0.8282828282828284,2.0875422570289803
83,0.8383838383838385,2.0904672822885133
84,0.8484848484848485,2.0960431256178027
85,0.8585858585858587,2.1025104332229416
86,0.8686868686868687,2.1077463315602802
87,0.8787878787878789,2.1101084779070134
88,0.888888888888889,2.1087660092528138
89,0.8989898989898991,2.103350476092096
90,0.9090909090909092,2.0933924417288567
91,0.9191919191919192,2.0777023725549464
92,0.9292929292929294,2.0534809086989814
93,0.9393939393939394,2.015136507762177
94,0.9494949494949496,1.9530928144469795
95,0.9595959595959597,1.8533981478014745
96,0.9696969696969697,1.7001408293819695
97,0.9797979797979799,1.4827944642706956
98,0.98989898989899,1.206786203358671
99,1.0,0.899544732696068
