,x,y,pNG
0,0.0,0.8515034202789832,0.0
1,0.005025125628140704,0.851292614631727,0.0
2,0.010050251256281407,0.850667518835119,0.0
3,0.01507537688442211,0.8496498307452931,0.0
4,0.020100502512562814,0.8482748270219868,0.0
5,0.02512562814070352,0.8465900310931296,0.0
6,0.03015075376884422,0.8446533495400436,2.220446049250313e-16
7,0.035175879396984924,0.8425306915857386,1.1102230246251563e-15
8,0.04020100502512563,0.8402931082417289,7.549516567451064e-15
9,0.04522613065326633,0.8380135199321619,3.486100297322992e-14
10,0.05025125628140704,0.8357631429622513,1.383337888682945e-13
11,0.05527638190954774,0.8336077728254964,4.785061236134425e-13
12,0.06030150753768844,0.831604130652135,1.4841461393189093e-12
13,0.06532663316582915,0.8297965207823259,4.199973702156966e-12
14,0.07035175879396985,0.8282140740245846,1.0992984300628448e-11
15,0.07537688442211056,0.8268688541619819,2.6898927529828146e-11
16,0.08040201005025126,0.8257550777209224,6.207279135139743e-11
17,0.08542713567839195,0.8248496350210508,1.3604450899151743e-10
18,0.09045226130653267,0.8241140046316516,2.8486080161371774e-10
19,0.09547738693467336,0.8234975294265053,5.726588092613838e-10
20,0.10050251256281408,0.8229418816976535,1.1098912899853983e-09
21,0.10552763819095477,0.8223864030294005,2.0812813694703887e-09
22,0.11055276381909548,0.821773880368793,3.7877010417020066e-09
23,0.11557788944723618,0.8210562317107022,6.707588262599984e-09
24,0.12060301507537688,0.8201995391154707,1.1585287951199064e-08
25,0.12562814070351758,0.8191878939425925,1.955589989943718e-08
26,0.1306532663316583,0.8180256119734717,3.231887280019663e-08
27,0.135678391959799,0.8167375282381818,5.237580780192985e-08
28,0.1407035175879397,0.8153672776635973,8.335175805118665e-08
29,0.1457286432160804,0.8139736855619596,1.304238063104535e-07
30,0.15075376884422112,0.8126256044128267,2.0088598262635318e-07
31,0.15577889447236182,0.8113957125669069,3.048856501708386e-07
32,0.16080402010050251,0.8103539120303385,4.56373452140113e-07
33,0.1658291457286432,0.809561009196799,6.743168279310653e-07
34,0.1708542713567839,0.8090633271342295,9.84236007472994e-07
35,0.17587939698492464,0.8088887850097537,1.4201313316419828e-06
36,0.18090452261306533,0.8090448045608171,2.0268817668700483e-06
37,0.18592964824120603,0.8095181890083586,2.8632065637301807e-06
38,0.19095477386934673,0.8102768953779267,4.005295189735136e-06
39,0.19597989949748745,0.8112734164442306,5.551224879773997e-06
40,0.20100502512562815,0.8124493292378124,7.626300381979868e-06
41,0.20603015075376885,0.8137404714492349,1.0389466603921704e-05
42,0.21105527638190955,0.8150821832999634,1.404096181234493e-05
43,0.21608040201005024,0.8164140979289062,1.8831396625285105e-05
44,0.22110552763819097,0.8176840658147118,2.5072462055297784e-05
45,0.22613065326633167,0.8188509389230639,3.314948808097462e-05
46,0.23115577889447236,0.8198860954318103,4.3536092309781615e-05
47,0.23618090452261306,0.8207737338450692,5.681117585598638e-05
48,0.24120603015075376,0.821510087843486,7.367854016515629e-05
49,0.24623115577889448,0.8221017985227315,9.498941356755886e-05
50,0.25125628140703515,0.8225637243652252,0.00012176818921816324
51,0.2562814070351759,0.8229164739625557,0.0001552416859715855
52,0.2613065326633166,0.8231839200482501,0.00019687224973952144
53,0.2663316582914573,0.8233909065817168,0.00024839501389539714
54,0.271356783919598,0.8235613045232213,0.0003118596320621503
55,0.2763819095477387,0.8237165157921935,0.0003896767836720771
56,0.2814070351758794,0.8238744747771685,0.00048466973030514277
57,0.2864321608040201,0.8240491552498463,0.0006001311670300603
58,0.2914572864321608,0.8242505573246983,0.0007398855655190718
59,0.2964824120603015,0.8244851222299712,0.0009083571420223092
60,0.30150753768844224,0.8247564998924938,0.0011106435004868411
61,0.3065326633165829,0.8250665744076822,0.001352594895956072
62,0.31155778894472363,0.8254166356874698,0.0016408989323892784
63,0.3165829145728643,0.8258085738651794,0.0019831703484334273
64,0.32160804020100503,0.8262459692815691,0.002388045350483425
65,0.32663316582914576,0.8267349579701585,0.002865279720645764
66,0.3316582914572864,0.8272847723335742,0.0034258496541164085
67,0.33668341708542715,0.8279078891016574,0.004082053962641163
68,0.3417085427135678,0.828619759366949,0.004847615915588244
69,0.34673366834170855,0.8294381440530836,0.005737782576480721
70,0.35175879396984927,0.830382126617359,0.0067694190313284395
71,0.35678391959798994,0.8314709165553078,0.007961094399166924
72,0.36180904522613067,0.8327225862514487,0.009333155971870122
73,0.36683417085427134,0.834152895224469,0.010907787261231872
74,0.37185929648241206,0.835774347356672,0.012709045153906471
75,0.3768844221105528,0.8375955984287551,0.014762870813390228
76,0.38190954773869346,0.8396212861101727,0.017097068455051878
77,0.3869346733668342,0.8418522978984692,0.01974124569636193
78,0.3919597989949749,0.844286431715221,0.02272670890008477
79,0.3969849246231156,0.8469193473735456,0.02608630684242097
80,0.4020100502512563,0.8497456633201812,0.029854216217591656
81,0.40703517587939697,0.8527600290571092,0.0340656630069478
82,0.4120603015075377,0.8559580041477708,0.03875657466706151
83,0.4170854271356784,0.859336600995788,0.04396315949513308
84,0.4221105527638191,0.8628943980087302,0.049721411466245535
85,0.4271356783919598,0.8666311958356927,0.05606654133791822
86,0.4321608040201005,0.8705472625037817,0.06303233788205452
87,0.4371859296482412,0.8746422821441311,0.07065046668727748
88,0.44221105527638194,0.8789141753152174,0.07894971797521633
89,0.4472361809045226,0.8833579873931795,0.08795521912972826
90,0.45226130653266333,0.8879650394630861,0.09768763192004892
91,0.457286432160804,0.8927225027626341,0.1081623584180399
92,0.4623115577889447,0.8976134972753211,0.11938878302838417
93,0.46733668341708545,0.9026177363763297,0.13136958050521352
94,0.4723618090452261,0.907712654511994,0.1441001209619175
95,0.47738693467336685,0.912874876975021,0.1575680023811027
96,0.4824120603015075,0.9180818321927373,0.1717527387756841
97,0.48743718592964824,0.9233132768644905,0.18662562784702966
98,0.49246231155778897,0.9285525075793786,0.20214981580098268
99,0.49748743718592964,0.9337870688398178,0.21828056916742367
100,0.5025125628140703,0.9390088313212437,0.2349657544500421
101,0.507537688442211,0.9442133963219148,0.2521465167880159
102,0.5125628140703518,0.9493988709479227,0.26975813921982283
103,0.5175879396984925,0.9545641414706848,0.2877310553166181
104,0.5226130653266332,0.9597068388017382,0.3059919805741333
105,0.5276381909547738,0.9648212324522364,0.32446512257864146
106,0.5326633165829145,0.969896303837444,0.3430734269796969
107,0.5376884422110553,0.9749142364957025,0.3617398158786821
108,0.542713567839196,0.9798495233017409,0.38038837731832265
109,0.5477386934673367,0.9846688350356263,0.3989454688605991
110,0.5527638190954774,0.9893317278020738,0.4173407043239209
111,0.5577889447236181,0.9937921957609891,0.4355078000548676
112,0.5628140703517588,0.9980010064063901,0.4533852650272802
113,0.5678391959798995,1.0019086927389194,0.4709169270004547
114,0.5728643216080402,1.005469023178367,0.4880522944081132
115,0.577889447236181,1.008642727903707,0.5047467601792219
116,0.5829145728643216,1.011401230826777,0.5209616590310353
117,0.5879396984924623,1.0137301207882425,0.5366641937770232
118,0.592964824120603,1.0156320950989295,0.551827248834457
119,0.5979899497487438,1.017129124580433,0.5664291104762944
120,0.6030150753768845,1.01826362285669,0.5804531136023
121,0.6080402010050251,1.0190984540969155,0.5938872341031469
122,0.6130653266331658,1.0197156816481139,0.6067236444786309
123,0.6180904522613065,1.0202140421802293,0.6189582484633316
124,0.6231155778894473,1.0207052212894838,0.6305902082109183
125,0.628140703517588,1.0213091003281605,0.6416214752632088
126,0.6331658291457286,1.0221482325682205,0.6520563342206792
127,0.6381909547738693,1.0233418811007176,0.6619009658412491
128,0.6432160804020101,1.0250000029556425,0.6711630342953384
129,0.6482412060301508,1.0272175870648819,0.679851301540131
130,0.6532663316582915,1.0300697435609794,0.6879752702635287
131,0.6582914572864321,1.0336078973599252,0.6955448555896078
132,0.6633165829145728,1.0378573624807295,0.7025700847191154
133,0.6683417085427136,1.0428164711857353,0.7090608228798867
134,0.6733668341708543,1.0484573129974193,0.7150265233553559
135,0.678391959798995,1.054728014369993,0.7204759989167833
136,0.6834170854271356,1.0615563725611488,0.7254172116764129
137,0.6884422110552764,1.0688545587112157,0.7298570781782585
138,0.6934673366834171,1.0765245347934047,0.733801286425678
139,0.6984924623115578,1.0844637930357492,0.7372541214892109
140,0.7035175879396985,1.0925710265212767,0.7402182963274583
141,0.7085427135678392,1.1007513734743,0.7426947844745945
142,0.7135678391959799,1.108920938902334,0.7446826512918109
143,0.7185929648241206,1.1170103766788013,0.7461788805422188
144,0.7236180904522613,1.1249674024259784,0.7471781931305788
145,0.7286432160804021,1.1327581926206634,0.7476728549572064
146,0.7336683417085427,1.1403676998995873,0.7476524709825764
147,0.7386934673366834,1.147798973094854,0.7471037628083135
148,0.7437185929648241,1.1550716108457106,0.7460103273827712
149,0.7487437185929648,1.1622195005606037,0.7443523748819951
150,0.7537688442211056,1.1692880032685238,0.742106444463035
151,0.7587939698492463,1.1763307440533453,0.7392450975221717
152,0.7638190954773869,1.1834061620220884,0.7357365894316727
153,0.7688442211055276,1.1905739669761675,0.7315445226273437
154,0.7738693467336684,1.1978916444349124,0.7266274865750821
155,0.7788944723618091,1.2054111468671653,0.7209386938140533
156,0.7839195979899498,1.213175905685033,0.7144256262813014
157,0.7889447236180904,1.2212182932666258,0.7070297128680165
158,0.7939698492462312,1.2295576539333941,0.6986860681208962
159,0.7989949748743719,1.2381990044501234,0.6893233337323723
160,0.8040201005025126,1.2471324760136329,0.6788636795458769
161,0.8090452261306533,1.2563335298620033,0.6672230397853499
162,0.8140703517587939,1.2657639281673998,0.6543116834735379
163,0.8190954773869347,1.2753733831580596,0.6400352454858719
164,0.8241206030150754,1.285101744668636,0.6242963755498581
165,0.8291457286432161,1.294881525464735,0.6069971945137906
166,0.8341708542713568,1.304640512004061,0.5880427759526633
167,0.8391959798994975,1.3143041737928722,0.5673458890044445
168,0.8442211055276382,1.323797575016006,0.5448332332234866
169,0.8492462311557789,1.3330465142107595,0.5204533509071371
170,0.8542713567839196,1.3419776754422463,0.4941862941991742
171,0.8592964824120604,1.350517668097102,0.4660549273956464
172,0.864321608040201,1.3585909579848925,0.43613743565287655
173,0.8693467336683417,1.3661168411718376,0.4045801792333803
174,0.8743718592964824,1.3730057708191397,0.3716094969763633
175,0.8793969849246231,1.3791554999212192,0.33754049391353225
176,0.8844221105527639,1.38444763111303,0.3027803836903397
177,0.8894472361809045,1.3887452504944386,0.2678238018503152
178,0.8944723618090452,1.3918923493283932,0.23323789751017565
179,0.8994974874371859,1.3937156925602767,0.19963613235643365
180,0.9045226130653267,1.3940296683079578,0.16764157775709798
181,0.9095477386934674,1.3926444458628902,0.13784283067831282
182,0.914572864321608,1.3893774867249828,0.11074789201271662
183,0.9195979899497487,1.3840681075708585,0.0867427268022195
184,0.9246231155778895,1.3765944088798387,0.06606113519491362
185,0.9296482412060302,1.366891490788712,0.04877081983731424
186,0.9346733668341709,1.3549695198831073,0.034777543246586114
187,0.9396984924623115,1.3409299345529602,0.023845896092320015
188,0.9447236180904522,1.3249779314502879,0.01563241741503818
189,0.949748743718593,1.3074294058797253,0.009725299483936745
190,0.9547738693467337,1.2887107562223068,0.005684835019158285
191,0.9597989949748744,1.2693504173281707,0.0030798082938461317
192,0.964824120603015,1.2499616430240075,0.0015166329420850386
193,0.9698492462311558,1.2312168650276907,0.0006596546314946439
194,0.9748743718592965,1.2138148363628556,0.0002423165238953917
195,0.9798994974874372,1.1984426207728485,6.972449989328666e-05
196,0.9849246231155779,1.1857352043008516,1.3643579832356426e-05
197,0.9899497487437187,1.1762359757672591,1.321543143473214e-06
198,0.9949748743718593,1.1703614674102265,2.299478685241496e-08
199,1.0,1.1683735223370402,0.0
