,x,y
0,0.0,4.6782587467625224e-17
1,0.010101010101010102,1.034094922248719e-15
2,0.020202020202020204,1.9438745427555144e-14
3,0.030303030303030304,3.108381370140919e-13
4,0.04040404040404041,4.229782564366885e-12
5,0.05050505050505051,4.9003095621237935e-11
6,0.06060606060606061,4.836331892989352e-10
7,0.07070707070707072,4.069549654726401e-09
8,0.08080808080808081,2.9226984073403944e-08
9,0.09090909090909091,1.7941797169311158e-07
10,0.10101010101010102,9.433290309791995e-07
11,0.11111111111111112,4.259632264666265e-06
12,0.12121212121212122,1.658186811145731e-05
13,0.13131313131313133,5.5934210713196915e-05
14,0.14141414141414144,0.00016461834125671047
15,0.15151515151515152,0.0004264537008308736
16,0.16161616161616163,0.0009830047826552605
17,0.17171717171717174,0.0020410389154602248
18,0.18181818181818182,0.003865098772083353
19,0.19191919191919193,0.006748594076901765
20,0.20202020202020204,0.01095165438618157
21,0.21212121212121213,0.016605473820635517
22,0.22222222222222224,0.02364045127264037
23,0.23232323232323235,0.0318667167668762
24,0.24242424242424243,0.041295060867421955
25,0.25252525252525254,0.05255326374154591
26,0.26262626262626265,0.06701016745062562
27,0.27272727272727276,0.08633398821386802
28,0.2828282828282829,0.11173793224090255
29,0.29292929292929293,0.14357592204391717
30,0.30303030303030304,0.18167370602347813
31,0.31313131313131315,0.2259884400440472
32,0.32323232323232326,0.276733715337579
33,0.33333333333333337,0.3335936164172218
34,0.3434343434343435,0.3947058679623753
35,0.3535353535353536,0.4566258272319218
36,0.36363636363636365,0.5157768686790241
37,0.37373737373737376,0.5704993127694644
38,0.38383838383838387,0.622084061626991
39,0.393939393939394,0.6738600985184227
40,0.4040404040404041,0.7289534670165265
41,0.4141414141414142,0.7885216514750955
42,0.42424242424242425,0.8519974430797539
43,0.43434343434343436,0.9189757847144117
44,0.4444444444444445,0.9904449469945749
45,0.4545454545454546,1.0675663780053288
46,0.4646464646464647,1.1491896615954043
47,0.4747474747474748,1.2311736506571125
48,0.48484848484848486,1.3085669859147846
49,0.494949494949495,1.3782219523176116
50,0.5050505050505051,1.439154608651656
51,0.5151515151515152,1.4910928540279114
52,0.5252525252525253,1.5337393054409802
53,0.5353535353535354,1.5677958643312373
54,0.5454545454545455,1.5961546599997087
55,0.5555555555555556,1.623241504038768
56,0.5656565656565657,1.6525333823966892
57,0.5757575757575758,1.68430412283648
58,0.5858585858585859,1.715536234902358
59,0.595959595959596,1.7419241758662138
60,0.6060606060606061,1.7602081082088588
61,0.6161616161616162,1.7693407383815989
62,0.6262626262626263,1.7704023801291724
63,0.6363636363636365,1.7659362482058902
64,0.6464646464646465,1.759152114850289
65,0.6565656565656566,1.7531780134375679
66,0.6666666666666667,1.7505284650787252
67,0.6767676767676768,1.7528040923586288
68,0.686868686868687,1.7604607630077738
69,0.696969696969697,1.772704293343337
70,0.7070707070707072,1.7878653226729377
71,0.7171717171717172,1.8043249064556326
72,0.7272727272727273,1.8213456203144076
73,0.7373737373737375,1.8389088823865816
74,0.7474747474747475,1.8563814768303957
75,0.7575757575757577,1.8710615818913232
76,0.7676767676767677,1.8782258640383027
77,0.7777777777777778,1.8732812958514982
78,0.787878787878788,1.8546051352285737
79,0.797979797979798,1.824774993377963
80,0.8080808080808082,1.7893552037971912
81,0.8181818181818182,1.7545221797423334
82,0.8282828282828284,1.7251795624360489
83,0.8383838383838385,1.7040468717521893
84,0.8484848484848485,1.6914101195965976
85,0.8585858585858587,1.6853074039707927
86,0.8686868686868687,1.6821066849033115
87,0.8787878787878789,1.6775053902920871
88,0.888888888888889,1.6679606339955892
89,0.8989898989898991,1.652066687039938
90,0.9090909090909092,1.6308485529961143
91,0.9191919191919192,1.6064464661297952
92,0.9292929292929294,1.5798880375769364
93,0.9393939393939394,1.5489758631997785
94,0.9494949494949496,1.506687343242507
95,0.9595959595959597,1.4406183729424316
96,0.9696969696969697,1.3352545609678734
97,0.9797979797979799,1.178762035836926
98,0.98989898989899,0.972408407129343
99,1.0,0.7360102076764489
