,x,y,pNG
0,0.0,1.4812002425147626e-29,
1,0.6030150753768844,1.1971659702384503e-28,
2,1.2060301507537687,9.29155248850973e-28,
3,1.809045226130653,6.925052242176223e-27,
4,2.4120603015075375,4.9564083776184393e-26,
5,3.015075376884422,3.4066678008449326e-25,
6,3.618090452261306,2.2486492103846823e-24,
7,4.221105527638191,1.4254588244692928e-23,
8,4.824120603015075,8.678445426791315e-23,
9,5.427135678391959,5.074559614197624e-22,0.0
10,6.030150753768844,2.8499722684396103e-21,0.0
11,6.633165829145728,1.5374022517996252e-20,0.0
12,7.236180904522612,7.966362649645786e-20,0.0
13,7.839195979899497,3.965354570677461e-19,0.0
14,8.442211055276381,1.8961822401209155e-18,0.0
15,9.045226130653266,8.711326801404162e-18,0.0
16,9.64824120603015,3.845286178755832e-17,0.0
17,10.251256281407034,1.6309907239786376e-16,0.002585978907965081
18,10.854271356783919,6.648078249085376e-16,0.013500177316229768
19,11.457286432160803,2.604423658632378e-15,0.0339219475192768
20,12.060301507537687,9.807394618970008e-15,0.08226461533642426
21,12.663316582914572,3.5504658701722624e-14,0.18418044839459854
22,13.266331658291456,1.2358863618933295e-13,0.3192006451881578
23,13.86934673366834,4.137281490368281e-13,0.3684109576405018
24,14.472361809045225,1.3322579131933034e-12,0.3605660589044857
25,15.07537688442211,4.127670225692067e-12,0.3520987329421602
26,15.678391959798994,1.2307995856831784e-11,0.3438358482797802
27,16.281407035175878,3.533259313577427e-11,0.3358285822525192
28,16.884422110552762,9.768557466625077e-11,0.3281231460832621
29,17.487437185929647,2.6021782344757166e-10,0.3208209068187877
30,18.09045226130653,6.682021435967161e-10,0.3143186594439993
31,18.693467336683415,1.654958096373607e-09,0.30892682649333697
32,19.2964824120603,3.955981406364059e-09,0.3050302149174896
33,19.899497487437184,9.1333306367004e-09,0.3015362444012054
34,20.50251256281407,2.0383319359889963e-08,0.2969878490934831
35,21.105527638190953,4.401500136768272e-08,0.2896708418122551
36,21.708542713567837,9.205831851169105e-08,0.2783271426515802
37,22.31155778894472,1.8670830168197573e-07,0.2635294068171098
38,22.914572864321606,3.6765797556563437e-07,0.24702024562481886
39,23.51758793969849,7.038416432967198e-07,0.22992760889191746
40,24.120603015075375,1.3117191890783115e-06,0.2132596679617066
41,24.72361809045226,2.382969520636357e-06,0.19729327143164388
42,25.326633165829143,4.22524474055451e-06,0.1819333553905496
43,25.929648241206028,7.320248723904709e-06,0.1670245988181004
44,26.532663316582912,1.2403425207065688e-05,0.15267749466664882
45,27.135678391959797,2.0568324917247598e-05,0.13884866635146975
46,27.73869346733668,3.339548196825728e-05,0.12579082469666036
47,28.341708542713565,5.3099705158303034e-05,0.1136895223277362
48,28.94472361809045,8.268099841795256e-05,0.10268306038132002
49,29.547738693467334,0.00012605390139818805,0.09284806176755178
50,30.15075376884422,0.00018812040219177642,0.0843358969516429
51,30.753768844221103,0.0002747465684732791,0.07712171866661753
52,31.356783919597987,0.0003926069235154656,0.07134755190352893
53,31.95979899497487,0.0005488763313317402,0.06718080061879195
54,32.562814070351756,0.0007507764810874912,0.06466491059792245
55,33.16582914572864,0.0010050181142179791,0.06384844133919376
56,33.768844221105525,0.0013172116971492908,0.06480094726227825
57,34.37185929648241,0.0016913370735035895,0.06751261973709377
58,34.97487437185929,0.0021293575827446656,0.07202041613581311
59,35.577889447236174,0.0026310336081542015,0.07852724613247153
60,36.18090452261306,0.0031939412942744026,0.0873614688297466
61,36.78391959798995,0.003813649812811157,0.09825118343759842
62,37.38693467336683,0.004483974746916836,0.111998208856793
63,37.98994974874371,0.005197222129666095,0.1285521381644471
64,38.5929648241206,0.0059443723755768394,0.14870244801206545
65,39.19597989949749,0.006715215006037022,0.17234963992201147
66,39.79899497487437,0.007498508834345813,0.20072277591210508
67,40.40201005025125,0.008282277669094036,0.2326339262303724
68,41.00502512562814,0.00905433538289945,0.2676376011139616
69,41.608040201005025,0.009803062552422236,0.3047715148036787
70,42.211055276381906,0.010518350882115252,0.3435786099219493
71,42.81407035175879,0.011192532019696602,0.3853344221166149
72,43.417085427135675,0.011821059035001935,0.4268248674511882
73,44.02010050251256,0.01240274072526938,0.4698677793086414
74,44.62311557788944,0.01293943864012759,0.5154895314171577
75,45.226130653266324,0.01343528806435961,0.5575343020990238
76,45.82914572864321,0.0138956403995277,0.5990551468049039
77,46.4321608040201,0.014325992287644362,0.6373216969278366
78,47.03517587939698,0.014731140757545363,0.6751374039059331
79,47.63819095477386,0.015114697369709634,0.7121530786733851
80,48.24120603015075,0.015478954582919483,0.7459151192511393
81,48.84422110552764,0.015824982687377826,0.7774558144066097
82,49.44723618090452,0.016152789420802945,0.806520935173375
83,50.0502512562814,0.0164614081054044,0.8326942302538363
84,50.65326633165829,0.01674887066883964,0.8576555893841482
85,51.256281407035175,0.017012124914671252,0.8796588219362034
86,51.859296482412056,0.0172470258867567,0.8988453301127746
87,52.46231155778894,0.01744854112176681,0.9154264301414432
88,53.065326633165824,0.01761125610401876,0.9285890504258892
89,53.66834170854271,0.01773016918962063,0.9407791462948659
90,54.27135678391959,0.017801658069047828,0.9511279838786804
91,54.874371859296474,0.017824418103752133,0.960536157003672
92,55.47738693467336,0.017800144209336947,0.966558707380048
93,56.08040201005025,0.017733764444352134,0.9728791287385014
94,56.68341708542713,0.017633127815635224,0.977472188126228
95,57.28643216080401,0.017508175516631384,0.9818743700105974
96,57.8894472361809,0.01736974714957798,0.9849552157848732
97,58.49246231155779,0.017228255302904744,0.9876708106632632
98,59.09547738693467,0.017092480274272324,0.9896342780618672
99,59.69849246231155,0.016968690261404667,0.991462220054917
100,60.30150753768844,0.01686020053998794,0.9929802293963674
101,60.904522613065325,0.01676737977604276,0.9940370486403466
102,61.507537688442206,0.016688023735493347,0.9947934741266024
103,62.110552763819086,0.01661796584019478,0.9955967443114208
104,62.713567839195974,0.016551784313301798,0.9963721774570484
105,63.31658291457286,0.016483488557206973,0.9969213245255326
106,63.91959798994974,0.01640710862120795,0.9973122737599529
107,64.52261306532662,0.016317157112196952,0.9976626783842416
108,65.12562814070351,0.016208971759939,0.9980050667826634
109,65.7286432160804,0.016078971429411625,0.9983363374735588
110,66.33165829145727,0.015924864084022102,0.9985897121555004
111,66.93467336683416,0.015745831474385907,0.9988126300677572
112,67.53768844221105,0.015542687238924595,0.9989245979026278
113,68.14070351758794,0.015317973562349638,0.9991566724801842
114,68.74371859296483,0.015075940378463066,0.999277713695395
115,69.3467336683417,0.014822351684338793,0.9993867034894122
116,69.94974874371859,0.014564089528253518,0.9994516302587084
117,70.55276381909547,0.014308571566769979,0.9995181835825536
118,71.15577889447235,0.014063049185374136,0.999542518911558
119,71.75879396984924,0.013833894223108174,0.9996022874241656
120,72.36180904522612,0.013626000733728156,0.9996066758244726
121,72.96482412060301,0.013442417928429125,0.9996336787104304
122,73.5678391959799,0.013284292649921812,0.9996447217671668
123,74.17085427135677,0.013151141580246975,0.9996498167775171
124,74.77386934673366,0.01304140623556996,0.9996538596004352
125,75.37688442211055,0.012953181394419814,0.9996845597269745
126,75.97989949748742,0.012884963996083588,0.9996929732001444
127,76.58291457286431,0.01283625633042706,0.9996954881189823
128,77.1859296482412,0.012807880456459886,0.9997556550970618
129,77.78894472361809,0.012801917940449957,0.9999130981292907
130,78.39195979899498,0.012821269051163918,0.9999180487738458
131,78.99497487437185,0.012868910578412345,0.9999219837765814
132,79.59798994974874,0.012947001224556014,0.9999402271325668
133,80.20100502512562,0.013056020996148106,0.99994741776928
134,80.8040201005025,0.013194127018252568,0.9999512070627551
135,81.40703517587939,0.013356863845262218,0.9999619245442796
136,82.01005025125627,0.013537292559243887,0.9999658301204141
137,82.61306532663316,0.013726517262327131,0.9999694853981256
138,83.21608040201005,0.01391450954491623,0.9999726886782132
139,83.81909547738692,0.014091078090836531,0.9999756790217249
140,84.42211055276381,0.014246812449277692,0.9999782778252146
141,85.0251256281407,0.014373849466660826,0.9999828363536494
142,85.62814070351757,0.014466361426525373,0.9999850611555962
143,86.23115577889446,0.014520732675539683,0.999987106445656
144,86.83417085427135,0.014535458380628042,0.9999888573670892
145,87.43718592964824,0.01451084773710318,0.9999904221105668
146,88.04020100502512,0.014448633008081406,0.9999918489461
147,88.643216080402,0.014351573435082768,0.9999930459869476
148,89.24623115577889,0.014223107741849352,0.9999940767140856
149,89.84924623115577,0.014067066160606823,0.9999949986651075
150,90.45226130653265,0.013887419465061307,0.9999958278429184
151,91.05527638190954,0.013688030421248021,0.9999965102603317
152,91.65829145728642,0.013472385486341004,0.9999971092090366
153,92.26130653266331,0.013243315028520273,0.9999976109291896
154,92.8643216080402,0.013002745445240594,0.9999980506482068
155,93.46733668341707,0.012751550913021634,0.9999984070194944
156,94.07035175879396,0.012489573926023255,0.9999986966522272
157,94.67336683417085,0.012215857444514065,0.9999989401579188
158,95.27638190954772,0.011929081830592788,0.9999991376472176
159,95.87939698492461,0.011628139793488751,0.9999993038652076
160,96.4824120603015,0.011312730534008173,0.99999944299943
161,97.08542713567839,0.010983828420549338,0.9999995570450008
162,97.68844221105527,0.010643894228689181,0.9999996476800244
163,98.29145728643215,0.010296749878192117,0.9999997214058484
164,98.89447236180904,0.00994711957096174,0.9999997797164736
165,99.49748743718592,0.009599929373414869,0.9999998269564752
166,100.1005025125628,0.009259527032770914,0.9999998641329392
167,100.70351758793969,0.008929011536085388,0.9999998936517678
168,101.30653266331657,0.008609837093772365,0.9999999170475808
169,101.90954773869346,0.008301784933855558,0.9999999355245344
170,102.51256281407035,0.008003299780135746,0.9999999502145228
171,103.11557788944722,0.0077120953397826686,0.9999999615823068
172,103.71859296482411,0.00742587130875154,0.9999999705524596
173,104.321608040201,0.007142968500674588,0.999999977408596
174,104.92462311557787,0.00686281819567562,0.9999999828515836
175,105.52763819095476,0.006586102803939103,0.9999999869956138
176,106.13065326633165,0.006314617236367595,0.9999999903002158
177,106.73366834170854,0.006050885303285916,0.9999999926281664
178,107.33668341708542,0.005797630868668813,0.9999999944901076
179,107.9396984924623,0.00555722438320957,0.9999999958829449
180,108.54271356783919,0.005331221679813311,0.999999996908535
181,109.14572864321607,0.005120085864034511,0.9999999976648252
182,109.74874371859295,0.004923139087331484,0.9999999982937936
183,110.35175879396984,0.004738736580620069,0.999999998745475
184,110.95477386934672,0.004564602432428914,0.9999999991010828
185,111.55778894472361,0.004398229659116595,0.9999999993469078
186,112.1608040201005,0.0042372383549212226,0.9999999995178009
187,112.76381909547737,0.004079609335015964,0.9999999996524364
188,113.36683417085426,0.003923759457700786,0.9999999997522412
189,113.96984924623115,0.003768481520891217,0.9999999998203628
190,114.57286432160802,0.003612815452995336,0.9999999998694008
191,115.17587939698491,0.0034559325608930613,0.9999999999072636
192,115.7788944723618,0.0032970965671798307,0.9999999999335344
193,116.38190954773869,0.003135723054252768,0.9999999999531044
194,116.98492462311557,0.0029715109351098946,0.9999999999664094
195,117.58793969849245,0.0028045852675150375,0.99999999997658
196,118.19095477386934,0.0026355830614383183,0.9999999999837672
197,118.79396984924622,0.002465634248108871,0.999999999988682
198,119.3969849246231,0.002296229072783182,0.99999999999207
199,120.0,0.0021290047455834486,0.9999999999944272
