,x,y,pNG
0,0.0,0.15864875338335888,0.0
1,0.005025125628140704,0.1585507117112447,0.0
2,0.010050251256281407,0.15826747932426966,0.0
3,0.01507537688442211,0.15783102982905928,0.0
4,0.020100502512562814,0.15729231747220268,0.0
5,0.02512562814070352,0.15671784040043404,0.0
6,0.03015075376884422,0.15618502791553004,2.220446049250313e-16
7,0.035175879396984924,0.15577676536974377,1.1102230246251563e-15
8,0.04020100502512563,0.15557553770771576,7.549516567451064e-15
9,0.04522613065326633,0.15565779148696451,3.486100297322992e-14
10,0.05025125628140704,0.15608912451752907,1.383337888682945e-13
11,0.05527638190954774,0.15692078083885294,4.785061236134425e-13
12,0.06030150753768844,0.15818767340332812,1.4841461393189093e-12
13,0.06532663316582915,0.15990784234699995,4.199973702156966e-12
14,0.07035175879396985,0.16208297635086702,1.0992984300628448e-11
15,0.07537688442211056,0.16469946777629718,2.6898927529828146e-11
16,0.08040201005025126,0.16772949169883372,6.207279135139743e-11
17,0.08542713567839195,0.17113178975192195,1.3604450899151743e-10
18,0.09045226130653267,0.1748521387777259,2.8486080161371774e-10
19,0.09547738693467336,0.17882379091256037,5.726588092613838e-10
20,0.10050251256281408,0.18296838146024796,1.1098912899853983e-09
21,0.10552763819095477,0.18719784076699458,2.0812813694703887e-09
22,0.11055276381909548,0.19141769856198945,3.7877010417020066e-09
23,0.11557788944723618,0.19553187555148666,6.707588262599984e-09
24,0.12060301507537688,0.19944870261427475,1.1585287951199064e-08
25,0.12562814070351758,0.20308759195997733,1.955589989943718e-08
26,0.1306532663316583,0.20638558851915148,3.231887280019663e-08
27,0.135678391959799,0.2093029941716706,5.237580780192985e-08
28,0.1407035175879397,0.21182737443737856,8.335175805118665e-08
29,0.1457286432160804,0.2139754800715697,1.304238063104535e-07
30,0.15075376884422112,0.21579287919554208,2.0088598262635318e-07
31,0.15577889447236182,0.2173513386397081,3.048856501708386e-07
32,0.16080402010050251,0.21874417842217506,4.56373452140113e-07
33,0.1658291457286432,0.22007994291721583,6.743168279310653e-07
34,0.1708542713567839,0.2214748035678161,9.84236007472994e-07
35,0.17587939698492464,0.22304416016855264,1.4201313316419828e-06
36,0.18090452261306533,0.22489396606620915,2.0268817668700483e-06
37,0.18592964824120603,0.2271123757802255,2.8632065637301807e-06
38,0.19095477386934673,0.2297623882345565,4.005295189735136e-06
39,0.19597989949748745,0.23287620296553316,5.551224879773997e-06
40,0.20100502512562815,0.23645198000001857,7.626300381979868e-06
41,0.20603015075376885,0.24045356233888335,1.0389466603921704e-05
42,0.21105527638190955,0.2448134689018174,1.404096181234493e-05
43,0.21608040201005024,0.24943911052268408,1.8831396625285105e-05
44,0.22110552763819097,0.2542217683304546,2.5072462055297784e-05
45,0.22613065326633167,0.2590474727447368,3.314948808097462e-05
46,0.23115577889447236,0.2638086115830806,4.3536092309781615e-05
47,0.23618090452261306,0.26841494657955783,5.681117585598638e-05
48,0.24120603015075376,0.2728027695819966,7.367854016515629e-05
49,0.24623115577889448,0.2769411824622764,9.498941356755886e-05
50,0.25125628140703515,0.28083489450377824,0.00012176818921816324
51,0.2562814070351759,0.28452341926207053,0.0001552416859715855
52,0.2613065326633166,0.28807702474944386,0.00019687224973952144
53,0.2663316582914573,0.2915901577574859,0.00024839501389539714
54,0.271356783919598,0.29517326424901336,0.0003118596320621503
55,0.2763819095477387,0.2989439435258436,0.0003896767836720771
56,0.2814070351758794,0.30301822934232603,0.00048466973030514277
57,0.2864321608040201,0.3075025475777109,0.0006001311670300603
58,0.2914572864321608,0.3124866379598985,0.0007398855655190718
59,0.2964824120603015,0.3180375249242649,0.0009083571420223092
60,0.30150753768844224,0.32419453582661106,0.0011106435004868411
61,0.3065326633165829,0.33096541237633015,0.001352594895956072
62,0.31155778894472363,0.33832372001684347,0.0016408989323892784
63,0.3165829145728643,0.34620796921895614,0.0019831703484334273
64,0.32160804020100503,0.3545230377382082,0.002388045350483425
65,0.32663316582914576,0.363144535765853,0.002865279720645764
66,0.3316582914572864,0.3719266174928621,0.0034258496541164085
67,0.33668341708542715,0.3807133830669783,0.004082053962641163
68,0.3417085427135678,0.38935345730330534,0.004847615915588244
69,0.34673366834170855,0.3977166552075786,0.005737782576480721
70,0.35175879396984927,0.4057109763143014,0.0067694190313284395
71,0.35678391959798994,0.41329766338668633,0.007961094399166924
72,0.36180904522613067,0.4205018651425422,0.009333155971870122
73,0.36683417085427134,0.42741666665041994,0.010907787261231872
74,0.37185929648241206,0.4341989321560724,0.012709045153906471
75,0.3768844221105528,0.4410564875540981,0.014762870813390228
76,0.38190954773869346,0.4482275021088656,0.017097068455051878
77,0.3869346733668342,0.45595428413498457,0.01974124569636193
78,0.3919597989949749,0.4644548208737916,0.02272670890008477
79,0.3969849246231156,0.47389602582848633,0.02608630684242097
80,0.4020100502512563,0.4843726400932118,0.029854216217591656
81,0.40703517587939697,0.4958950204449378,0.0340656630069478
82,0.4120603015075377,0.5083877290932572,0.03875657466706151
83,0.4170854271356784,0.5216991405103405,0.04396315949513308
84,0.4221105527638191,0.535620510830657,0.049721411466245535
85,0.4271356783919598,0.5499114515886466,0.05606654133791822
86,0.4321608040201005,0.564327802872061,0.06303233788205452
87,0.4371859296482412,0.5786476927919924,0.07065046668727748
88,0.44221105527638194,0.5926921317281045,0.07894971797521633
89,0.4472361809045226,0.606337693412426,0.08795521912972826
90,0.45226130653266333,0.6195204202401642,0.09768763192004892
91,0.457286432160804,0.632231720369611,0.1081623584180399
92,0.4623115577889447,0.6445083598903188,0.11938878302838417
93,0.46733668341708545,0.6564194287455846,0.13136958050521352
94,0.4723618090452261,0.6680532420907999,0.1441001209619175
95,0.47738693467336685,0.6795065610449118,0.1575680023811027
96,0.4824120603015075,0.6908774652191236,0.1717527387756841
97,0.48743718592964824,0.7022619792648327,0.18662562784702966
98,0.49246231155778897,0.713753475846014,0.20214981580098268
99,0.49748743718592964,0.7254432255545574,0.21828056916742367
100,0.5025125628140703,0.7374203938415095,0.2349657544500421
101,0.507537688442211,0.7497702843986513,0.2521465167880159
102,0.5125628140703518,0.7625705242817409,0.26975813921982283
103,0.5175879396984925,0.7758858919253038,0.2877310553166181
104,0.5226130653266332,0.7897632867176497,0.3059919805741333
105,0.5276381909547738,0.8042286696432678,0.32446512257864146
106,0.5326633165829145,0.819287546290923,0.3430734269796969
107,0.5376884422110553,0.8349297673135212,0.3617398158786821
108,0.542713567839196,0.8511382986920788,0.38038837731832265
109,0.5477386934673367,0.8679004765172661,0.3989454688605991
110,0.5527638190954774,0.8852194301131366,0.4173407043239209
111,0.5577889447236181,0.9031230719364772,0.4355078000548676
112,0.5628140703517588,0.9216684008312098,0.4533852650272802
113,0.5678391959798995,0.9409397617663288,0.4709169270004547
114,0.5728643216080402,0.9610409206144548,0.4880522944081132
115,0.577889447236181,0.9820820427595311,0.5047467601792219
116,0.5829145728643216,1.004163618823196,0.5209616590310353
117,0.5879396984924623,1.0273598612336097,0.5366641937770232
118,0.592964824120603,1.0517040414013235,0.551827248834457
119,0.5979899497487438,1.077177728019563,0.5664291104762944
120,0.6030150753768845,1.1037051016107562,0.5804531136023
121,0.6080402010050251,1.1311526743798206,0.5938872341031469
122,0.6130653266331658,1.1593340244580086,0.6067236444786309
123,0.6180904522613065,1.1880186720580468,0.6189582484633316
124,0.6231155778894473,1.216944005029813,0.6305902082109183
125,0.628140703517588,1.2458291520828577,0.6416214752632088
126,0.6331658291457286,1.274389813444917,0.6520563342206792
127,0.6381909547738693,1.3023531995852842,0.6619009658412491
128,0.6432160804020101,1.3294723346149349,0.6711630342953384
129,0.6482412060301508,1.3555390274267864,0.679851301540131
130,0.6532663316582915,1.3803948132556296,0.6879752702635287
131,0.6582914572864321,1.4039391601647742,0.6955448555896078
132,0.6633165829145728,1.426134270647156,0.7025700847191154
133,0.6683417085427136,1.447005938734504,0.7090608228798867
134,0.6733668341708543,1.4666401837501557,0.7150265233553559
135,0.678391959798995,1.4851757798645957,0.7204759989167833
136,0.6834170854271356,1.5027932998203872,0.7254172116764129
137,0.6884422110552764,1.519701806216266,0.7298570781782585
138,0.6934673366834171,1.5361247286408068,0.733801286425678
139,0.6984924623115578,1.552286621938327,0.7372541214892109
140,0.7035175879396985,1.5684023057759333,0.7402182963274583
141,0.7085427135678392,1.584669316716205,0.7426947844745945
142,0.7135678391959799,1.6012637542767842,0.7446826512918109
143,0.7185929648241206,1.6183386771780053,0.7461788805422188
144,0.7236180904522613,1.6360234764917727,0.7471781931305788
145,0.7286432160804021,1.6544223753622056,0.7476728549572064
146,0.7336683417085427,1.673610531150121,0.7476524709825764
147,0.7386934673366834,1.6936271215547913,0.7471037628083135
148,0.7437185929648241,1.7144660663229174,0.7460103273827712
149,0.7487437185929648,1.73606631156643,0.7443523748819951
150,0.7537688442211056,1.758304483876698,0.742106444463035
151,0.7587939698492463,1.7809928899427598,0.7392450975221717
152,0.7638190954773869,1.8038851692605167,0.7357365894316727
153,0.7688442211055276,1.826690519879971,0.7315445226273437
154,0.7738693467336684,1.8490956436893262,0.7266274865750821
155,0.7788944723618091,1.8707918535073185,0.7209386938140533
156,0.7839195979899498,1.8915035912948823,0.7144256262813014
157,0.7889447236180904,1.9110142251031257,0.7070297128680165
158,0.7939698492462312,1.929185497856345,0.6986860681208962
159,0.7989949748743719,1.9459682351807321,0.6893233337323723
160,0.8040201005025126,1.9614035497104996,0.6788636795458769
161,0.8090452261306533,1.9756154058219035,0.6672230397853499
162,0.8140703517587939,1.9887966790092542,0.6543116834735379
163,0.8190954773869347,2.0011915381175207,0.6400352454858719
164,0.8241206030150754,2.0130770423050213,0.6242963755498581
165,0.8291457286432161,2.0247463697654218,0.6069971945137906
166,0.8341708542713568,2.0364952637832174,0.5880427759526633
167,0.8391959798994975,2.0486123007803148,0.5673458890044445
168,0.8442211055276382,2.061372637464176,0.5448332332234866
169,0.8492462311557789,2.0750341159106243,0.5204533509071371
170,0.8542713567839196,2.089834086401378,0.4941862941991742
171,0.8592964824120604,2.105985103039909,0.4660549273956464
172,0.864321608040201,2.1236677822344774,0.43613743565287655
173,0.8693467336683417,2.1430195789045374,0.4045801792333803
174,0.8743718592964824,2.164118969891658,0.3716094969763633
175,0.8793969849246231,2.186965421731504,0.33754049391353225
176,0.8844221105527639,2.211456400877161,0.3027803836903397
177,0.8894472361809045,2.2373633966195112,0.2678238018503152
178,0.8944723618090452,2.264309363753645,0.23323789751017565
179,0.8994974874371859,2.2917501531502813,0.19963613235643365
180,0.9045226130653267,2.318962504418031,0.16764157775709798
181,0.9095477386934674,2.345041225194703,0.13784283067831282
182,0.914572864321608,2.368908455822916,0.11074789201271662
183,0.9195979899497487,2.3893384483458773,0.0867427268022195
184,0.9246231155778895,2.405001853655382,0.06606113519491362
185,0.9296482412060302,2.41453360956797,0.04877081983731424
186,0.9346733668341709,2.416627472187318,0.034777543246586114
187,0.9396984924623115,2.4101573915030996,0.023845896092320015
188,0.9447236180904522,2.3943210054230835,0.01563241741503818
189,0.949748743718593,2.368793858096993,0.009725299483936745
190,0.9547738693467337,2.333875675480303,0.005684835019158285
191,0.9597989949748744,2.2906039974245433,0.0030798082938461317
192,0.964824120603015,2.2408078491549905,0.0015166329420850386
193,0.9698492462311558,2.187076840546804,0.0006596546314946439
194,0.9748743718592965,2.1326300516935035,0.0002423165238953917
195,0.9798994974874372,2.081083729766016,6.972449989328666e-05
196,0.9849246231155779,2.036134920690275,1.3643579832356426e-05
197,0.9899497487437187,2.0011960451541606,1.321543143473214e-06
198,0.9949748743718593,1.9790288821503734,2.299478685241496e-08
199,1.0,1.9714317571419468,0.0
