,x,y,pNG
0,0.0,0.7608360516917503,0.12533111851005752
1,0.005025125628140704,0.76090690947191,0.12515540962561222
2,0.010050251256281407,0.7611170393163598,0.1249781500566417
3,0.01507537688442211,0.7614591140903514,0.12479932818649064
4,0.020100502512562814,0.7619209431079917,0.12461893296737915
5,0.02512562814070352,0.7624855381165826,0.12443695397445895
6,0.03015075376884422,0.7631312705841004,0.12425338145851585
7,0.035175879396984924,0.7638321767821794,0.12406820639699535
8,0.04020100502512563,0.7645584706139927,0.12388142054303285
9,0.04522613065326633,0.7652773176896208,0.12369301647220945
10,0.05025125628140704,0.7659539063684778,0.12350298762673405
11,0.05527638190954774,0.7665528224793728,0.12331132835682103
12,0.06030150753768844,0.7670396963657488,0.1231180339589969
13,0.06532663316582915,0.7673830481307591,0.12292310071116595
14,0.07035175879396985,0.7675562155674661,0.12272652590422704
15,0.07537688442211056,0.7675392161592467,0.12252830787009028
16,0.08040201005025126,0.7673203761641793,0.12232844600604753
17,0.08542713567839195,0.76689756079519,0.12212694079534304
18,0.09045226130653267,0.7662788616571838,0.1219237938239991
19,0.09547738693467336,0.7654826393141234,0.12171900779393485
20,0.10050251256281408,0.7645368753531302,0.12151258653245768
21,0.10552763819095477,0.7634778524640922,0.12130453499835248
22,0.11055276381909548,0.7623482447032248,0.1210948592848652
23,0.11557788944723618,0.7611947555295316,0.12088356661995835
24,0.12060301507537688,0.7600654823662378,0.12067066536440985
25,0.12562814070351758,0.759007209804779,0.12045616500843292
26,0.1306532663316583,0.7580628382512298,0.1202400761677177
27,0.135678391959799,0.7572691421483738,0.12002241057999675
28,0.1407035175879397,0.7566550246205456,0.11980318110348898
29,0.1457286432160804,0.7562403966707155,0.1195824017189202
30,0.15075376884422112,0.7560357618368154,0.11936008753706615
31,0.15577889447236182,0.7560425338597436,0.1191362548142778
32,0.16080402010050251,0.756254057465847,0.1189109209787792
33,0.1658291457286432,0.7566572431332109,0.11868410467114188
34,0.1708542713567839,0.7572346690202932,0.11845582580279435
35,0.17587939698492464,0.7579669519546858,0.1182261056371522
36,0.18090452261306533,0.7588351509161056,0.1179949668986211
37,0.18592964824120603,0.7598229480363706,0.11776243391542572
38,0.19095477386934673,0.760918360455107,0.11752853280320265
39,0.19597989949748745,0.762114775718976,0.11729329169701475
40,0.20100502512562815,0.763411173946628,0.11705674104058085
41,0.20603015075376885,0.7648114964602438,0.11681891394243205
42,0.21105527638190955,0.7663232321442348,0.11657984660985075
43,0.21608040201005024,0.7679554039931635,0.1163395788725864
44,0.22110552763819097,0.7697162314290592,0.11609815480945407
45,0.22613065326633167,0.7716108021792425,0.1158556234922622
46,0.23115577889447236,0.7736390983353031,0.1156120398625594
47,0.23618090452261306,0.7757946794894918,0.1153674657580489
48,0.24120603015075376,0.7780642354181202,0.1151219711066208
49,0.24623115577889448,0.7804280945133306,0.11487563530711398
50,0.25125628140703515,0.7828616320351257,0.11462854881696805
51,0.2562814070351759,0.7853373878728882,0.11438081496789175
52,0.2613065326633166,0.787827599691712,0.11413255203147656
53,0.2663316582914573,0.7903068016964947,0.11388389555729815
54,0.271356783919598,0.7927541406725923,0.11363500100649936
55,0.2763819095477387,0.7951551178763192,0.11338604670395536
56,0.2814070351758794,0.7975025660530857,0.1131372371320074
57,0.2864321608040201,0.799796795957992,0.11288880658817445
58,0.2914572864321608,0.8020449731083027,0.11264102322838533
59,0.2964824120603015,0.8042598908711787,0.11239419351578904
60,0.30150753768844224,0.8064583733516434,0.11214866709333073
61,0.3065326633165829,0.8086595621390585,0.11190484209570706
62,0.31155778894472363,0.8108833155399509,0.11166317091314236
63,0.3165829145728643,0.8131488869263367,0.11142416641552877
64,0.32160804020100503,0.8154739658998778,0.11118840864076962
65,0.32663316582914576,0.8178740803258949,0.11095655194568088
66,0.3316582914572864,0.8203622858716949,0.1107293326113018
67,0.33668341708542715,0.8229490249352318,0.11050757688713576
68,0.3417085427135678,0.8256420247167229,0.11029220945039253
69,0.34673366834170855,0.8284461236553832,0.11008426224684564
70,0.35175879396984927,0.8313629595525098,0.10988488366936576
71,0.35678391959798994,0.8343905105586794,0.10969534801851323
72,0.36180904522613067,0.8375225395877473,0.10951706517674598
73,0.36683417085427134,0.8407480424604815,0.10935159041393172
74,0.37185929648241206,0.8440508318663942,0.10920063422684534
75,0.3768844221105528,0.8474093985531471,0.10906607209932496
76,0.38190954773869346,0.8507971773608342,0.10894995405287576
77,0.3869346733668342,0.8541833114173356,0.1088545138397854
78,0.3919597989949749,0.8575339578838079,0.10878217761253528
79,0.3969849246231156,0.8608141192295967,0.10873557188463034
80,0.4020100502512563,0.8639899216949198,0.10871753057917456
81,0.40703517587939697,0.8670312038004092,0.10873110094304883
82,0.4120603015075377,0.8699142284441618,0.10877954808671796
83,0.4170854271356784,0.8726242975407341,0.10886635789297183
84,0.4221105527638191,0.8751580325786373,0.10899523802302813
85,0.4271356783919598,0.8775250908294122,0.10917011673571808
86,0.4321608040201005,0.879749116342141,0.10939513922597832
87,0.4371859296482412,0.8818677761587006,0.1096746611831072
88,0.44221105527638194,0.883931801740253,0.1100132392681622
89,0.4472361809045226,0.8860030373543991,0.11041561821425283
90,0.45226130653266333,0.888151583205096,0.11088671426440078
91,0.457286432160804,0.8904522024991453,0.11143159467965902
92,0.4623115577889447,0.8929802297458674,0.11205545307647324
93,0.46733668341708545,0.8958072650838605,0.1127635803874426
94,0.4723618090452261,0.8989969614118689,0.11356133128421694
95,0.47738693467336685,0.9026012056339626,0.11445408595608042
96,0.4824120603015075,0.9066569635764496,0.11544720720254242
97,0.48743718592964824,0.9111840040200783,0.11654599287345345
98,0.49246231155778897,0.9161836468392425,0.117755623774926
99,0.49748743718592964,0.9216386007328006,0.11908110725319955
100,0.5025125628140703,0.927513875160044,0.12052721677006205
101,0.507537688442211,0.9337586761994178,0.12209842789098245
102,0.5125628140703518,0.9403091334900826,0.12379885121833545
103,0.5175879396984925,0.9470916600853864,0.12563216291441948
104,0.5226130653266332,0.9540267219636231,0.12760153356923798
105,0.5276381909547738,0.961032789951941,0.12970955627252634
106,0.5326633165829145,0.9680302624267306,0.13195817484470873
107,0.5376884422110553,0.9749451785409731,0.13434861326305114
108,0.542713567839196,0.981712583077369,0.1368813073834806
109,0.5477386934673367,0.9882794481875801,0.13955584010144073
110,0.5527638190954774,0.9946070967808132,0.1423708811131864
111,0.5577889447236181,1.0006731006214382,0.1453241324295086
112,0.5628140703517588,1.0064726389279672,0.14841228075456006
113,0.5678391959798995,1.0120192993171206,0.15163095777250968
114,0.5728643216080402,1.017345284977279,0.1549747092838224
115,0.577889447236181,1.0225009663257099,0.15843697400270595
116,0.5829145728643216,1.0275536912384717,0.16201007266985767
117,0.5879396984924623,1.0325857556376616,0.16568520795418973
118,0.592964824120603,1.0376914454775719,0.1694524754185429
119,0.5979899497487438,1.0429730989290555,0.17330088561364154
120,0.6030150753768845,1.04853620624257,0.17721839714846155
121,0.6080402010050251,1.0544836611519512,0.1811919603710369
122,0.6130653266331658,1.0609093926726403,0.18520757108933072
123,0.6180904522613065,1.067891725581377,0.1892503335740391
124,0.6231155778894473,1.0754869242229321,0.19330453192140215
125,0.628140703517588,1.083723449178811,0.19735370872003188
126,0.6331658291457286,1.0925974833132728,0.20138074986659396
127,0.6381909547738693,1.1020702510763192,0.20536797431433074
128,0.6432160804020101,1.1120675579885395,0.2092972275184716
129,0.6482412060301508,1.1224818196405586,0.21314997736388666
130,0.6532663316582915,1.133176643597306,0.21690741142250247
131,0.6582914572864321,1.143993793164438,0.22055053448866524
132,0.6633165829145728,1.1547621242852222,0.22406026547646585
133,0.6683417085427136,1.1653078734166984,0.22741753292995426
134,0.6733668341708543,1.175465511339805,0.2306033685893444
135,0.678391959798995,1.1850882869585502,0.233598998668879
136,0.6834170854271356,1.194057579928872,0.23638593272802666
137,0.6884422110552764,1.2022902653329146,0.23894605025154825
138,0.6934673366834171,1.2097434609457605,0.2412616852891576
139,0.6984924623115578,1.2164162613827068,0.2433157097357681
140,0.7035175879396985,1.2223483390237078,0.24509161605291385
141,0.7085427135678392,1.2276155794784918,0.2465736004344138
142,0.7135678391959799,1.2323231883775896,0.24774664759887066
143,0.7185929648241206,1.2365969275709903,0.2485966185414891
144,0.7236180904522613,1.2405732891518273,0.24911034269116986
145,0.7286432160804021,1.2443894801948525,0.2492757159882157
146,0.7336683417085427,1.2481740647984128,0.2490818064137271
147,0.7386934673366834,1.2520389984772164,0.24851896845498844
148,0.7437185929648241,1.2560736083496014,0.2475789678683956
149,0.7487437185929648,1.2603408437963222,0.24625511789090335
150,0.7537688442211056,1.2648758741214496,0.2445424277363064
151,0.7587939698492463,1.269686871483123,0.24243776377850726
152,0.7638190954773869,1.2747576161447736,0.2399400232529377
153,0.7688442211055276,1.2800514186562544,0.2370503195834825
154,0.7738693467336684,1.2855157835586843,0.2337721775514936
155,0.7788944723618091,1.291087245543824,0.2301117354564768
156,0.7839195979899498,1.296695885536702,0.22607795017285534
157,0.7889447236180904,1.3022691656594916,0.22168279959380788
158,0.7939698492462312,1.3077348863611309,0.21694147539682795
159,0.7989949748743719,1.3130232403908144,0.2118725574130479
160,0.8040201005025126,1.318068091031904,0.2064981592052149
161,0.8090452261306533,1.3228077141208212,0.2008440328596801
162,0.8140703517587939,1.3271852997191462,0.194939619610122
163,0.8190954773869347,1.331149503646176,0.1888180319019902
164,0.8241206030150754,1.3346552747444271,0.1825159520720826
165,0.8291457286432161,1.337665072892683,0.17607343317081306
166,0.8341708542713568,1.3401504543334681,0.1695335888117271
167,0.8391959798994975,1.3420938576308195,0.16294216148824936
168,0.8442211055276382,1.3434902988269706,0.15634696269461812
169,0.8492462311557789,1.3443485987627677,0.1497971834834172
170,0.8542713567839196,1.3446917344593599,0.1433425807208546
171,0.8592964824120604,1.3445559383993169,0.13703255204532394
172,0.864321608040201,1.3439882653855295,0.13091512100491332
173,0.8693467336683417,1.3430424999478647,0.12503586248435938
174,0.8743718592964824,1.3417734751331762,0.11943680662398724
175,0.8793969849246231,1.3402300978959047,0.11415536618348955
176,0.8844221105527639,1.3384476053088428,0.10922333690199904
177,0.8894472361809045,1.3364397849921978,0.10466602213240496
178,0.8944723618090452,1.3341920567817944,0.10050153135718733
179,0.8994974874371859,1.3316564051468425,0.09674029688777784
180,0.9045226130653267,1.3287491496885735,0.09338484422211757
181,0.9095477386934674,1.3253524252868714,0.09042983966160399
182,0.914572864321608,1.3213200031474033,0.08786242466728755
183,0.9195979899497487,1.3164877199551603,0.08566283109420503
184,0.9246231155778895,1.3106883108903327,0.0838052560069793
185,0.9296482412060302,1.303769897912911,0.08225896032641611
186,0.9346733668341709,1.2956168206412497,0.08098954298003336
187,0.9396984924623115,1.286170982432506,0.07996033214943754
188,0.9447236180904522,1.2754514973654034,0.07913382793555679
189,0.949748743718593,1.263570242199895,0.07847312634076997
190,0.9547738693467337,1.2507410045143266,0.07794325277116987
191,0.9597989949748744,1.237280309813176,0.07751233416656977
192,0.964824120603015,1.223598702627711,0.0771525424385342
193,0.9698492462311558,1.2101821991944115,0.07684074860983857
194,0.9748743718592965,1.1975647257988862,0.07655883797161889
195,0.9798994974874372,1.1862934738391604,0.07629365352868599
196,0.9849246231155779,1.1768900868006233,0.07603656066154085
197,0.9899497487437187,1.1698112958400801,0.07578266386546995
198,0.9949748743718593,1.165412918695938,0.07552976114480614
199,1.0,1.1639209620866555,0.07527719885202377
