,x,y,pNG
0,0.0,0.9996162195534106,0.12533111851005752
1,0.005025125628140704,0.9993267192832898,0.12515540962561222
2,0.010050251256281407,0.9984716964452831,0.1249781500566417
3,0.01507537688442211,0.9970908593836614,0.12479932818649064
4,0.020100502512562814,0.995248017946527,0.12461893296737915
5,0.02512562814070352,0.9930276914948607,0.12443695397445895
6,0.03015075376884422,0.9905306763478898,0.12425338145851585
7,0.035175879396984924,0.9878688617199929,0.12406820639699535
8,0.04020100502512563,0.9851596288504516,0.12388142054303285
9,0.04522613065326633,0.9825201892385057,0.12369301647220945
10,0.05025125628140704,0.9800622127927304,0.12350298762673405
11,0.05527638190954774,0.9778870653654431,0.12331132835682103
12,0.06030150753768844,0.9760819197398157,0.1231180339589969
13,0.06532663316582915,0.9747169289064647,0.12292310071116595
14,0.07035175879396985,0.9738435615056142,0.12272652590422704
15,0.07537688442211056,0.9734941041826584,0.12252830787009028
16,0.08040201005025126,0.9736822427646047,0.12232844600604753
17,0.08542713567839195,0.9744045522381236,0.12212694079534304
18,0.09045226130653267,0.9756426624770921,0.1219237938239991
19,0.09547738693467336,0.9773658290098418,0.12171900779393485
20,0.10050251256281408,0.9795336300050365,0.12151258653245768
21,0.10552763819095477,0.9820985332746192,0.12130453499835248
22,0.11055276381909548,0.9850081281934823,0.1210948592848652
23,0.11557788944723618,0.9882068912243498,0.12088356661995835
24,0.12060301507537688,0.9916374411900044,0.12067066536440985
25,0.12562814070351758,0.9952413301014599,0.12045616500843292
26,0.1306532663316583,0.9989594946316812,0.1202400761677177
27,0.135678391959799,1.0027325501510047,0.12002241057999675
28,0.1407035175879397,1.0065011339540677,0.11980318110348898
29,0.1457286432160804,1.0102064914627176,0.1195824017189202
30,0.15075376884422112,1.013791448936167,0.11936008753706615
31,0.15577889447236182,1.0172018349249916,0.1191362548142778
32,0.16080402010050251,1.0203883125639626,0.1189109209787792
33,0.1658291457286432,1.0233084823077412,0.11868410467114188
34,0.1708542713567839,1.0259290281719313,0.11845582580279435
35,0.17587939698492464,1.0282276268829753,0.1182261056371522
36,0.18090452261306533,1.0301943308783716,0.1179949668986211
37,0.18592964824120603,1.0318321778187682,0.11776243391542572
38,0.19095477386934673,1.03315686728767,0.11752853280320265
39,0.19597989949748745,1.0341954669615157,0.11729329169701475
40,0.20100502512562815,1.0349842460144827,0.11705674104058085
41,0.20603015075376885,1.0355658594745203,0.11681891394243205
42,0.21105527638190955,1.0359862008555263,0.11657984660985075
43,0.21608040201005024,1.036291283866368,0.1163395788725864
44,0.22110552763819097,1.0365244982521673,0.11609815480945407
45,0.22613065326633167,1.0367245116039268,0.1158556234922622
46,0.23115577889447236,1.036923970943344,0.1156120398625594
47,0.23618090452261306,1.0371490165576651,0.1153674657580489
48,0.24120603015075376,1.0374194823775453,0.1151219711066208
49,0.24623115577889448,1.0377495485654686,0.11487563530711398
50,0.25125628140703515,1.038148554141872,0.11462854881696805
51,0.2562814070351759,1.0386216821983383,0.11438081496789175
52,0.2613065326633166,1.0391702973198231,0.11413255203147656
53,0.2663316582914573,1.0397918317449624,0.11388389555729815
54,0.271356783919598,1.0404792607592845,0.11363500100649936
55,0.2763819095477387,1.0412203498425479,0.11338604670395536
56,0.2814070351758794,1.0419969662764652,0.1131372371320074
57,0.2864321608040201,1.042784801107065,0.11288880658817445
58,0.2914572864321608,1.0435538280765895,0.11264102322838533
59,0.2964824120603015,1.044269731945861,0.11239419351578904
60,0.30150753768844224,1.0448963811725673,0.11214866709333073
61,0.3065326633165829,1.0453992235242615,0.11190484209570706
62,0.31155778894472363,1.045749281133643,0.11166317091314236
63,0.3165829145728643,1.0459272504064356,0.11142416641552877
64,0.32160804020100503,1.045927105795423,0.11118840864076962
65,0.32663316582914576,1.0457585894547359,0.11095655194568088
66,0.3316582914572864,1.045448052089582,0.1107293326113018
67,0.33668341708542715,1.0450372884734869,0.11050757688713576
68,0.3417085427135678,1.0445802625242278,0.11029220945039253
69,0.34673366834170855,1.04413790674627,0.11008426224684564
70,0.35175879396984927,1.043771466660343,0.10988488366936576
71,0.35678391959798994,1.0435350988898613,0.10969534801851323
72,0.36180904522613067,1.0434685842151792,0.10951706517674598
73,0.36683417085427134,1.0435910586314219,0.10935159041393172
74,0.37185929648241206,1.0438965870006787,0.10920063422684534
75,0.3768844221105528,1.04435221369045,0.10906607209932496
76,0.38190954773869346,1.0448988472515508,0.10894995405287576
77,0.3869346733668342,1.0454550085171015,0.1088545138397854
78,0.3919597989949749,1.0459231367082662,0.10878217761253528
79,0.3969849246231156,1.0461978493454165,0.10873557188463034
80,0.4020100502512563,1.0461753259352056,0.10871753057917456
81,0.40703517587939697,1.0457628585479046,0.10873110094304883
82,0.4120603015075377,1.0448875967836528,0.10877954808671796
83,0.4170854271356784,1.043503608156257,0.10886635789297183
84,0.4221105527638191,1.0415965625233938,0.10899523802302813
85,0.4271356783919598,1.0391856057399127,0.10917011673571808
86,0.4321608040201005,1.0363222818782303,0.10939513922597832
87,0.4371859296482412,1.0330866617216603,0.1096746611831072
88,0.44221105527638194,1.029581106098297,0.1100132392681622
89,0.4472361809045226,1.0259223091816645,0.11041561821425283
90,0.45226130653266333,1.0222324095298942,0.11088671426440078
91,0.457286432160804,1.0186300143383828,0.11143159467965902
92,0.4623115577889447,1.015221953205387,0.11205545307647324
93,0.46733668341708545,1.0120964685384821,0.1127635803874426
94,0.4723618090452261,1.0093183752605535,0.11356133128421694
95,0.47738693467336685,1.0069265035777095,0.11445408595608042
96,0.4824120603015075,1.0049335000679245,0.11544720720254242
97,0.48743718592964824,1.0033278303491713,0.11654599287345345
98,0.49246231155778897,1.0020776255920403,0.117755623774926
99,0.49748743718592964,1.001135865225076,0.11908110725319955
100,0.5025125628140703,1.000446302590295,0.12052721677006205
101,0.507537688442211,0.999949523906382,0.12209842789098245
102,0.5125628140703518,0.99958857974035,0.12379885121833545
103,0.5175879396984925,0.999313730380992,0.12563216291441948
104,0.5226130653266332,0.9990859842944166,0.12760153356923798
105,0.5276381909547738,0.9988792616038183,0.12970955627252634
106,0.5326633165829145,0.9986811621629512,0.13195817484470873
107,0.5376884422110553,0.9984924438206908,0.13434861326305114
108,0.542713567839196,0.9983254103364246,0.1368813073834806
109,0.5477386934673367,0.998201466401073,0.13955584010144073
110,0.5527638190954774,0.9981481219868354,0.1423708811131864
111,0.5577889447236181,0.9981957269696493,0.1453241324295086
112,0.5628140703517588,0.9983741987374141,0.14841228075456006
113,0.5678391959798995,0.9987099785748275,0.15163095777250968
114,0.5728643216080402,0.999223422263371,0.1549747092838224
115,0.577889447236181,0.9999267977893049,0.15843697400270595
116,0.5829145728643216,1.0008230259144297,0.16201007266985767
117,0.5879396984924623,1.001905253270079,0.16568520795418973
118,0.592964824120603,1.0031572887270561,0.1694524754185429
119,0.5979899497487438,1.0045548612719841,0.17330088561364154
120,0.6030150753768845,1.0060675755643296,0.17721839714846155
121,0.6080402010050251,1.0076613591960508,0.1811919603710369
122,0.6130653266331658,1.0093011270374819,0.18520757108933072
123,0.6180904522613065,1.010953348001867,0.1892503335740391
124,0.6231155778894473,1.0125882009702554,0.19330453192140215
125,0.628140703517588,1.0141810564128693,0.19735370872003188
126,0.6331658291457286,1.0157131165650248,0.20138074986659396
127,0.6381909547738693,1.0171711781276218,0.20536797431433074
128,0.6432160804020101,1.018546626889494,0.2092972275184716
129,0.6482412060301508,1.0198339075139342,0.21314997736388666
130,0.6532663316582915,1.0210288076266232,0.21690741142250247
131,0.6582914572864321,1.02212693199654,0.22055053448866524
132,0.6633165829145728,1.0231227087524843,0.22406026547646585
133,0.6683417085427136,1.0240091671681877,0.22741753292995426
134,0.6733668341708543,1.0247785713141244,0.2306033685893444
135,0.678391959798995,1.0254238130512356,0.233598998668879
136,0.6834170854271356,1.0259402953522152,0.23638593272802666
137,0.6884422110552764,1.026327906938756,0.23894605025154825
138,0.6934673366834171,1.0265926293419099,0.2412616852891576
139,0.6984924623115578,1.0267473431084648,0.2433157097357681
140,0.7035175879396985,1.026811510681387,0.24509161605291385
141,0.7085427135678392,1.0268095930528764,0.2465736004344138
142,0.7135678391959799,1.026768275792832,0.24774664759887066
143,0.7185929648241206,1.0267127996032077,0.2485966185414891
144,0.7236180904522613,1.0266628721288897,0.24911034269116986
145,0.7286432160804021,1.0266287484164816,0.2492757159882157
146,0.7336683417085427,1.0266080862872073,0.2490818064137271
147,0.7386934673366834,1.0265841049359938,0.24851896845498844
148,0.7437185929648241,1.0265254118313498,0.2475789678683956
149,0.7487437185929648,1.0263876403298484,0.24625511789090335
150,0.7537688442211056,1.0261167936951183,0.2445424277363064
151,0.7587939698492463,1.0256539589157656,0.24243776377850726
152,0.7638190954773869,1.0249408708030416,0.2399400232529377
153,0.7688442211055276,1.0239256989871817,0.2370503195834825
154,0.7738693467336684,1.0225684102246873,0.2337721775514936
155,0.7788944723618091,1.0208451241389538,0.2301117354564768
156,0.7839195979899498,1.018751017385405,0.22607795017285534
157,0.7889447236180904,1.0163015149408807,0.22168279959380788
158,0.7939698492462312,1.013531708688638,0.21694147539682795
159,0.7989949748743719,1.0104941340068003,0.2118725574130479
160,0.8040201005025126,1.007255190859849,0.2064981592052149
161,0.8090452261306533,1.0038906011567186,0.2008440328596801
162,0.8140703517587939,1.0004803424718378,0.194939619610122
163,0.8190954773869347,0.9971034921776398,0.1888180319019902
164,0.8241206030150754,0.9938333652265358,0.1825159520720826
165,0.8291457286432161,0.9907332471649724,0.17607343317081306
166,0.8341708542713568,0.9878529266953081,0.1695335888117271
167,0.8391959798994975,0.9852261331733824,0.16294216148824936
168,0.8442211055276382,0.9828688947336963,0.15634696269461812
169,0.8492462311557789,0.9807787593586648,0.1497971834834172
170,0.8542713567839196,0.9789347676507538,0.1433425807208546
171,0.8592964824120604,0.9772980331609238,0.13703255204532394
172,0.864321608040201,0.9758127732747219,0.13091512100491332
173,0.8693467336683417,0.9744076399432884,0.12503586248435938
174,0.8743718592964824,0.9729972243606237,0.11943680662398724
175,0.8793969849246231,0.9714836526419267,0.11415536618348955
176,0.8844221105527639,0.969758249671161,0.10922333690199904
177,0.8894472361809045,0.9677033226476389,0.10466602213240496
178,0.8944723618090452,0.9651941981710027,0.10050153135718733
179,0.8994974874371859,0.9621017262108045,0.09674029688777784
180,0.9045226130653267,0.9582955257089587,0.09338484422211757
181,0.9095477386934674,0.9536482712823139,0.09042983966160399
182,0.914572864321608,0.9480412894931178,0.08786242466728755
183,0.9195979899497487,0.9413716311072892,0.08566283109420503
184,0.9246231155778895,0.9335606059008357,0.0838052560069793
185,0.9296482412060302,0.9245635152660023,0.08225896032641611
186,0.9346733668341709,0.9143800176152382,0.08098954298003336
187,0.9396984924623115,0.9030642513149951,0.07996033214943754
188,0.9447236180904522,0.8907335716737678,0.07913382793555679
189,0.949748743718593,0.8775745905322541,0.07847312634076997
190,0.9547738693467337,0.863845193436004,0.07794325277116987
191,0.9597989949748744,0.8498713888213011,0.07751233416656977
192,0.964824120603015,0.8360382283788601,0.0771525424385342
193,0.9698492462311558,0.8227746062622521,0.07684074860983857
194,0.9748743718592965,0.8105324399163026,0.07655883797161889
195,0.9798994974874372,0.7997614692296993,0.07629365352868599
196,0.9849246231155779,0.7908815769271142,0.07603656066154085
197,0.9899497487437187,0.7842550234194667,0.07578266386546995
198,0.9949748743718593,0.7801612132457164,0.07552976114480614
199,1.0,0.7787765128009169,0.07527719885202377
