,x,y,pNG
0,0.0,0.2738723880776839,0.0
1,0.005025125628140704,0.2740778590622786,0.0
2,0.010050251256281407,0.2746944653255242,0.0
3,0.01507537688442211,0.2757226154105122,0.0
4,0.020100502512562814,0.2771623894041299,0.0
5,0.02512562814070352,0.2790125533668608,0.0
6,0.03015075376884422,0.28126907248789135,2.220446049250313e-16
7,0.035175879396984924,0.28392313687949366,1.1102230246251563e-15
8,0.04020100502512563,0.2869588395832601,7.549516567451064e-15
9,0.04522613065326633,0.2903507923427037,3.486100297322992e-14
10,0.05025125628140704,0.29406208715148313,1.383337888682945e-13
11,0.05527638190954774,0.2980430681804879,4.785061236134425e-13
12,0.06030150753768844,0.3022313415870581,1.4841461393189093e-12
13,0.06532663316582915,0.306553315191362,4.199973702156966e-12
14,0.07035175879396985,0.31092734623074075,1.0992984300628448e-11
15,0.07537688442211056,0.31526832317367737,2.6898927529828146e-11
16,0.08040201005025126,0.31949326604227024,6.207279135139743e-11
17,0.08542713567839195,0.3235273453429371,1.3604450899151743e-10
18,0.09045226130653267,0.3273096260918081,2.8486080161371774e-10
19,0.09547738693467336,0.3307978551089787,5.726588092613838e-10
20,0.10050251256281408,0.3339717213589135,1.1098912899853983e-09
21,0.10552763819095477,0.3368342086916675,2.0812813694703887e-09
22,0.11055276381909548,0.3394108954067063,3.7877010417020066e-09
23,0.11557788944723618,0.34174729927798925,6.707588262599984e-09
24,0.12060301507537688,0.34390458576732186,1.1585287951199064e-08
25,0.12562814070351758,0.3459541233752459,1.955589989943718e-08
26,0.1306532663316583,0.3479714652472541,3.231887280019663e-08
27,0.135678391959799,0.3500303533615744,5.237580780192985e-08
28,0.1407035175879397,0.3521972857294009,8.335175805118665e-08
29,0.1457286432160804,0.3545270736382647,1.304238063104535e-07
30,0.15075376884422112,0.3570596685668295,2.0088598262635318e-07
31,0.15577889447236182,0.3598183837781616,3.048856501708386e-07
32,0.16080402010050251,0.36280949812980245,4.56373452140113e-07
33,0.1658291457286432,0.36602312593105024,6.743168279310653e-07
34,0.1708542713567839,0.3694351722502725,9.84236007472994e-07
35,0.17587939698492464,0.3730101623365869,1.4201313316419828e-06
36,0.18090452261306533,0.3767047235694031,2.0268817668700483e-06
37,0.18592964824120603,0.3804714936844833,2.8632065637301807e-06
38,0.19095477386934673,0.3842632195288433,4.005295189735136e-06
39,0.19597989949748745,0.38803679441988675,5.551224879773997e-06
40,0.20100502512562815,0.39175696640673424,7.626300381979868e-06
41,0.20603015075376885,0.39539944684677053,1.0389466603921704e-05
42,0.21105527638190955,0.398953170683935,1.404096181234493e-05
43,0.21608040201005024,0.4024215122317629,1.8831396625285105e-05
44,0.22110552763819097,0.4058223390901822,2.5072462055297784e-05
45,0.22613065326633167,0.409186879278777,3.314948808097462e-05
46,0.23115577889447236,0.4125574659653671,4.3536092309781615e-05
47,0.23618090452261306,0.4159842962446534,5.681117585598638e-05
48,0.24120603015075376,0.4195213898071272,7.367854016515629e-05
49,0.24623115577889448,0.4232219655466993,9.498941356755886e-05
50,0.25125628140703515,0.4271334832569679,0.00012176818921816324
51,0.2562814070351759,0.43129263949802565,0.0001552416859715855
52,0.2613065326633166,0.4357206706472082,0.00019687224973952144
53,0.2663316582914573,0.4404193971917961,0.00024839501389539714
54,0.271356783919598,0.44536851969416097,0.0003118596320621503
55,0.2763819095477387,0.45052471324248433,0.0003896767836720771
56,0.2814070351758794,0.4558230240573675,0.00048466973030514277
57,0.2864321608040201,0.4611809184347447,0.0006001311670300603
58,0.2914572864321608,0.466505061045008,0.0007398855655190718
59,0.2964824120603015,0.4717005274937567,0.0009083571420223092
60,0.30150753768844224,0.47668173685618836,0.0011106435004868411
61,0.3065326633165829,0.48138399910517893,0.001352594895956072
62,0.31155778894472363,0.4857742939817823,0.0016408989323892784
63,0.3165829145728643,0.48985980526806483,0.0019831703484334273
64,0.32160804020100503,0.49369287174879994,0.002388045350483425
65,0.32663316582914576,0.49737138522250707,0.002865279720645764
66,0.3316582914572864,0.5010342223485568,0.0034258496541164085
67,0.33668341708542715,0.504851956894109,0.004082053962641163
68,0.3417085427135678,0.5090137543348532,0.004847615915588244
69,0.34673366834170855,0.5137118917616338,0.005737782576480721
70,0.35175879396984927,0.5191256823818402,0.0067694190313284395
71,0.35678391959798994,0.5254066624709951,0.007961094399166924
72,0.36180904522613067,0.5326667124925567,0.009333155971870122
73,0.36683417085427134,0.5409703714894273,0.010907787261231872
74,0.37185929648241206,0.5503320380207223,0.012709045153906471
75,0.3768844221105528,0.5607181239465667,0.014762870813390228
76,0.38190954773869346,0.5720536320346339,0.017097068455051878
77,0.3869346733668342,0.5842321423550528,0.01974124569636193
78,0.3919597989949749,0.5971278678998097,0.02272670890008477
79,0.3969849246231156,0.6106082997213167,0.02608630684242097
80,0.4020100502512563,0.6245460022188315,0.029854216217591656
81,0.40703517587939697,0.6388283158036058,0.0340656630069478
82,0.4120603015075377,0.6533640405209485,0.03875657466706151
83,0.4170854271356784,0.6680865684717995,0.04396315949513308
84,0.4221105527638191,0.6829533625353297,0.049721411466245535
85,0.4271356783919598,0.6979421027932371,0.05606654133791822
86,0.4321608040201005,0.7130442009088638,0.06303233788205452
87,0.4371859296482412,0.7282566795904936,0.07065046668727748
88,0.44221105527638194,0.7435735964680352,0.07894971797521633
89,0.4472361809045226,0.7589782345819103,0.08795521912972826
90,0.45226130653266333,0.7744371738153313,0.09768763192004892
91,0.457286432160804,0.7898971058405497,0.1081623584180399
92,0.4623115577889447,0.8052848873519218,0.11938878302838417
93,0.46733668341708545,0.8205108901628703,0.13136958050521352
94,0.4723618090452261,0.8354752635997454,0.1441001209619175
95,0.47738693467336685,0.8500763397637927,0.1575680023811027
96,0.4824120603015075,0.8642201426073876,0.1717527387756841
97,0.48743718592964824,0.8778298448776551,0.18662562784702966
98,0.49246231155778897,0.8908540634576494,0.20214981580098268
99,0.49748743718592964,0.903273075708146,0.21828056916742367
100,0.5025125628140703,0.9151023357178083,0.2349657544500421
101,0.507537688442211,0.9263930149386204,0.2521465167880159
102,0.5125628140703518,0.9372296304416251,0.26975813921982283
103,0.5175879396984925,0.9477251104404752,0.2877310553166181
104,0.5226130653266332,0.9580138535388468,0.3059919805741333
105,0.5276381909547738,0.9682434583585566,0.32446512257864146
106,0.5326633165829145,0.9785658432157877,0.3430734269796969
107,0.5376884422110553,0.989128459285912,0.3617398158786821
108,0.542713567839196,1.000066242813258,0.38038837731832265
109,0.5477386934673367,1.0114948629218274,0.3989454688605991
110,0.5527638190954774,1.0235057029611248,0.4173407043239209
111,0.5577889447236181,1.0361628608443043,0.4355078000548676
112,0.5628140703517588,1.0495022648040622,0.4533852650272802
113,0.5678391959798995,1.063532782411665,0.4709169270004547
114,0.5728643216080402,1.078238974721569,0.4880522944081132
115,0.577889447236181,1.0935849510137163,0.5047467601792219
116,0.5829145728643216,1.1095186575397693,0.5209616590310353
117,0.5879396984924623,1.125975925830571,0.5366641937770232
118,0.592964824120603,1.1428837330920103,0.551827248834457
119,0.5979899497487438,1.160162378849943,0.5664291104762944
120,0.6030150753768845,1.1777266133938027,0.5804531136023
121,0.6080402010050251,1.1954860912007061,0.5938872341031469
122,0.6130653266331658,1.2133457802401482,0.6067236444786309
123,0.6180904522613065,1.2312070593329074,0.6189582484633316
124,0.6231155778894473,1.2489701363496095,0.6305902082109183
125,0.628140703517588,1.2665381244439546,0.6416214752632088
126,0.6331658291457286,1.2838226793500513,0.6520563342206792
127,0.6381909547738693,1.3007506287920434,0.6619009658412491
128,0.6432160804020101,1.3172706360093318,0.6711630342953384
129,0.6482412060301508,1.3333587430779377,0.679851301540131
130,0.6532663316582915,1.3490217042856825,0.6879752702635287
131,0.6582914572864321,1.3642973501607774,0.6955448555896078
132,0.6633165829145728,1.3792517545153897,0.7025700847191154
133,0.6683417085427136,1.3939735891513056,0.7090608228798867
134,0.6733668341708543,1.4085665951664639,0.7150265233553559
135,0.678391959798995,1.423141438061394,0.7204759989167833
136,0.6834170854271356,1.4378082556691565,0.7254172116764129
137,0.6884422110552764,1.452670936439227,0.7298570781782585
138,0.6934673366834171,1.4678236444396953,0.733801286425678
139,0.6984924623115578,1.4833494663612026,0.7372541214892109
140,0.7035175879396985,1.499320458237844,0.7402182963274583
141,0.7085427135678392,1.515797970641912,0.7426947844745945
142,0.7135678391959799,1.5328320372688784,0.7446826512918109
143,0.7185929648241206,1.5504588533303079,0.7461788805422188
144,0.7236180904522613,1.5686958932663129,0.7471781931305788
145,0.7286432160804021,1.5875348984332385,0.7476728549572064
146,0.7336683417085427,1.6069336432074615,0.7476524709825764
147,0.7386934673366834,1.6268079039267807,0.7471037628083135
148,0.7437185929648241,1.647025292398098,0.7460103273827712
149,0.7487437185929648,1.667402525331888,0.7443523748819951
150,0.7537688442211056,1.6877073094174158,0.742106444463035
151,0.7587939698492463,1.7076654184246405,0.7392450975221717
152,0.7638190954773869,1.7269728491065572,0.7357365894316727
153,0.7688442211055276,1.7453122939828205,0.7315445226273437
154,0.7738693467336684,1.7623726597182023,0.7266274865750821
155,0.7788944723618091,1.7778700406532602,0.7209386938140533
156,0.7839195979899498,1.7915684290210394,0.7144256262813014
157,0.7889447236180904,1.803298470480331,0.7070297128680165
158,0.7939698492462312,1.8129727057028113,0.6986860681208962
159,0.7989949748743719,1.820595935667599,0.6893233337323723
160,0.8040201005025126,1.826269596181644,0.6788636795458769
161,0.8090452261306533,1.8301893412781032,0.6672230397853499
162,0.8140703517587939,1.8326354481001372,0.6543116834735379
163,0.8190954773869347,1.833956194776254,0.6400352454858719
164,0.8241206030150754,1.8345450241743926,0.6242963755498581
165,0.8291457286432161,1.8348130382635623,0.6069971945137906
166,0.8341708542713568,1.835159066695902,0.5880427759526633
167,0.8391959798994975,1.8359400800705772,0.5673458890044445
168,0.8442211055276382,1.8374449301421336,0.5448332332234866
169,0.8492462311557789,1.8398741887372552,0.5204533509071371
170,0.8542713567839196,1.8433281891304507,0.4941862941991742
171,0.8592964824120604,1.847804306708967,0.4660549273956464
172,0.864321608040201,1.8532032021002671,0.43613743565287655
173,0.8693467336683417,1.859342411505638,0.4045801792333803
174,0.8743718592964824,1.8659745552631652,0.3716094969763633
175,0.8793969849246231,1.8728067728663584,0.33754049391353225
176,0.8844221105527639,1.8795179363977936,0.3027803836903397
177,0.8894472361809045,1.885770796184023,0.2678238018503152
178,0.8944723618090452,1.8912174068263432,0.23323789751017565
179,0.8994974874371859,1.8954977938576616,0.19963613235643365
180,0.9045226130653267,1.898233592908905,0.16764157775709798
181,0.9095477386934674,1.8990200199151561,0.13784283067831282
182,0.914572864321608,1.8974207040177598,0.11074789201271662
183,0.9195979899497487,1.8929703647577283,0.0867427268022195
184,0.9246231155778895,1.8851898519400092,0.06606113519491362
185,0.9296482412060302,1.8736166171141617,0.04877081983731424
186,0.9346733668341709,1.8578513246242025,0.034777543246586114
187,0.9396984924623115,1.8376182790247333,0.023845896092320015
188,0.9447236180904522,1.8128340511720904,0.01563241741503818
189,0.949748743718593,1.7836756686424744,0.009725299483936745
190,0.9547738693467337,1.750637605357078,0.005684835019158285
191,0.9597989949748744,1.7145661328487019,0.0030798082938461317
192,0.964824120603015,1.6766607935069044,0.0015166329420850386
193,0.9698492462311558,1.6384359535737683,0.0006596546314946439
194,0.9748743718592965,1.6016403495322191,0.0002423165238953917
195,0.9798994974874372,1.5681386240716795,6.972449989328666e-05
196,0.9849246231155779,1.5397651023084418,1.3643579832356426e-05
197,0.9899497487437187,1.5181653639265142,1.321543143473214e-06
198,0.9949748743718593,1.5046444542743946,2.299478685241496e-08
199,1.0,1.5000410693878783,0.0
