,x,y,pNG
0,0.0,0.6585649823093881,0.0
1,0.005025125628140704,0.6586246008333037,0.0
2,0.010050251256281407,0.658806949551341,0.0
3,0.01507537688442211,0.6591217341423848,0.0
4,0.020100502512562814,0.6595826620734764,0.0
5,0.02512562814070352,0.6602041126017221,0.0
6,0.03015075376884422,0.6609971723946466,2.220446049250313e-16
7,0.035175879396984924,0.6619656271202549,1.1102230246251563e-15
8,0.04020100502512563,0.6631025286990299,7.549516567451064e-15
9,0.04522613065326633,0.6643879056217745,3.486100297322992e-14
10,0.05025125628140704,0.6657880542304423,1.383337888682945e-13
11,0.05527638190954774,0.6672566562672886,4.785061236134425e-13
12,0.06030150753768844,0.6687377348413727,1.4841461393189093e-12
13,0.06532663316582915,0.67017021573287,4.199973702156966e-12
14,0.07035175879396985,0.671493634829931,1.0992984300628448e-11
15,0.07537688442211056,0.6726543555157981,2.6898927529828146e-11
16,0.08040201005025126,0.6736115570203975,6.207279135139743e-11
17,0.08542713567839195,0.674342242645356,1.3604450899151743e-10
18,0.09045226130653267,0.6748446008082488,2.8486080161371774e-10
19,0.09547738693467336,0.6751392251093884,5.726588092613838e-10
20,0.10050251256281408,0.6752679430907101,1.1098912899853983e-09
21,0.10552763819095477,0.6752902878474455,2.0812813694703887e-09
22,0.11055276381909548,0.6752779362350694,3.7877010417020066e-09
23,0.11557788944723618,0.6753076939819276,6.707588262599984e-09
24,0.12060301507537688,0.6754537964839548,1.1585287951199064e-08
25,0.12562814070351758,0.6757803874486642,1.955589989943718e-08
26,0.1306532663316583,0.6763350212631292,3.231887280019663e-08
27,0.135678391959799,0.6771439094298678,5.237580780192985e-08
28,0.1407035175879397,0.6782094127154056,8.335175805118665e-08
29,0.1457286432160804,0.6795099986840293,1.304238063104535e-07
30,0.15075376884422112,0.6810025786900337,2.0088598262635318e-07
31,0.15577889447236182,0.6826268527411772,3.048856501708386e-07
32,0.16080402010050251,0.6843110656718185,4.56373452140113e-07
33,0.1658291457286432,0.6859784451626518,6.743168279310653e-07
34,0.1708542713567839,0.6875535681292307,9.84236007472994e-07
35,0.17587939698492464,0.6889679862186608,1.4201313316419828e-06
36,0.18090452261306533,0.690164615502866,2.0268817668700483e-06
37,0.18592964824120603,0.6911006274532934,2.8632065637301807e-06
38,0.19095477386934673,0.691748826687049,4.005295189735136e-06
39,0.19597989949748745,0.692097723050622,5.551224879773997e-06
40,0.20100502512562815,0.6921506646913611,7.626300381979868e-06
41,0.20603015075376885,0.691924470770336,1.0389466603921704e-05
42,0.21105527638190955,0.6914479800754485,1.404096181234493e-05
43,0.21608040201005024,0.6907608255338386,1.8831396625285105e-05
44,0.22110552763819097,0.6899125806207183,2.5072462055297784e-05
45,0.22613065326633167,0.6889622384534564,3.314948808097462e-05
46,0.23115577889447236,0.6879778177819222,4.3536092309781615e-05
47,0.23618090452261306,0.6870357776101368,5.681117585598638e-05
48,0.24120603015075376,0.6862198881605691,7.367854016515629e-05
49,0.24623115577889448,0.6856192589947371,9.498941356755886e-05
50,0.25125628140703515,0.6853253568126441,0.00012176818921816324
51,0.2562814070351759,0.6854280318147988,0.0001552416859715855
52,0.2613065326633166,0.6860107777627036,0.00019687224973952144
53,0.2663316582914573,0.6871456380121465,0.00024839501389539714
54,0.271356783919598,0.6888883017868468,0.0003118596320621503
55,0.2763819095477387,0.6912739852801061,0.0003896767836720771
56,0.2814070351758794,0.6943146484733889,0.00048466973030514277
57,0.2864321608040201,0.6979979647375577,0.0006001311670300603
58,0.2914572864321608,0.702288255645528,0.0007398855655190718
59,0.2964824120603015,0.707129359246344,0.0009083571420223092
60,0.30150753768844224,0.7124491541720842,0.0011106435004868411
61,0.3065326633165829,0.7181652524225343,0.001352594895956072
62,0.31155778894472363,0.7241912325285309,0.0016408989323892784
63,0.3165829145728643,0.7304427329378117,0.0019831703484334273
64,0.32160804020100503,0.7368427694954721,0.002388045350483425
65,0.32663316582914576,0.7433257722974848,0.002865279720645764
66,0.3316582914572864,0.7498400340108426,0.0034258496541164085
67,0.33668341708542715,0.7563484923294678,0.004082053962641163
68,0.3417085427135678,0.7628279975034459,0.004847615915588244
69,0.34673366834170855,0.769267407224232,0.005737782576480721
70,0.35175879396984927,0.7756649779088696,0.0067694190313284395
71,0.35678391959798994,0.7820255671363302,0.007961094399166924
72,0.36180904522613067,0.7883581236775387,0.009333155971870122
73,0.36683417085427134,0.7946738297622924,0.010907787261231872
74,0.37185929648241206,0.800985096777991,0.012709045153906471
75,0.3768844221105528,0.8073054296496713,0.014762870813390228
76,0.38190954773869346,0.8136499981675357,0.017097068455051878
77,0.3869346733668342,0.8200366141198391,0.01974124569636193
78,0.3919597989949749,0.8264867326093249,0.02272670890008477
79,0.3969849246231156,0.8330260854820118,0.02608630684242097
80,0.4020100502512563,0.8396846140455276,0.029854216217591656
81,0.40703517587939697,0.8464954861096426,0.0340656630069478
82,0.4120603015075377,0.853493139252084,0.03875657466706151
83,0.4170854271356784,0.8607104633510696,0.04396315949513308
84,0.4221105527638191,0.8681753947486827,0.049721411466245535
85,0.4271356783919598,0.8759073182054955,0.05606654133791822
86,0.4321608040201005,0.883913742839232,0.06303233788205452
87,0.4371859296482412,0.8921877239236247,0.07065046668727748
88,0.44221105527638194,0.9007064419206801,0.07894971797521633
89,0.4472361809045226,0.9094312303423107,0.08795521912972826
90,0.45226130653266333,0.9183091796547016,0.09768763192004892
91,0.457286432160804,0.9272762560463587,0.1081623584180399
92,0.4623115577889447,0.9362616855321698,0.11938878302838417
93,0.46733668341708545,0.9451931901985358,0.13136958050521352
94,0.4723618090452261,0.9540025466020611,0.1441001209619175
95,0.47738693467336685,0.9626308832889447,0.1575680023811027
96,0.4824120603015075,0.9710331542360385,0.1717527387756841
97,0.48743718592964824,0.9791813175091867,0.18662562784702966
98,0.49246231155778897,0.9870659034931146,0.20214981580098268
99,0.49748743718592964,0.9946958554757266,0.21828056916742367
100,0.5025125628140703,1.0020967410057782,0.2349657544500421
101,0.507537688442211,1.0093076354912052,0.2521465167880159
102,0.5125628140703518,1.0163771407147657,0.26975813921982283
103,0.5175879396984925,1.023359096048075,0.2877310553166181
104,0.5226130653266332,1.0303085538762788,0.3059919805741333
105,0.5276381909547738,1.0372785197031642,0.32446512257864146
106,0.5326633165829145,1.044317811181192,0.3430734269796969
107,0.5376884422110553,1.0514701905436328,0.3617398158786821
108,0.542713567839196,1.0587747022890963,0.38038837731832265
109,0.5477386934673367,1.0662669375512932,0.3989454688605991
110,0.5527638190954774,1.073980782258905,0.4173407043239209
111,0.5577889447236181,1.081950115098084,0.4355078000548676
112,0.5628140703517588,1.090209919301611,0.4533852650272802
113,0.5678391959798995,1.0987963612585065,0.4709169270004547
114,0.5728643216080402,1.1077455562706167,0.4880522944081132
115,0.577889447236181,1.11709096235703,0.5047467601792219
116,0.5829145728643216,1.1268595831276904,0.5209616590310353
117,0.5879396984924623,1.1370673834175005,0.5366641937770232
118,0.592964824120603,1.14771449201679,0.551827248834457
119,0.5979899497487438,1.158780857538318,0.5664291104762944
120,0.6030150753768845,1.1702230209293585,0.5804531136023
121,0.6080402010050251,1.1819725698315289,0.5938872341031469
122,0.6130653266331658,1.193936658186737,0.6067236444786309
123,0.6180904522613065,1.2060007333642153,0.6189582484633316
124,0.6231155778894473,1.2180333451744687,0.6305902082109183
125,0.628140703517588,1.2298926527348621,0.6416214752632088
126,0.6331658291457286,1.2414340313181664,0.6520563342206792
127,0.6381909547738693,1.2525180411646026,0.6619009658412491
128,0.6432160804020101,1.2630179730964735,0.6711630342953384
129,0.6482412060301508,1.272826238647741,0.679851301540131
130,0.6532663316582915,1.2818590190483037,0.6879752702635287
131,0.6582914572864321,1.2900588089680727,0.6955448555896078
132,0.6633165829145728,1.2973947583508263,0.7025700847191154
133,0.6683417085427136,1.3038609932287575,0.7090608228798867
134,0.6733668341708543,1.3094733463003363,0.7150265233553559
135,0.678391959798995,1.3142651154052494,0.7204759989167833
136,0.6834170854271356,1.3182825657796378,0.7254172116764129
137,0.6884422110552764,1.3215808849619288,0.7298570781782585
138,0.6934673366834171,1.3242211868722433,0.733801286425678
139,0.6984924623115578,1.3262689586788818,0.7372541214892109
140,0.7035175879396985,1.3277940792255407,0.7402182963274583
141,0.7085427135678392,1.3288722498190637,0.7426947844745945
142,0.7135678391959799,1.3295874104970855,0.7446826512918109
143,0.7185929648241206,1.330034508975301,0.7461788805422188
144,0.7236180904522613,1.3303218782135755,0.7471781931305788
145,0.7286432160804021,1.3305724807822465,0.7476728549572064
146,0.7336683417085427,1.3309233954224902,0.7476524709825764
147,0.7386934673366834,1.331523136994966,0.7471037628083135
148,0.7437185929648241,1.3325266837404914,0.7460103273827712
149,0.7487437185929648,1.334088393715431,0.7443523748819951
150,0.7537688442211056,1.3363532806031864,0.742106444463035
151,0.7587939698492463,1.3394473473846231,0.7392450975221717
152,0.7638190954773869,1.3434678150109578,0.7357365894316727
153,0.7688442211055276,1.3484741180333657,0.7315445226273437
154,0.7738693467336684,1.3544804727159434,0.7266274865750821
155,0.7788944723618091,1.36145067332695,0.7209386938140533
156,0.7839195979899498,1.3692955677341454,0.7144256262813014
157,0.7889447236180904,1.377873437439274,0.7070297128680165
158,0.7939698492462312,1.3869932910279292,0.6986860681208962
159,0.7989949748743719,1.396420897071296,0.6893233337323723
160,0.8040201005025126,1.4058872445853072,0.6788636795458769
161,0.8090452261306533,1.4150990255508686,0.6672230397853499
162,0.8140703517587939,1.4237506736717316,0.6543116834735379
163,0.8190954773869347,1.4315374496147357,0.6400352454858719
164,0.8241206030150754,1.4381690186276332,0.6242963755498581
165,0.8291457286432161,1.4433829107588478,0.6069971945137906
166,0.8341708542713568,1.4469571862358293,0.5880427759526633
167,0.8391959798994975,1.4487215601708539,0.5673458890044445
168,0.8442211055276382,1.448566193443356,0.5448332332234866
169,0.8492462311557789,1.4464473582786974,0.5204533509071371
170,0.8542713567839196,1.4423892653232173,0.4941862941991742
171,0.8592964824120604,1.436481514128888,0.4660549273956464
172,0.864321608040201,1.4288719075592893,0.43613743565287655
173,0.8693467336683417,1.4197547419331902,0.4045801792333803
174,0.8743718592964824,1.4093551198565804,0.3716094969763633
175,0.8793969849246231,1.3979102874208833,0.33754049391353225
176,0.8844221105527639,1.3856494177635756,0.3027803836903397
177,0.8894472361809045,1.3727735925109956,0.2678238018503152
178,0.8944723618090452,1.3594379203845905,0.23323789751017565
179,0.8994974874371859,1.3457377396091819,0.19963613235643365
180,0.9045226130653267,1.3317006564849911,0.16764157775709798
181,0.9095477386934674,1.3172857755725753,0.13784283067831282
182,0.914572864321608,1.3023908972499538,0.11074789201271662
183,0.9195979899497487,1.2868677355614202,0.0867427268022195
184,0.9246231155778895,1.2705444003447381,0.06606113519491362
185,0.9296482412060302,1.253253563888385,0.04877081983731424
186,0.9346733668341709,1.2348639752298056,0.034777543246586114
187,0.9396984924623115,1.2153123807806774,0.023845896092320015
188,0.9447236180904522,1.1946325419233008,0.01563241741503818
189,0.949748743718593,1.1729779805577034,0.009725299483936745
190,0.9547738693467337,1.150635381665187,0.005684835019158285
191,0.9597989949748744,1.1280262531253114,0.0030798082938461317
192,0.964824120603015,1.1056954588095085,0.0015166329420850386
193,0.9698492462311558,1.0842865237024482,0.0006596546314946439
194,0.9748743718592965,1.0645050341759859,0.0002423165238953917
195,0.9798994974874372,1.0470728599385208,6.972449989328666e-05
196,0.9849246231155779,1.032677125717908,1.3643579832356426e-05
197,0.9899497487437187,1.0219186870729777,1.321543143473214e-06
198,0.9949748743718593,1.015265178596634,2.299478685241496e-08
199,1.0,1.0130134288258086,0.0
