,x,y
0,0.0,5.903772058003698e-07
1,0.010101010101010102,2.3767400620311593e-06
2,0.020202020202020204,8.73296277506836e-06
3,0.030303030303030304,2.93206530732191e-05
4,0.04040404040404041,9.008085589611766e-05
5,0.05050505050505051,0.0002536833449128351
6,0.06060606060606061,0.0006562649786285706
7,0.07070707070707072,0.001563630422897978
8,0.08080808080808081,0.003442299518894896
9,0.09090909090909091,0.007029091689847267
10,0.10101010101010102,0.013373861818182942
11,0.11111111111111112,0.023831838743458754
12,0.12121212121212122,0.039995857291297114
13,0.13131313131313133,0.06357280953343956
14,0.14141414141414144,0.09620778441186943
15,0.15151515151515152,0.1392469591528172
16,0.16161616161616163,0.19343536785201898
17,0.17171717171717174,0.2585929376228208
18,0.18181818181818182,0.33337793550897493
19,0.19191919191919193,0.4152619423763312
20,0.20202020202020204,0.5007621088951926
21,0.21212121212121213,0.5858566963038406
22,0.22222222222222224,0.66645807157571
23,0.23232323232323235,0.7388742680407823
24,0.24242424242424243,0.8002648868431859
25,0.25252525252525254,0.8490696368812839
26,0.26262626262626265,0.8852716930997847
27,0.27272727272727276,0.9103090875277676
28,0.2828282828282829,0.9265821461092063
29,0.29292929292929293,0.9367430049208323
30,0.30303030303030304,0.9430846746402576
31,0.31313131313131315,0.9472541968180886
32,0.32323232323232326,0.9502894260111088
33,0.33333333333333337,0.9528160039963016
34,0.3434343434343435,0.9552413755123944
35,0.3535353535353536,0.9578840394288616
36,0.36363636363636365,0.9610531183246199
37,0.37373737373737376,0.9650946991776697
38,0.38383838383838387,0.9704001115708845
39,0.393939393939394,0.9773904931069973
40,0.4040404040404041,0.9865275458523289
41,0.4141414141414142,0.9983669103428443
42,0.42424242424242425,1.0135557568971834
43,0.43434343434343436,1.032612639213648
44,0.4444444444444445,1.0554659008203808
45,0.4545454545454546,1.0810162441773996
46,0.4646464646464647,1.1071465584838822
47,0.4747474747474748,1.131382504518967
48,0.48484848484848486,1.1519134535960396
49,0.494949494949495,1.1683382144240602
50,0.5050505050505051,1.1816480481301563
51,0.5151515151515152,1.1935039127259999
52,0.5252525252525253,1.2053434975497896
53,0.5353535353535354,1.217882051185935
54,0.5454545454545455,1.2311857779347695
55,0.5555555555555556,1.245067124612362
56,0.5656565656565657,1.259407730282903
57,0.5757575757575758,1.2741907670116899
58,0.5858585858585859,1.289311077162587
59,0.595959595959596,1.3043999938121795
60,0.6060606060606061,1.3188609241735103
61,0.6161616161616162,1.3321246731655239
62,0.6262626262626263,1.3439487672304793
63,0.6363636363636365,1.3545407536351233
64,0.6464646464646465,1.3644156837707326
65,0.6565656565656566,1.374098336117137
66,0.6666666666666667,1.3838852331257494
67,0.6767676767676768,1.3938076422570909
68,0.686868686868687,1.4037619964535897
69,0.696969696969697,1.413657775847694
70,0.7070707070707072,1.4234613575498285
71,0.7171717171717172,1.4331338775326388
72,0.7272727272727273,1.4425548673179698
73,0.7373737373737375,1.4515273925931138
74,0.7474747474747475,1.4598946653885578
75,0.7575757575757577,1.4677152803205575
76,0.7676767676767677,1.4753851888758083
77,0.7777777777777778,1.4835894637235565
78,0.787878787878788,1.4930372962362395
79,0.797979797979798,1.504061551527705
80,0.8080808080808082,1.5162719660485189
81,0.8181818181818182,1.5284497620108284
82,0.8282828282828284,1.5387493832457007
83,0.8383838383838385,1.5451216262115512
84,0.8484848484848485,1.5458013729537883
85,0.8585858585858587,1.5397323822865436
86,0.8686868686868687,1.5268558472088116
87,0.8787878787878789,1.508199365531935
88,0.888888888888889,1.4856864744230278
89,0.8989898989898991,1.461613305470458
90,0.9090909090909092,1.4378310755670212
91,0.9191919191919192,1.4147796597424287
92,0.9292929292929294,1.3905911569371217
93,0.9393939393939394,1.3605486902955897
94,0.9494949494949496,1.31727863306617
95,0.9595959595959597,1.2520746827973823
96,0.9696969696969697,1.1574679182891245
97,0.9797979797979799,1.030465651919249
98,0.98989898989899,0.875108960524081
99,1.0,0.70281494986049
