,x,y,pNG
0,0.0,3.402507858162578e-31,
1,0.6030150753768844,7.596156294544902e-29,
2,1.2060301507537687,1.3129970633598333e-26,
3,1.809045226130653,1.7572810879718184e-24,
4,2.4120603015075375,1.8212116941684585e-22,
5,3.015075376884422,1.461695966658833e-20,
6,3.618090452261306,9.08591181991914e-19,
7,4.221105527638191,4.374558946156133e-17,
8,4.824120603015075,1.6315350513818175e-15,
9,5.427135678391959,4.714124239972995e-14,0.11653302654971055
10,6.030150753768844,1.0553606473010547e-12,0.1139059902165791
11,6.633165829145728,1.8308832195044064e-11,0.11634409005397894
12,7.236180904522612,2.4618785453123764e-10,0.11664202782583745
13,7.839195979899497,2.5665268200101062e-09,0.11653805602992072
14,8.442211055276381,2.0754007321868947e-08,0.1165112671273707
15,9.045226130653266,1.3028232736216897e-07,0.11660866302727856
16,9.64824120603015,6.358133053513482e-07,0.11689966618176305
17,10.251256281407034,2.418900589351092e-06,0.11735887784089695
18,10.854271356783919,7.211300049113829e-06,0.11803577021216773
19,11.457286432160803,1.7017106497220947e-05,0.1190641735965784
20,12.060301507537687,3.240309371223371e-05,0.12210810431598673
21,12.663316582914572,5.1555713917745034e-05,0.1301970261914387
22,13.266331658291456,7.244929010756258e-05,0.1446683651140631
23,13.86934673366834,9.613589219382151e-05,0.15132613545856433
24,14.472361809045225,0.00012656778950607294,0.15015362122850173
25,15.07537688442211,0.0001683623093509049,0.14895461253090836
26,15.678391959798994,0.0002296153072557197,0.14782323316355395
27,16.281407035175878,0.0003301101913577942,0.14676286051042264
28,16.884422110552762,0.0005028680987809406,0.14575159061838894
29,17.487437185929647,0.0007793027057141035,0.14482850316885398
30,18.09045226130653,0.0011688980329316125,0.14403540895459288
31,18.693467336683415,0.0016547416359805026,0.14339566912656546
32,19.2964824120603,0.002206658307212948,0.14291140999483287
33,19.899497487437184,0.0027938474201551623,0.14248869536912
34,20.50251256281407,0.003393021342749059,0.1419239540512892
35,21.105527638190953,0.004008717776633477,0.1409689444474581
36,21.708542713567837,0.004700010122935897,0.1395810813377517
37,22.31155778894472,0.005570904086333576,0.13782139126124515
38,22.914572864321606,0.006705726950449331,0.13595276193401107
39,23.51758793969849,0.00810103287600311,0.13408206991801153
40,24.120603015075375,0.009666113679241875,0.13232970105908592
41,24.72361809045226,0.011294961921892395,0.13069546936945986
42,25.326633165829143,0.012932176231240987,0.12917477133156352
43,25.929648241206028,0.014574157740156522,0.12776600473104138
44,26.532663316582912,0.01623303656069224,0.1264457028052558
45,27.135678391959797,0.017910526164456927,0.12523201499550873
46,27.73869346733668,0.019586417829496727,0.12412106148749558
47,28.341708542713565,0.021215917625244565,0.1231082498485806
48,28.94472361809045,0.022739059793249288,0.12219835746425213
49,29.547738693467334,0.024098127747947524,0.1213803328601688
50,30.15075376884422,0.02526723643704318,0.12065030457755188
51,30.753768844221103,0.026304649424110725,0.120001298781247
52,31.356783919597987,0.0273758456330291,0.1193973001456512
53,31.95979899497487,0.02865085816713204,0.11884262000365907
54,32.562814070351756,0.030126830669858804,0.11837679373885167
55,33.16582914572864,0.03160891410549576,0.11800425783868262
56,33.768844221105525,0.0329250983246999,0.1177766938818432
57,34.37185929648241,0.03409862254713681,0.11770380834221195
58,34.97487437185929,0.035251301974088954,0.11776498305479488
59,35.577889447236174,0.03643264898178458,0.1179350671658138
60,36.18090452261306,0.037640510828604076,0.11824806712159565
61,36.78391959798995,0.03892579607084431,0.11872652691451313
62,37.38693467336683,0.040352613330224524,0.11935606979152726
63,37.98994974874371,0.04186733577275817,0.1200674739557327
64,38.5929648241206,0.043279697048859325,0.12096549204397368
65,39.19597989949749,0.0443988520411838,0.12220802727346193
66,39.79899497487437,0.04518035882568725,0.1240590185298801
67,40.40201005025125,0.045726338243680574,0.1262254958239426
68,41.00502512562814,0.04614764629794003,0.12901524723755994
69,41.608040201005025,0.046465536406319174,0.13264936020557294
70,42.211055276381906,0.046656131143671765,0.1368049832714725
71,42.81407035175879,0.04670910690069308,0.14200882257376535
72,43.417085427135675,0.04656291160800057,0.1477575375469442
73,44.02010050251256,0.046034047201892664,0.15523376132987265
74,44.62311557788944,0.044927091369678276,0.1645218863811868
75,45.226130653266324,0.04322338249328508,0.17474817961851294
76,45.82914572864321,0.04108965215716413,0.1867635327295468
77,46.4321608040201,0.03871550815777177,0.1999817360926971
78,47.03517587939698,0.03621448127967373,0.2153986504495634
79,47.63819095477386,0.03365680920561186,0.23367307340069865
80,48.24120603015075,0.031100119826744682,0.2541750433132569
81,48.84422110552764,0.028561188342405237,0.2778982929045555
82,49.44723618090452,0.026015982494461926,0.3044493194435779
83,50.0502512562814,0.02347258515406759,0.3335826524408855
84,50.65326633165829,0.021019942072577926,0.3682576620640795
85,51.256281407035175,0.018768816480540497,0.4061328771296283
86,51.859296482412056,0.016767361181705548,0.4467824732410379
87,52.46231155778894,0.015002302903619763,0.4897081837207603
88,53.065326633165824,0.013450625551222627,0.5305371432248995
89,53.66834170854271,0.01210122193151263,0.5754349331426734
90,54.27135678391959,0.01094291148344599,0.6204526477653556
91,54.874371859296474,0.009935705283510263,0.6686703607778071
92,55.47738693467336,0.008987924818810956,0.7036392948040286
93,56.08040201005025,0.007991790952687958,0.7448665731370919
94,56.68341708542713,0.006906289927848895,0.7781473786908085
95,57.28643216080401,0.005791220206828565,0.8130644305257209
96,57.8894472361809,0.004755466366275004,0.8394760254266921
97,58.49246231155779,0.0038843104411884198,0.8643239528197739
98,59.09547738693467,0.0032020685999628617,0.8832650004028977
99,59.69849246231155,0.00267321984555876,0.901692013622792
100,60.30150753768844,0.002234669371922258,0.9176388357498321
101,60.904522613065325,0.0018430029861874252,0.9290723256490891
102,61.507537688442206,0.0014959215774161272,0.9374390500705744
103,62.110552763819086,0.0012091601798332133,0.9465089835711851
104,62.713567839195974,0.0009863348814668589,0.9554485368220884
105,63.31658291457286,0.0008160591984476294,0.9618827185926692
106,63.91959798994974,0.0006822902531033473,0.966514729382104
107,64.52261306532662,0.0005698893780023396,0.9707151181327884
108,65.12562814070351,0.0004699602985834182,0.9748652102807962
109,65.7286432160804,0.000382841662904558,0.9789235204326869
110,66.33165829145727,0.0003111779631922492,0.982054183861134
111,66.93467336683416,0.0002521902534672207,0.984830709212502
112,67.53768844221105,0.00020024947490501096,0.9862290788069796
113,68.14070351758794,0.00015426265980907278,0.9891591343540518
114,68.74371859296483,0.00011869715692962444,0.9906928825279911
115,69.3467336683417,9.698497325062346e-05,0.9920806214584008
116,69.94974874371859,8.623756752747687e-05,0.9929066720582732
117,70.55276381909547,7.965852426459645e-05,0.9937565377466252
118,71.15577889447235,7.177312236004768e-05,0.994064112388512
119,71.75879396984924,6.000821381526793e-05,0.9948312099186508
120,72.36180904522612,4.4380248954962757e-05,0.9948815620706044
121,72.96482412060301,2.7713491764040947e-05,0.9952259865019109
122,73.5678391959799,1.4089669558194655e-05,0.9953641998322228
123,74.17085427135677,5.697140824052843e-06,0.9954250962976796
124,74.77386934673366,1.8079628143763491e-06,0.9954702104737104
125,75.37688442211055,4.4712774640291476e-07,0.995861849844048
126,75.97989949748742,8.586264849700328e-08,0.9959614409229064
127,76.58291457286431,1.2779247819925386e-08,0.99598179825826
128,77.1859296482412,1.472749681984737e-09,0.9967654601733772
129,77.78894472361809,1.3136209591202368e-10,0.998842976625888
130,78.39195979899498,9.066189412654527e-12,0.998905327525275
131,78.99497487437185,4.841058582660245e-13,0.9989565960841604
132,79.59798994974874,1.9998150582488145e-14,0.9991971866593058
133,80.20100502512562,6.390862900697263e-16,0.999291987895118
134,80.8040201005025,1.5799458919277386e-17,0.999339479852954
135,81.40703517587939,3.021580887893864e-19,0.999481474008721
136,82.01005025125627,4.470267350912799e-21,0.9995335445737406
137,82.61306532663316,5.116098091518427e-23,0.9995829355450242
138,83.21608040201005,4.529492932464993e-25,0.9996254665950024
139,83.81909547738692,3.1021668363696383e-27,0.9996647950718676
140,84.42211055276381,1.6435584064029837e-29,0.9996997568831856
141,85.0251256281407,6.736110357844957e-32,0.9997619143721346
142,85.62814070351757,2.135683817628515e-34,0.9997920046015406
143,86.23115577889446,5.238031273574359e-37,0.9998196170480734
144,86.83417085427135,9.938074199889078e-40,0.9998432094851379
145,87.43718592964824,1.4586095219797517e-42,0.9998649488455764
146,88.04020100502512,1.6560679403398442e-45,0.99988487280719
147,88.643216080402,1.4545182540436143e-48,0.9999016504316612
148,89.24623115577889,9.882384282052501e-52,0.9999160324162528
149,89.84924623115577,5.194041792779542e-55,0.999928776063581
150,90.45226130653265,2.1117858593509874e-58,0.9999405402815259
151,91.05527638190954,6.641935237733566e-62,0.9999501720104448
152,91.65829145728642,1.6159923264622312e-65,0.9999586857968814
153,92.26130653266331,3.041469167170487e-69,0.9999657957505882
154,92.8643216080402,4.428193279337158e-73,0.9999720860985318
155,93.46733668341707,4.987332200188575e-77,0.999977166883011
156,94.07035175879396,4.345183764873214e-81,0.999981248735331
157,94.67336683417085,2.928502905242437e-85,0.9999846875693342
158,95.27638190954772,1.5267937043410653e-89,0.9999875296772271
159,95.87939698492461,6.157604288881912e-94,0.9999899200490552
160,96.4824120603015,1.9210533409332165e-98,0.9999919234620246
161,97.08542713567839,4.636206978080681e-103,0.99999357983206
162,97.68844221105527,8.655286745225163e-108,0.9999948902426136
163,98.29145728643215,1.249956382178037e-112,0.9999959576842092
164,98.89447236180904,1.3963764243433709e-117,0.9999968004441632
165,99.49748743718592,1.2067127521827169e-122,0.9999974791477106
166,100.1005025125628,8.066748767051733e-128,0.9999980168311898
167,100.70351758793969,4.1714388488201636e-133,0.9999984479545454
168,101.30653266331657,1.6686507023965554e-138,0.9999987895634164
169,101.90954773869346,5.163410746782546e-144,0.9999990586066524
170,102.51256281407035,1.2359448029462942e-149,0.9999992735872136
171,103.11557788944722,2.288506317457431e-155,0.9999994400292536
172,103.71859296482411,3.2778967411952845e-161,0.9999995700050068
173,104.321608040201,3.631850868408631e-167,0.9999996702582516
174,104.92462311557787,3.1127898623149257e-173,0.9999997498123028
175,105.52763819095476,2.0637644555234448e-179,0.9999998102638902
176,106.13065326633165,1.0584210105221996e-185,0.9999998584168952
177,106.73366834170854,4.198984254242874e-192,0.9999998922561202
178,107.33668341708542,1.2885965965564576e-198,0.999999919257452
179,107.9396984924623,3.0589763894004475e-205,0.9999999393484252
180,108.54271356783919,5.617216366662334e-212,0.9999999542826608
181,109.14572864321607,7.979056410272047e-219,0.9999999655086846
182,109.74874371859295,8.767317761033674e-226,0.9999999748618508
183,110.35175879396984,7.451887046456107e-233,0.9999999814059162
184,110.95477386934672,4.899475162997436e-240,0.9999999866680408
185,111.55778894472361,2.491816844565118e-247,0.9999999903636898
186,112.1608040201005,9.803144740868427e-255,0.9999999928938484
187,112.76381909547737,2.983300057951075e-262,0.999999994897914
188,113.36683417085426,7.022797858253956e-270,0.9999999963778848
189,113.96984924623115,1.278805801681056e-277,0.9999999973937774
190,114.57286432160802,1.801273740412074e-285,0.9999999980910654
191,115.17587939698491,1.9626145864573387e-293,0.9999999986462084
192,115.7788944723618,1.6541314134176922e-301,0.9999999990213077
193,116.38190954773869,1.07841068065425e-309,0.9999999993076756
194,116.98492462311557,5.43847e-318,0.9999999995054424
195,117.58793969849245,0.0,0.9999999996567859
196,118.19095477386934,0.0,0.9999999997622596
197,118.79396984924622,0.0,0.9999999998341778
198,119.3969849246231,0.0,0.9999999998847088
199,120.0,0.0,0.9999999999190756
