,x,y,pNG
0,0.0,1.1582694110697818,0.12533111851005752
1,0.005025125628140704,1.1580487525201335,0.12515540962561222
2,0.010050251256281407,1.1573996869937153,0.1249781500566417
3,0.01507537688442211,1.1563600838635555,0.12479932818649064
4,0.020100502512562814,1.1549902545906807,0.12461893296737915
5,0.02512562814070352,1.1533689697218417,0.12443695397445895
6,0.03015075376884422,1.1515883048198667,0.12425338145851585
7,0.035175879396984924,1.1497476852156268,0.12406820639699535
8,0.04020100502512563,1.1479475410185775,0.12388142054303285
9,0.04522613065326633,1.1462829926599838,0.12369301647220945
10,0.05025125628140704,1.1448379681829657,0.12350298762673405
11,0.05527638190954774,1.1436801133545593,0.12331132835682103
12,0.06030150753768844,1.1428568011342177,0.1231180339589969
13,0.06532663316582915,1.1423924829309666,0.12292310071116595
14,0.07035175879396985,1.1422875526216918,0.12272652590422704
15,0.07537688442211056,1.142518815343975,0.12252830787009028
16,0.08040201005025126,1.143041565332571,0.12232844600604753
17,0.08542713567839195,1.143793179862661,0.12212694079534304
18,0.09045226130653267,1.1446980313749517,0.1219237938239991
19,0.09547738693467336,1.1456734123978032,0.12171900779393485
20,0.10050251256281408,1.1466360672832134,0.12151258653245768
21,0.10552763819095477,1.1475088437425105,0.12130453499835248
22,0.11055276381909548,1.1482269300844619,0.1210948592848652
23,0.11557788944723618,1.1487431444530454,0.12088356661995835
24,0.12060301507537688,1.1490317999198232,0.12067066536440985
25,0.12562814070351758,1.1490907869163913,0.12045616500843292
26,0.1306532663316583,1.1489416860479553,0.1202400761677177
27,0.135678391959799,1.148627933629014,0.12002241057999675
28,0.1407035175879397,1.1482112839488112,0.11980318110348898
29,0.1457286432160804,1.147767014662662,0.1195824017189202
30,0.15075376884422112,1.1473784717568234,0.11936008753706615
31,0.15577889447236182,1.1471316198972885,0.1191362548142778
32,0.16080402010050251,1.147110235235291,0.1189109209787792
33,0.1658291457286432,1.147392249366083,0.11868410467114188
34,0.1708542713567839,1.1480475416996314,0.11845582580279435
35,0.17587939698492464,1.1491372163176807,0.1182261056371522
36,0.18090452261306533,1.1507141333447253,0.1179949668986211
37,0.18592964824120603,1.152824242214852,0.11776243391542572
38,0.19095477386934673,1.1555081270262109,0.11752853280320265
39,0.19597989949748745,1.1588021494166472,0.11729329169701475
40,0.20100502512562815,1.1627386679212475,0.11705674104058085
41,0.20603015075376885,1.1673450076312024,0.11681891394243205
42,0.21105527638190955,1.1726411135856984,0.11657984660985075
43,0.21608040201005024,1.1786360969043441,0.1163395788725864
44,0.22110552763819097,1.1853241231415317,0.11609815480945407
45,0.22613065326633167,1.1926802545756454,0.1158556234922622
46,0.23115577889447236,1.2006569150731403,0.1156120398625594
47,0.23618090452261306,1.2091815912290809,0.1153674657580489
48,0.24120603015075376,1.2181562305595472,0.1151219711066208
49,0.24623115577889448,1.2274585767580737,0.11487563530711398
50,0.25125628140703515,1.2369454328794447,0.11462854881696805
51,0.2562814070351759,1.2464576065136888,0.11438081496789175
52,0.2613065326633166,1.2558261013475658,0.11413255203147656
53,0.2663316582914573,1.2648790006753516,0.11388389555729815
54,0.271356783919598,1.2734484506400465,0.11363500100649936
55,0.2763819095477387,1.2813771912738712,0.11338604670395536
56,0.2814070351758794,1.288524187861755,0.1131372371320074
57,0.2864321608040201,1.294769062381842,0.11288880658817445
58,0.2914572864321608,1.300015189677452,0.11264102322838533
59,0.2964824120603015,1.304191480312152,0.11239419351578904
60,0.30150753768844224,1.3072529994098234,0.11214866709333073
61,0.3065326633165829,1.3091806513630293,0.11190484209570706
62,0.31155778894472363,1.3099801849123032,0.11166317091314236
63,0.3165829145728643,1.309680741671999,0.11142416641552877
64,0.32160804020100503,1.308333093320559,0.11118840864076962
65,0.32663316582914576,1.306007606973682,0.11095655194568088
66,0.3316582914572864,1.3027918699399208,0.1107293326113018
67,0.33668341708542715,1.2987878219770344,0.11050757688713576
68,0.3417085427135678,1.2941082105707822,0.11029220945039253
69,0.34673366834170855,1.288872219692591,0.11008426224684564
70,0.35175879396984927,1.2832002290538036,0.10988488366936576
71,0.35678391959798994,1.2772078275769236,0.10969534801851323
72,0.36180904522613067,1.270999404980062,0.10951706517674598
73,0.36683417085427134,1.2646618409591113,0.10935159041393172
74,0.37185929648241206,1.258258959689337,0.10920063422684534
75,0.3768844221105528,1.2518274792105992,0.10906607209932496
76,0.38190954773869346,1.2453751338074248,0.10894995405287576
77,0.3869346733668342,1.2388814745948253,0.1088545138397854
78,0.3919597989949749,1.2323015730183764,0.10878217761253528
79,0.3969849246231156,1.2255724987598902,0.10873557188463034
80,0.4020100502512563,1.2186220683817872,0.10871753057917456
81,0.40703517587939697,1.2113790221860206,0.10873110094304883
82,0.4120603015075377,1.2037835398038297,0.10877954808671796
83,0.4170854271356784,1.195796893084045,0.10886635789297183
84,0.4221105527638191,1.1874090808425246,0.10899523802302813
85,0.4271356783919598,1.1786434925884248,0.10917011673571808
86,0.4321608040201005,1.169557981904925,0.10939513922597832
87,0.4371859296482412,1.1602421493043495,0.1096746611831072
88,0.44221105527638194,1.1508110813534196,0.1100132392681622
89,0.4472361809045226,1.1413962069523043,0.11041561821425283
90,0.45226130653266333,1.13213425861477,0.11088671426440078
91,0.457286432160804,1.123155526598751,0.11143159467965902
92,0.4623115577889447,1.1145726464829373,0.11205545307647324
93,0.46733668341708545,1.1064710672041704,0.1127635803874426
94,0.4723618090452261,1.0989021270177377,0.11356133128421694
95,0.47738693467336685,1.0918793544356034,0.11445408595608042
96,0.4824120603015075,1.085378253326165,0.11544720720254242
97,0.48743718592964824,1.079339470687958,0.11654599287345345
98,0.49246231155778897,1.0736749218162858,0.117755623774926
99,0.49748743718592964,1.0682761908424312,0.11908110725319955
100,0.5025125628140703,1.0630243533821295,0.12052721677006205
101,0.507537688442211,1.0578002890527445,0.12209842789098245
102,0.5125628140703518,1.0524945618690411,0.12379885121833545
103,0.5175879396984925,1.0470160360009033,0.12563216291441948
104,0.5226130653266332,1.0412985489699007,0.12760153356923798
105,0.5276381909547738,1.0353051679926404,0.12970955627252634
106,0.5326633165829145,1.0290297907565311,0.13195817484470873
107,0.5376884422110553,1.022496101262803,0.13434861326305114
108,0.542713567839196,1.015754134680583,0.1368813073834806
109,0.5477386934673367,1.0088749207886454,0.13955584010144073
110,0.5527638190954774,1.0019438410288464,0.1423708811131864
111,0.5577889447236181,0.9950534286041385,0.1453241324295086
112,0.5628140703517588,0.9882963491182472,0.14841228075456006
113,0.5678391959798995,0.9817592156280486,0.15163095777250968
114,0.5728643216080402,0.9755177248639407,0.1549747092838224
115,0.577889447236181,0.9696333738439797,0.15843697400270595
116,0.5829145728643216,0.9641517641372895,0.16201007266985767
117,0.5879396984924623,0.9591022679724551,0.16568520795418973
118,0.592964824120603,0.9544986586856106,0.1694524754185429
119,0.5979899497487438,0.9503402299340559,0.17330088561364154
120,0.6030150753768845,0.9466129577608684,0.17721839714846155
121,0.6080402010050251,0.9432903884338989,0.1811919603710369
122,0.6130653266331658,0.9403341323658749,0.18520757108933072
123,0.6180904522613065,0.9376940635423137,0.1892503335740391
124,0.6231155778894473,0.9353085118950256,0.19330453192140215
125,0.628140703517588,0.9331048461860453,0.19735370872003188
126,0.6331658291457286,0.9310008476283995,0.20138074986659396
127,0.6381909547738693,0.9289071646602586,0.20536797431433074
128,0.6432160804020101,0.9267309382621494,0.2092972275184716
129,0.6482412060301508,0.9243804379631437,0.21314997736388666
130,0.6532663316582915,0.9217703062553839,0.21690741142250247
131,0.6582914572864321,0.9188268280212971,0.22055053448866524
132,0.6633165829145728,0.915492563311836,0.22406026547646585
133,0.6683417085427136,0.911729725674462,0.22741753292995426
134,0.6733668341708543,0.9075218472093665,0.2306033685893444
135,0.678391959798995,0.9028735144102824,0.233598998668879
136,0.6834170854271356,0.8978082377028093,0.23638593272802666
137,0.6884422110552764,0.8923647788145679,0.23894605025154825
138,0.6934673366834171,0.8865924561887882,0.2412616852891576
139,0.6984924623115578,0.8805460479983349,0.2433157097357681
140,0.7035175879396985,0.8742809049462467,0.24509161605291385
141,0.7085427135678392,0.867848783051403,0.2465736004344138
142,0.7135678391959799,0.8612947397211602,0.24774664759887066
143,0.7185929648241206,0.8546552438739309,0.2485966185414891
144,0.7236180904522613,0.8479574720380324,0.24911034269116986
145,0.7286432160804021,0.8412196280381665,0.2492757159882157
146,0.7336683417085427,0.8344520505693737,0.2490818064137271
147,0.7386934673366834,0.8276588608775157,0.24851896845498844
148,0.7437185929648241,0.8208399379361812,0.2475789678683956
149,0.7487437185929648,0.8139930679173667,0.24625511789090335
150,0.7537688442211056,0.8071161731169837,0.2445424277363064
151,0.7587939698492463,0.8002095619188088,0.24243776377850726
152,0.7638190954773869,0.7932781443250654,0.2399400232529377
153,0.7688442211055276,0.786333527180609,0.2370503195834825
154,0.7738693467336684,0.7793958505972757,0.2337721775514936
155,0.7788944723618091,0.7724951711000284,0.2301117354564768
156,0.7839195979899498,0.7656721593018196,0.22607795017285534
157,0.7889447236180904,0.7589778794473915,0.22168279959380788
158,0.7939698492462312,0.752472466537125,0.21694147539682795
159,0.7989949748743719,0.7462226150867682,0.2118725574130479
160,0.8040201005025126,0.7402979317486771,0.2064981592052149
161,0.8090452261306533,0.7347663620910372,0.2008440328596801
162,0.8140703517587939,0.729689053618025,0.194939619610122
163,0.8190954773869347,0.7251151349982101,0.1888180319019902
164,0.8241206030150754,0.72107695162661,0.1825159520720826
165,0.8291457286432161,0.7175862847029412,0.17607343317081306
166,0.8341708542713568,0.7146319912555739,0.1695335888117271
167,0.8391959798994975,0.712179345105988,0.16294216148824936
168,0.8442211055276382,0.7101711545122183,0.15634696269461812
169,0.8492462311557789,0.708530510538444,0.1497971834834172
170,0.8542713567839196,0.7071648142634801,0.1433425807208546
171,0.8592964824120604,0.7059705723728356,0.13703255204532394
172,0.864321608040201,0.7048383644281218,0.13091512100491332
173,0.8693467336683417,0.7036573855795153,0.12503586248435938
174,0.8743718592964824,0.7023190574625061,0.11943680662398724
175,0.8793969849246231,0.7007193666067753,0.11415536618348955
176,0.8844221105527639,0.6987598121261935,0.10922333690199904
177,0.8894472361809045,0.6963470932867695,0.10466602213240496
178,0.8944723618090452,0.6933919094183567,0.10050153135718733
179,0.8994974874371859,0.6898074461880588,0.09674029688777784
180,0.9045226130653267,0.6855082535713006,0.09338484422211757
181,0.9095477386934674,0.6804102583253884,0.09042983966160399
182,0.914572864321608,0.674432582429446,0.08786242466728755
183,0.9195979899497487,0.6675016545190153,0.08566283109420503
184,0.9246231155778895,0.6595578120082534,0.0838052560069793
185,0.9296482412060302,0.6505642194656445,0.08225896032641611
186,0.9346733668341709,0.6405175104741048,0.08098954298003336
187,0.9396984924623115,0.6294591456487162,0.07996033214943754
188,0.9447236180904522,0.6174861285522548,0.07913382793555679
189,0.949748743718593,0.604759497138178,0.07847312634076997
190,0.9547738693467337,0.5915089682672656,0.07794325277116987
191,0.9597989949748744,0.5780322968865739,0.07751233416656977
192,0.964824120603015,0.5646883317061334,0.0771525424385342
193,0.9698492462311558,0.551883381575483,0.07684074860983857
194,0.9748743718592965,0.5400512882401908,0.07655883797161889
195,0.9798994974874372,0.5296284343139841,0.07629365352868599
196,0.9849246231155779,0.5210256805274784,0.07603656066154085
197,0.9899497487437187,0.5145998004953757,0.07578266386546995
198,0.9949748743718593,0.5106272597163113,0.07552976114480614
199,1.0,0.509283102954995,0.07527719885202377
