,x,y
0,0.0,0.005607418753881282
1,0.010101010101010102,0.011903720654867918
2,0.020202020202020204,0.023538021981519677
3,0.030303030303030304,0.0433964531979446
4,0.04040404040404041,0.07469832167667632
5,0.05050505050505051,0.12025438570978823
6,0.06060606060606061,0.18147604544262733
7,0.07070707070707072,0.2574840731070694
8,0.08080808080808081,0.3447692123049299
9,0.09090909090909091,0.4377158548136881
10,0.10101010101010102,0.5299202485331114
11,0.11111111111111112,0.6158059211850871
12,0.12121212121212122,0.6918366131248944
13,0.13131313131313133,0.7568173500680289
14,0.14141414141414144,0.8112707247872429
15,0.15151515151515152,0.8563725069423421
16,0.16161616161616163,0.8931089098439057
17,0.17171717171717174,0.9220737733809679
18,0.18181818181818182,0.9438480908982543
19,0.19191919191919193,0.9595370358461107
20,0.20202020202020204,0.9710117204165214
21,0.21212121212121213,0.9806739799481908
22,0.22222222222222224,0.9908910342874486
23,0.23232323232323235,1.0034117936216016
24,0.24242424242424243,1.0190331098316552
25,0.25252525252525254,1.0376305079615933
26,0.26262626262626265,1.058509505867316
27,0.27272727272727276,1.0809141864264793
28,0.2828282828282829,1.1044673512591463
29,0.29292929292929293,1.12934374779075
30,0.30303030303030304,1.156107752741834
31,0.31313131313131315,1.1853216245860143
32,0.32323232323232326,1.2171431300645381
33,0.33333333333333337,1.2511137587656946
34,0.3434343434343435,1.2862167803667346
35,0.3535353535353536,1.3211456217782256
36,0.36363636363636365,1.3546423994192707
37,0.37373737373737376,1.3857651303388745
38,0.38383838383838387,1.4139969500069602
39,0.393939393939394,1.4391826754300754
40,0.4040404040404041,1.4613363881629655
41,0.4141414141414142,1.4803985362330045
42,0.42424242424242425,1.4960387583010941
43,0.43434343434343436,1.507601075383286
44,0.4444444444444445,1.5142515338141078
45,0.4545454545454546,1.5153005029678197
46,0.4646464646464647,1.5105646048597314
47,0.4747474747474748,1.5005818797756252
48,0.48484848484848486,1.486553269956458
49,0.494949494949495,1.4700279208838345
50,0.5050505050505051,1.4524850107107805
51,0.5151515151515152,1.4350043671883563
52,0.5252525252525253,1.4181464126103678
53,0.5353535353535354,1.4020344281242312
54,0.5454545454545455,1.386530216525483
55,0.5555555555555556,1.371376331867244
56,0.5656565656565657,1.356246622833715
57,0.5757575757575758,1.3407438648014844
58,0.5858585858585859,1.3244285692882827
59,0.595959595959596,1.3069212242740014
60,0.6060606060606061,1.2880358584498566
61,0.6161616161616162,1.2678589068643977
62,0.6262626262626263,1.246722730311933
63,0.6363636363636365,1.2250968815358299
64,0.6464646464646465,1.2034598872469917
65,0.6565656565656566,1.1821922298227603
66,0.6666666666666667,1.1614871979427717
67,0.6767676767676768,1.1412686631237199
68,0.686868686868687,1.1211452420364336
69,0.696969696969697,1.1004691237279751
70,0.7070707070707072,1.0785445961163875
71,0.7171717171717172,1.0549404872158767
72,0.7272727272727273,1.0297672553955786
73,0.7373737373737375,1.00376477391163
74,0.7474747474747475,0.9781349255898427
75,0.7575757575757577,0.9541867112982152
76,0.7676767676767677,0.9329505618495274
77,0.7777777777777778,0.9149133186570796
78,0.787878787878788,0.8999485014441165
79,0.797979797979798,0.8874306913410542
80,0.8080808080808082,0.8764733842731498
81,0.8181818181818182,0.8662169533898629
82,0.8282828282828284,0.8560931266977193
83,0.8383838383838385,0.8459916283098178
84,0.8484848484848485,0.8362639397428512
85,0.8585858585858587,0.8275361061959591
86,0.8686868686868687,0.8203700014560139
87,0.8787878787878789,0.8148892447677785
88,0.888888888888889,0.8105296360395754
89,0.8989898989898991,0.8060380566827683
90,0.9090909090909092,0.7997155688788649
91,0.9191919191919192,0.7897407432509066
92,0.9292929292929294,0.7743416196479298
93,0.9393939393939394,0.7517050920379648
94,0.9494949494949496,0.7197769877582448
95,0.9595959595959597,0.6763145855140876
96,0.9696969696969697,0.6194876688700492
97,0.9797979797979799,0.5489511645990679
98,0.98989898989899,0.46686655015604256
99,1.0,0.3781853628211537
