,x,y,pNG
0,0.0,0.7497398994687503,0.0
1,0.005025125628140704,0.7494622606830057,0.0
2,0.010050251256281407,0.7486525545745358,0.0
3,0.01507537688442211,0.7473784311770135,0.0
4,0.020100502512562814,0.7457462792697743,0.0
5,0.02512562814070352,0.7438924973374489,0.0
6,0.03015075376884422,0.7419727901581392,2.220446049250313e-16
7,0.035175879396984924,0.7401507662103013,1.1102230246251563e-15
8,0.04020100502512563,0.7385871586129334,7.549516567451064e-15
9,0.04522613065326633,0.7374308531842348,3.486100297322992e-14
10,0.05025125628140704,0.7368125951269728,1.383337888682945e-13
11,0.05527638190954774,0.736841802323292,4.785061236134425e-13
12,0.06030150753768844,0.7376064042490987,1.4841461393189093e-12
13,0.06532663316582915,0.739175132868184,4.199973702156966e-12
14,0.07035175879396985,0.7416012996716187,1.0992984300628448e-11
15,0.07537688442211056,0.7449268720939166,2.6898927529828146e-11
16,0.08040201005025126,0.7491856558598008,6.207279135139743e-11
17,0.08542713567839195,0.7544046029187371,1.3604450899151743e-10
18,0.09045226130653267,0.7606026632917465,2.8486080161371774e-10
19,0.09547738693467336,0.767787115242397,5.726588092613838e-10
20,0.10050251256281408,0.7759478521537174,1.1098912899853983e-09
21,0.10552763819095477,0.7850505817526562,2.0812813694703887e-09
22,0.11055276381909548,0.7950302208815321,3.7877010417020066e-09
23,0.11557788944723618,0.8057858893147326,6.707588262599984e-09
24,0.12060301507537688,0.8171787959334653,1.1585287951199064e-08
25,0.12562814070351758,0.8290339839345063,1.955589989943718e-08
26,0.1306532663316583,0.8411464068879075,3.231887280019663e-08
27,0.135678391959799,0.8532912184302871,5.237580780192985e-08
28,0.1407035175879397,0.865237562775502,8.335175805118665e-08
29,0.1457286432160804,0.8767646379626302,1.304238063104535e-07
30,0.15075376884422112,0.8876784415101459,2.0088598262635318e-07
31,0.15577889447236182,0.8978274469690276,3.048856501708386e-07
32,0.16080402010050251,0.9071155180226516,4.56373452140113e-07
33,0.1658291457286432,0.9155106331464379,6.743168279310653e-07
34,0.1708542713567839,0.9230484327890643,9.84236007472994e-07
35,0.17587939698492464,0.9298301593404569,1.4201313316419828e-06
36,0.18090452261306533,0.9360151734650471,2.0268817668700483e-06
37,0.18592964824120603,0.9418088281086915,2.8632065637301807e-06
38,0.19095477386934673,0.9474469907658286,4.005295189735136e-06
39,0.19597989949748745,0.953178855601873,5.551224879773997e-06
40,0.20100502512562815,0.9592498219036513,7.626300381979868e-06
41,0.20603015075376885,0.9658861010135642,1.0389466603921704e-05
42,0.21105527638190955,0.973282356100688,1.404096181234493e-05
43,0.21608040201005024,0.9815931318424469,1.8831396625285105e-05
44,0.22110552763819097,0.9909281953379921,2.5072462055297784e-05
45,0.22613065326633167,1.0013513171776536,3.314948808097462e-05
46,0.23115577889447236,1.0128816051743301,4.3536092309781615e-05
47,0.23618090452261306,1.0254963594012338,5.681117585598638e-05
48,0.24120603015075376,1.0391345742629452,7.367854016515629e-05
49,0.24623115577889448,1.053700616169653,9.498941356755886e-05
50,0.25125628140703515,1.0690681245502769,0.00012176818921816324
51,0.2562814070351759,1.08508464978166,0.0001552416859715855
52,0.2613065326633166,1.1015777941926155,0.00019687224973952144
53,0.2663316582914573,1.118363561787382,0.00024839501389539714
54,0.271356783919598,1.1352572429930021,0.0003118596320621503
55,0.2763819095477387,1.1520865562702491,0.0003896767836720771
56,0.2814070351758794,1.168706105532447,0.00048466973030514277
57,0.2864321608040201,1.1850116801927122,0.0006001311670300603
58,0.2914572864321608,1.200952676598158,0.0007398855655190718
59,0.2964824120603015,1.2165410258306077,0.0009083571420223092
60,0.30150753768844224,1.2318554401979713,0.0011106435004868411
61,0.3065326633165829,1.247040415870729,0.001352594895956072
62,0.31155778894472363,1.2623000805860098,0.0016408989323892784
63,0.3165829145728643,1.277887490269906,0.0019831703484334273
64,0.32160804020100503,1.2940902548241862,0.002388045350483425
65,0.32663316582914576,1.3112134007403315,0.002865279720645764
66,0.3316582914572864,1.3295602369278396,0.0034258496541164085
67,0.33668341708542715,1.3494118195233318,0.004082053962641163
68,0.3417085427135678,1.3710055580035487,0.004847615915588244
69,0.34673366834170855,1.3945136672269764,0.005737782576480721
70,0.35175879396984927,1.4200225580992847,0.0067694190313284395
71,0.35678391959798994,1.4475147820451364,0.007961094399166924
72,0.36180904522613067,1.4768556282809593,0.009333155971870122
73,0.36683417085427134,1.5077867104618308,0.010907787261231872
74,0.37185929648241206,1.5399286905414895,0.012709045153906471
75,0.3768844221105528,1.572794579295823,0.014762870813390228
76,0.38190954773869346,1.6058138577974028,0.017097068455051878
77,0.3869346733668342,1.638366148777129,0.01974124569636193
78,0.3919597989949749,1.669821603084092,0.02272670890008477
79,0.3969849246231156,1.6995838726463934,0.02608630684242097
80,0.4020100502512563,1.7271308073438683,0.029854216217591656
81,0.40703517587939697,1.7520480288408442,0.0340656630069478
82,0.4120603015075377,1.7740513400441205,0.03875657466706151
83,0.4170854271356784,1.7929954019341297,0.04396315949513308
84,0.4221105527638191,1.808867991231453,0.049721411466245535
85,0.4271356783919598,1.821771106908249,0.05606654133791822
86,0.4321608040201005,1.831891884078852,0.06303233788205452
87,0.4371859296482412,1.839467434383649,0.07065046668727748
88,0.44221105527638194,1.8447482172334406,0.07894971797521633
89,0.4472361809045226,1.8479643477086012,0.08795521912972826
90,0.45226130653266333,1.849298475507964,0.09768763192004892
91,0.457286432160804,1.848867713756321,0.1081623584180399
92,0.4623115577889447,1.84671577180824,0.11938878302838417
93,0.46733668341708545,1.8428151489076874,0.13136958050521352
94,0.4723618090452261,1.8370781253260335,0.1441001209619175
95,0.47738693467336685,1.8293744389918236,0.1575680023811027
96,0.4824120603015075,1.819553005626019,0.1717527387756841
97,0.48743718592964824,1.8074648426684137,0.18662562784702966
98,0.49246231155778897,1.792984483996924,0.20214981580098268
99,0.49748743718592964,1.7760275979281612,0.21828056916742367
100,0.5025125628140703,1.7565631970624112,0.2349657544500421
101,0.507537688442211,1.7346196766297695,0.2521465167880159
102,0.5125628140703518,1.7102848259199706,0.26975813921982283
103,0.5175879396984925,1.6837007875085699,0.2877310553166181
104,0.5226130653266332,1.655055550238241,0.3059919805741333
105,0.5276381909547738,1.6245728417076222,0.32446512257864146
106,0.5326633165829145,1.5925021830468316,0.3430734269796969
107,0.5376884422110553,1.5591104147531951,0.3617398158786821
108,0.542713567839196,1.5246753131415405,0.38038837731832265
109,0.5477386934673367,1.4894811688742848,0.3989454688605991
110,0.5527638190954774,1.4538155850956571,0.4173407043239209
111,0.5577889447236181,1.417966430308221,0.4355078000548676
112,0.5628140703517588,1.3822179272002384,0.4533852650272802
113,0.5678391959798995,1.346845246642013,0.4709169270004547
114,0.5728643216080402,1.3121075833200417,0.4880522944081132
115,0.577889447236181,1.2782403330792924,0.5047467601792219
116,0.5829145728643216,1.2454474828486675,0.5209616590310353
117,0.5879396984924623,1.2138955217127723,0.5366641937770232
118,0.592964824120603,1.183710033807809,0.551827248834457
119,0.5979899497487438,1.1549756868783227,0.5664291104762944
120,0.6030150753768845,1.1277397110252672,0.5804531136023
121,0.6080402010050251,1.1020183345567904,0.5938872341031469
122,0.6130653266331658,1.0778051590229278,0.6067236444786309
123,0.6180904522613065,1.0550802089834987,0.6189582484633316
124,0.6231155778894473,1.0338184024592538,0.6305902082109183
125,0.628140703517588,1.013996402475689,0.6416214752632088
126,0.6331658291457286,0.9955971324128661,0.6520563342206792
127,0.6381909547738693,0.9786115680777597,0.6619009658412491
128,0.6432160804020101,0.9630376901639386,0.6711630342953384
129,0.6482412060301508,0.9488766773561536,0.679851301540131
130,0.6532663316582915,0.9361265778146532,0.6879752702635287
131,0.6582914572864321,0.9247738757576279,0.6955448555896078
132,0.6633165829145728,0.9147836207520497,0.7025700847191154
133,0.6683417085427136,0.9060891169154148,0.7090608228798867
134,0.6733668341708543,0.8985825233535021,0.7150265233553559
135,0.678391959798995,0.8921079875945609,0.7204759989167833
136,0.6834170854271356,0.8864589891553006,0.7254172116764129
137,0.6884422110552764,0.8813813019130345,0.7298570781782585
138,0.6934673366834171,0.8765823509690918,0.733801286425678
139,0.6984924623115578,0.8717467986588148,0.7372541214892109
140,0.7035175879396985,0.8665571000946294,0.7402182963274583
141,0.7085427135678392,0.8607167445066105,0.7426947844745945
142,0.7135678391959799,0.8539731830904201,0.7446826512918109
143,0.7185929648241206,0.8461372280442839,0.7461788805422188
144,0.7236180904522613,0.8370960810947606,0.7471781931305788
145,0.7286432160804021,0.8268180735985384,0.7476728549572064
146,0.7336683417085427,0.8153485093962449,0.7476524709825764
147,0.7386934673366834,0.8027974417066248,0.7471037628083135
148,0.7437185929648241,0.7893215007348376,0.7460103273827712
149,0.7487437185929648,0.77510276675546,0.7443523748819951
150,0.7537688442211056,0.7603279901386384,0.742106444463035
151,0.7587939698492463,0.745171152859618,0.7392450975221717
152,0.7638190954773869,0.7297815299939966,0.7357365894316727
153,0.7688442211055276,0.7142782331195615,0.7315445226273437
154,0.7738693467336684,0.6987509493018929,0.7266274865750821
155,0.7788944723618091,0.6832654845440493,0.7209386938140533
156,0.7839195979899498,0.6678719879584047,0.7144256262813014
157,0.7889447236180904,0.6526134943489544,0.7070297128680165
158,0.7939698492462312,0.6375326926034145,0.6986860681208962
159,0.7989949748743719,0.6226755140245012,0.6893233337323723
160,0.8040201005025126,0.6080910654367355,0.6788636795458769
161,0.8090452261306533,0.5938283914190261,0.6672230397853499
162,0.8140703517587939,0.5799313279319266,0.6543116834735379
163,0.8190954773869347,0.5664331444822341,0.6400352454858719
164,0.8241206030150754,0.5533526835875358,0.6242963755498581
165,0.8291457286432161,0.5406933096281535,0.6069971945137906
166,0.8341708542713568,0.5284452774792296,0.5880427759526633
167,0.8391959798994975,0.5165912906649648,0.5673458890044445
168,0.8442211055276382,0.5051142298651417,0.5448332332234866
169,0.8492462311557789,0.49400546860706923,0.5204533509071371
170,0.8542713567839196,0.48327197267986977,0.4941862941991742
171,0.8592964824120604,0.4729405439212895,0.4660549273956464
172,0.864321608040201,0.4630580745038463,0.43613743565287655
173,0.8693467336683417,0.4536874109165082,0.4045801792333803
174,0.8743718592964824,0.4448992311994221,0.3716094969763633
175,0.8793969849246231,0.4367610521994231,0.33754049391353225
176,0.8844221105527639,0.4293249729438193,0.3027803836903397
177,0.8894472361809045,0.42261594962275106,0.2678238018503152
178,0.8944723618090452,0.41662227985688727,0.23323789751017565
179,0.8994974874371859,0.4112896055961843,0.19963613235643365
180,0.9045226130653267,0.40651922619035075,0.16764157775709798
181,0.9095477386934674,0.40217096262020335,0.13784283067831282
182,0.914572864321608,0.3980703329056418,0.11074789201271662
183,0.9195979899497487,0.39401945132668,0.0867427268022195
184,0.9246231155778895,0.38981086403677745,0.06606113519491362
185,0.9296482412060302,0.38524344696041596,0.04877081983731424
186,0.9346733668341709,0.3801394532388387,0.034777543246586114
187,0.9396984924623115,0.37436173609503276,0.023845896092320015
188,0.9447236180904522,0.36783004113847456,0.01563241741503818
189,0.949748743718593,0.36053505867107294,0.009725299483936745
190,0.9547738693467337,0.3525487073836571,0.005684835019158285
191,0.9597989949748744,0.3440289911767039,0.0030798082938461317
192,0.964824120603015,0.33521785842185636,0.0015166329420850386
193,0.9698492462311558,0.32643090692855287,0.0006596546314946439
194,0.9748743718592965,0.31803856398720265,0.0002423165238953917
195,0.9798994974874372,0.3104394774050675,6.972449989328666e-05
196,0.9849246231155779,0.3040281212462116,1.3643579832356426e-05
197,0.9899497487437187,0.299159804844798,1.321543143473214e-06
198,0.9949748743718593,0.2961170998291191,2.299478685241496e-08
199,1.0,0.2950819321390374,0.0
