,x,y,pNG
0,0.0,0.85367162091113,0.12533111851005752
1,0.005025125628140704,0.8532403027406891,0.12515540962561222
2,0.010050251256281407,0.8519587919164543,0.1249781500566417
3,0.01507537688442211,0.849864135885433,0.12479932818649064
4,0.020100502512562814,0.8470171058354049,0.12461893296737915
5,0.02512562814070352,0.8435006419980846,0.12443695397445895
6,0.03015075376884422,0.8394175227680498,0.12425338145851585
7,0.035175879396984924,0.8348871700242143,0.12406820639699535
8,0.04020100502512563,0.8300415575858755,0.12388142054303285
9,0.04522613065326633,0.8250202798219199,0.12369301647220945
10,0.05025125628140704,0.8199649500710651,0.12350298762673405
11,0.05527638190954774,0.8150132151039886,0.12331132835682103
12,0.06030150753768844,0.8102927714086188,0.1231180339589969
13,0.06532663316582915,0.8059158320300776,0.12292310071116595
14,0.07035175879396985,0.8019745043179464,0.12272652590422704
15,0.07537688442211056,0.7985374919731406,0.12252830787009028
16,0.08040201005025126,0.7956484308453796,0.12232844600604753
17,0.08542713567839195,0.7933260174041042,0.12212694079534304
18,0.09045226130653267,0.7915659094557392,0.1219237938239991
19,0.09547738693467336,0.7903441931211092,0.12171900779393485
20,0.10050251256281408,0.7896220425724305,0.12151258653245768
21,0.10552763819095477,0.7893510720413776,0.12130453499835248
22,0.11055276381909548,0.7894788107064603,0.1210948592848652
23,0.11557788944723618,0.7899537304064604,0.12088356661995835
24,0.12060301507537688,0.7907293249608458,0.12067066536440985
25,0.12562814070351758,0.7917668702208532,0.12045616500843292
26,0.1306532663316583,0.7930366694719138,0.1202400761677177
27,0.135678391959799,0.7945177867432822,0.12002241057999675
28,0.1407035175879397,0.7961964647979514,0.11980318110348898
29,0.1457286432160804,0.7980635889840203,0.1195824017189202
30,0.15075376884422112,0.8001116703492233,0.11936008753706615
31,0.15577889447236182,0.8023318660862978,0.1191362548142778
32,0.16080402010050251,0.8047115265728054,0.1189109209787792
33,0.1658291457286432,0.8072326606819868,0.11868410467114188
34,0.1708542713567839,0.80987155954548,0.11845582580279435
35,0.17587939698492464,0.8125996365602594,0.1182261056371522
36,0.18090452261306533,0.8153853558697721,0.1179949668986211
37,0.18592964824120603,0.8181969608728351,0.11776243391542572
38,0.19095477386934673,0.8210056023651198,0.11752853280320265
39,0.19597989949748745,0.823788418353578,0.11729329169701475
40,0.20100502512562815,0.8265311392600754,0.11705674104058085
41,0.20603015075376885,0.8292298764816747,0.11681891394243205
42,0.21105527638190955,0.8318918822732955,0.11657984660985075
43,0.21608040201005024,0.8345352209119913,0.1163395788725864
44,0.22110552763819097,0.8371874389118169,0.11609815480945407
45,0.22613065326633167,0.8398834419629779,0.1158556234922622
46,0.23115577889447236,0.8426628612856544,0.1156120398625594
47,0.23618090452261306,0.845567214787907,0.1153674657580489
48,0.24120603015075376,0.848637141716441,0.1151219711066208
49,0.24623115577889448,0.8519099253126506,0.11487563530711398
50,0.25125628140703515,0.8554174341363006,0.11462854881696805
51,0.2562814070351759,0.8591845287046809,0.11438081496789175
52,0.2613065326633166,0.8632279128564675,0.11413255203147656
53,0.2663316582914573,0.8675553697409629,0.11388389555729815
54,0.271356783919598,0.8721653136488899,0.11363500100649936
55,0.2763819095477387,0.877046606320496,0.11338604670395536
56,0.2814070351758794,0.8821786191641561,0.1131372371320074
57,0.2864321608040201,0.8875315573562488,0.11288880658817445
58,0.2914572864321608,0.8930670850906854,0.11264102322838533
59,0.2964824120603015,0.898739294190444,0.11239419351578904
60,0.30150753768844224,0.9044960377479657,0.11214866709333073
61,0.3065326633165829,0.9102806098545783,0.11190484209570706
62,0.31155778894472363,0.9160337007961253,0.11166317091314236
63,0.3165829145728643,0.9216955065842579,0.11142416641552877
64,0.32160804020100503,0.9272078348839846,0.11118840864076962
65,0.32663316582914576,0.9325160360995673,0.11095655194568088
66,0.3316582914572864,0.9375706033943314,0.1107293326113018
67,0.33668341708542715,0.9423283274180966,0.11050757688713576
68,0.3417085427135678,0.9467529533136775,0.11029220945039253
69,0.34673366834170855,0.950815357691547,0.11008426224684564
70,0.35175879396984927,0.9544933284035595,0.10988488366936576
71,0.35678391959798994,0.9577710778375605,0.10969534801851323
72,0.36180904522613067,0.9606386424236854,0.10951706517674598
73,0.36683417085427134,0.9630913137960623,0.10935159041393172
74,0.37185929648241206,0.9651292132915127,0.10920063422684534
75,0.3768844221105528,0.9667570692106217,0.10906607209932496
76,0.38190954773869346,0.9679841970700198,0.10894995405287576
77,0.3869346733668342,0.968824629496814,0.1088545138397854
78,0.3919597989949749,0.9692973053124815,0.10878217761253528
79,0.3969849246231156,0.9694262135630738,0.10873557188463034
80,0.4020100502512563,0.969240399190985,0.10871753057917456
81,0.40703517587939697,0.9687737685122582,0.10873110094304883
82,0.4120603015075377,0.9680646759213054,0.10877954808671796
83,0.4170854271356784,0.9671553171206482,0.10886635789297183
84,0.4221105527638191,0.9660909877280957,0.10899523802302813
85,0.4271356783919598,0.9649192812686603,0.10917011673571808
86,0.4321608040201005,0.9636892940432813,0.10939513922597832
87,0.4371859296482412,0.9624508785429117,0.1096746611831072
88,0.44221105527638194,0.9612539493907277,0.1100132392681622
89,0.4472361809045226,0.9601478069839334,0.11041561821425283
90,0.45226130653266333,0.9591804154475869,0.11088671426440078
91,0.457286432160804,0.9583975623552434,0.11143159467965902
92,0.4623115577889447,0.9578418424455378,0.11205545307647324
93,0.46733668341708545,0.9575514448630178,0.1127635803874426
94,0.4723618090452261,0.9575587760507475,0.11356133128421694
95,0.47738693467336685,0.9578890068234415,0.11445408595608042
96,0.4824120603015075,0.9585586792237014,0.11544720720254242
97,0.48743718592964824,0.9595745348446415,0.11654599287345345
98,0.49246231155778897,0.9609327240069607,0.117755623774926
99,0.49748743718592964,0.9626185232457382,0.11908110725319955
100,0.5025125628140703,0.9646066322718393,0.12052721677006205
101,0.507537688442211,0.9668620516303839,0.12209842789098245
102,0.5125628140703518,0.9693414724378607,0.12379885121833545
103,0.5175879396984925,0.9719950535646928,0.12563216291441948
104,0.5226130653266332,0.9747684300962552,0.12760153356923798
105,0.5276381909547738,0.9776047951272134,0.12970955627252634
106,0.5326633165829145,0.9804469237500613,0.13195817484470873
107,0.5376884422110553,0.9832390562481131,0.13434861326305114
108,0.542713567839196,0.9859286153540741,0.1368813073834806
109,0.5477386934673367,0.9884677864846441,0.13955584010144073
110,0.5527638190954774,0.9908150275584594,0.1423708811131864
111,0.5577889447236181,0.9929365872291992,0.1453241324295086
112,0.5628140703517588,0.9948080931177088,0.14841228075456006
113,0.5678391959798995,0.9964162266593192,0.15163095777250968
114,0.5728643216080402,0.9977604355874892,0.1549747092838224
115,0.577889447236181,0.9988545600280586,0.15843697400270595
116,0.5829145728643216,0.9997281771479825,0.16201007266985767
117,0.5879396984924623,1.000427416071823,0.16568520795418973
118,0.592964824120603,1.001014971547765,0.1694524754185429
119,0.5979899497487438,1.0015690605894707,0.17330088561364154
120,0.6030150753768845,1.0021811255008317,0.17721839714846155
121,0.6080402010050251,1.002952188349132,0.1811919603710369
122,0.6130653266331658,1.0039878992490758,0.18520757108933072
123,0.6180904522613065,1.0053924811075339,0.1892503335740391
124,0.6231155778894473,1.0072619390286675,0.19330453192140215
125,0.628140703517588,1.0096770520820286,0.19735370872003188
126,0.6331658291457286,1.0126967760068193,0.20138074986659396
127,0.6381909547738693,1.0163527367764758,0.20536797431433074
128,0.6432160804020101,1.020645470928341,0.2092972275184716
129,0.6482412060301508,1.0255429615430234,0.21314997736388666
130,0.6532663316582915,1.0309818317597204,0.21690741142250247
131,0.6582914572864321,1.036871305494243,0.22055053448866524
132,0.6633165829145728,1.043099753379621,0.22406026547646585
133,0.6683417085427136,1.0495433450841727,0.22741753292995426
134,0.6733668341708543,1.0560760653880343,0.2306033685893444
135,0.678391959798995,1.0625801576752785,0.233598998668879
136,0.6834170854271356,1.068955964731833,0.23638593272802666
137,0.6884422110552764,1.075130160779777,0.23894605025154825
138,0.6934673366834171,1.081061512951241,0.2412616852891576
139,0.6984924623115578,1.086743560826842,0.2433157097357681
140,0.7035175879396985,1.0922039301433122,0.24509161605291385
141,0.7085427135678392,1.097500361113271,0.2465736004344138
142,0.7135678391959799,1.10271388739439,0.24774664759887066
143,0.7185929648241206,1.1079399041707163,0.2485966185414891
144,0.7236180904522613,1.113278076190671,0.24911034269116986
145,0.7286432160804021,1.1188221347341434,0.2492757159882157
146,0.7336683417085427,1.1246505878830988,0.2490818064137271
147,0.7386934673366834,1.1308192289773895,0.24851896845498844
148,0.7437185929648241,1.1373560960070785,0.2475789678683956
149,0.7487437185929648,1.1442592426854123,0.24625511789090335
150,0.7537688442211056,1.1514973681586056,0.2445424277363064
151,0.7587939698492463,1.1590130546668536,0.24243776377850726
152,0.7638190954773869,1.1667281137874745,0.2399400232529377
153,0.7688442211055276,1.174550366185485,0.2370503195834825
154,0.7738693467336684,1.1823810902765197,0.2337721775514936
155,0.7788944723618091,1.1901223739469706,0.2301117354564768
156,0.7839195979899498,1.1976836825668133,0.22607795017285534
157,0.7889447236180904,1.2049871002178096,0.22168279959380788
158,0.7939698492462312,1.211970888395405,0.21694147539682795
159,0.7989949748743719,1.2185912139716497,0.2118725574130479
160,0.8040201005025126,1.2248221024084298,0.2064981592052149
161,0.8090452261306533,1.2306538515405172,0.2008440328596801
162,0.8140703517587939,1.236090277806288,0.194939619610122
163,0.8190954773869347,1.2411452476715426,0.1888180319019902
164,0.8241206030150754,1.245838965308592,0.1825159520720826
165,0.8291457286432161,1.2501944433355983,0.17607343317081306
166,0.8341708542713568,1.2542344837621942,0.1695335888117271
167,0.8391959798994975,1.2579793553485397,0.16294216148824936
168,0.8442211055276382,1.2614451914088263,0.15634696269461812
169,0.8492462311557789,1.264642972723576,0.1497971834834172
170,0.8542713567839196,1.26757782899374,0.1433425807208546
171,0.8592964824120604,1.270248312472224,0.13703255204532394
172,0.864321608040201,1.2726452868466913,0.13091512100491332
173,0.8693467336683417,1.2747501423035505,0.12503586248435938
174,0.8743718592964824,1.2765321922583313,0.11943680662398724
175,0.8793969849246231,1.2779453148818658,0.11415536618348955
176,0.8844221105527639,1.278924148312225,0.10922333690199904
177,0.8894472361809045,1.2793803981210456,0.10466602213240496
178,0.8944723618090452,1.2792000293565686,0.10050153135718733
179,0.8994974874371859,1.2782422525537123,0.09674029688777784
180,0.9045226130653267,1.2763412372197365,0.09338484422211757
181,0.9095477386934674,1.2733113712722939,0.09042983966160399
182,0.914572864321608,1.2689566196832707,0.08786242466728755
183,0.9195979899497487,1.263084128253518,0.08566283109420503
184,0.9246231155778895,1.2555216983761315,0.0838052560069793
185,0.9296482412060302,1.2461381761900896,0.08225896032641611
186,0.9346733668341709,1.2348652227726258,0.08098954298003336
187,0.9396984924623115,1.2217184404006072,0.07996033214943754
188,0.9447236180904522,1.2068155048762002,0.07913382793555679
189,0.949748743718593,1.1903888674397163,0.07847312634076997
190,0.9547738693467337,1.1727907921590515,0.07794325277116987
191,0.9597989949748744,1.154489003326567,0.07751233416656977
192,0.964824120603015,1.1360520090370547,0.0771525424385342
193,0.9698492462311558,1.1181241751573456,0.07684074860983857
194,0.9748743718592965,1.1013917424336908,0.07655883797161889
195,0.9798994974874372,1.0865420744294403,0.07629365352868599
196,0.9849246231155779,1.0742193502840893,0.07603656066154085
197,0.9899497487437187,1.064980538991196,0.07578266386546995
198,0.9949748743718593,1.0592557077967246,0.07552976114480614
199,1.0,1.0573164732582987,0.07527719885202377
