,x,y
0,0.0,2.1602807871235904e-14
1,0.010101010101010102,4.0092071093276176e-13
2,0.020202020202020204,6.285479963310505e-12
3,0.030303030303030304,8.331295817622434e-11
4,0.04040404040404041,9.346234236988049e-10
5,0.05050505050505051,8.88542663515173e-09
6,0.06060606060606061,7.170253885594031e-08
7,0.07070707070707072,4.920926800390083e-07
8,0.08080808080808081,2.8787862345877584e-06
9,0.09090909090909091,1.439349838683347e-05
10,0.10101010101010102,6.168759045301506e-05
11,0.11111111111111112,0.00022735045037092366
12,0.12121212121212122,0.0007230075555873773
13,0.13131313131313133,0.0019911943956413816
14,0.14141414141414144,0.004767928702432922
15,0.15151515151515152,0.009972205834570856
16,0.16161616161616163,0.01832276552784947
17,0.17171717171717174,0.02979693843743943
18,0.18181818181818182,0.043303447218989426
19,0.19191919191919193,0.05690668993460868
20,0.20202020202020204,0.0685173484554977
21,0.21212121212121213,0.07659081252480143
22,0.22222222222222224,0.08050428439411852
23,0.23232323232323235,0.08068054991249765
24,0.24242424242424243,0.07860751545673515
25,0.25252525252525254,0.07664184126856564
26,0.26262626262626265,0.07739605902274832
27,0.27272727272727276,0.08284006284018479
28,0.2828282828282829,0.09364490873800038
29,0.29292929292929293,0.10922888158716644
30,0.30303030303030304,0.12839002719102957
31,0.31313131313131315,0.14995917705085268
32,0.32323232323232326,0.17312692113206546
33,0.33333333333333337,0.19759922299300348
34,0.3434343434343435,0.22374938722009946
35,0.3535353535353536,0.25256483998976903
36,0.36363636363636365,0.2852178293103804
37,0.37373737373737376,0.3225695239287062
38,0.38383838383838387,0.36504117603079417
39,0.393939393939394,0.4128003974259256
40,0.4040404040404041,0.46586382841866836
41,0.4141414141414142,0.5240223346347297
42,0.42424242424242425,0.5869249386176231
43,0.43434343434343436,0.6544627475240968
44,0.4444444444444445,0.7269464286699516
45,0.4545454545454546,0.8044859149556228
46,0.4646464646464647,0.8859251752575303
47,0.4747474747474748,0.9685430176615183
48,0.48484848484848486,1.049069301917622
49,0.494949494949495,1.1249939572629697
50,0.5050505050505051,1.1948993160519952
51,0.5151515151515152,1.2580950378232376
52,0.5252525252525253,1.3147779495786618
53,0.5353535353535354,1.3666430169379642
54,0.5454545454545455,1.416388856291142
55,0.5555555555555556,1.4656387102661625
56,0.5656565656565657,1.5132588529898878
57,0.5757575757575758,1.5562269736482135
58,0.5858585858585859,1.5925022867836496
59,0.595959595959596,1.6231794791277039
60,0.6060606060606061,1.6520721363662374
61,0.6161616161616162,1.6834055061731823
62,0.6262626262626263,1.7196251754267533
63,0.6363636363636365,1.7605158005653128
64,0.6464646464646465,1.8034423612205737
65,0.6565656565656566,1.8442628629976507
66,0.6666666666666667,1.8788641247579572
67,0.6767676767676768,1.9048772169676889
68,0.686868686868687,1.9223509790091187
69,0.696969696969697,1.932806531662448
70,0.7070707070707072,1.9378780035004317
71,0.7171717171717172,1.9391527660016266
72,0.7272727272727273,1.939116376168909
73,0.7373737373737375,1.9415408015442426
74,0.7474747474747475,1.9500617955354256
75,0.7575757575757577,1.9654650234495785
76,0.7676767676767677,1.9837614095808116
77,0.7777777777777778,1.9971987036808216
78,0.787878787878788,1.9984053411018015
79,0.797979797979798,1.9850693166334024
80,0.8080808080808082,1.961489877472737
81,0.8181818181818182,1.9355140734849001
82,0.8282828282828284,1.9132277369400663
83,0.8383838383838385,1.8957037552265295
84,0.8484848484848485,1.880113198042104
85,0.8585858585858587,1.8636067846817737
86,0.8686868686868687,1.8463501741752337
87,0.8787878787878789,1.8313096167509442
88,0.888888888888889,1.821263850112156
89,0.8989898989898991,1.8158283963040456
90,0.9090909090909092,1.8112837813820915
91,0.9191919191919192,1.803288253161032
92,0.9292929292929294,1.7894032114197165
93,0.9393939393939394,1.768171626033107
94,0.9494949494949496,1.7346639784782862
95,0.9595959595959597,1.6759984616117263
96,0.9696969696969697,1.5718437127814
97,0.9797979797979799,1.4031960455233277
98,0.98989898989899,1.1668369598572312
99,1.0,0.8853879372928477
