,x,y,pNG
0,0.0,0.9056075896441947,0.0
1,0.005025125628140704,0.9057211781235792,0.0
2,0.010050251256281407,0.9060526285955814,0.0
3,0.01507537688442211,0.9065749483540961,0.0
4,0.020100502512562814,0.9072462022350412,0.0
5,0.02512562814070352,0.9080136855645913,0.0
6,0.03015075376884422,0.9088190173958149,2.220446049250313e-16
7,0.035175879396984924,0.9096035415743424,1.1102230246251563e-15
8,0.04020100502512563,0.9103134165777338,7.549516567451064e-15
9,0.04522613065326633,0.9109038538931621,3.486100297322992e-14
10,0.05025125628140704,0.9113421122959354,1.383337888682945e-13
11,0.05527638190954774,0.9116090450753817,4.785061236134425e-13
12,0.06030150753768844,0.9116991974171774,1.4841461393189093e-12
13,0.06532663316582915,0.9116196309771412,4.199973702156966e-12
14,0.07035175879396985,0.9113877873194038,1.0992984300628448e-11
15,0.07537688442211056,0.9110287761628152,2.6898927529828146e-11
16,0.08040201005025126,0.9105724844503256,6.207279135139743e-11
17,0.08542713567839195,0.9100508551445252,1.3604450899151743e-10
18,0.09045226130653267,0.9094955958577862,2.8486080161371774e-10
19,0.09547738693467336,0.9089364673043773,5.726588092613838e-10
20,0.10050251256281408,0.9084001912394692,1.1098912899853983e-09
21,0.10552763819095477,0.9079099251557347,2.0812813694703887e-09
22,0.11055276381909548,0.9074851888694395,3.7877010417020066e-09
23,0.11557788944723618,0.9071421013148434,6.707588262599984e-09
24,0.12060301507537688,0.9068937921873756,1.1585287951199064e-08
25,0.12562814070351758,0.9067508843568092,1.955589989943718e-08
26,0.1306532663316583,0.9067219872625251,3.231887280019663e-08
27,0.135678391959799,0.9068141857290225,5.237580780192985e-08
28,0.1407035175879397,0.9070335412147235,8.335175805118665e-08
29,0.1457286432160804,0.9073856354600504,1.304238063104535e-07
30,0.15075376884422112,0.9078761768110226,2.0088598262635318e-07
31,0.15577889447236182,0.9085116594696309,3.048856501708386e-07
32,0.16080402010050251,0.9093000226040112,4.56373452140113e-07
33,0.1658291457286432,0.9102512100164836,6.743168279310653e-07
34,0.1708542713567839,0.9113774936567508,9.84236007472994e-07
35,0.17587939698492464,0.9126934066055353,1.4201313316419828e-06
36,0.18090452261306533,0.9142151412878774,2.0268817668700483e-06
37,0.18592964824120603,0.915959310181805,2.8632065637301807e-06
38,0.19095477386934673,0.9179410373674953,4.005295189735136e-06
39,0.19597989949748745,0.9201714426873481,5.551224879773997e-06
40,0.20100502512562815,0.9226546841976113,7.626300381979868e-06
41,0.20603015075376885,0.9253848240396151,1.0389466603921704e-05
42,0.21105527638190955,0.9283428619042823,1.404096181234493e-05
43,0.21608040201005024,0.93149432432691,1.8831396625285105e-05
44,0.22110552763819097,0.9347877962146613,2.5072462055297784e-05
45,0.22613065326633167,0.9381547279500269,3.314948808097462e-05
46,0.23115577889447236,0.9415107486502836,4.3536092309781615e-05
47,0.23618090452261306,0.944758572433195,5.681117585598638e-05
48,0.24120603015075376,0.9477924151407041,7.367854016515629e-05
49,0.24623115577889448,0.9505036640911996,9.498941356755886e-05
50,0.25125628140703515,0.9527873855837988,0.00012176818921816324
51,0.2562814070351759,0.9545491357907306,0.0001552416859715855
52,0.2613065326633166,0.955711478002011,0.00019687224973952144
53,0.2663316582914573,0.9562196136202694,0.00024839501389539714
54,0.271356783919598,0.95604560755777,0.0003118596320621503
55,0.2763819095477387,0.9551908228086147,0.0003896767836720771
56,0.2814070351758794,0.9536863571938102,0.00048466973030514277
57,0.2864321608040201,0.9515914743931114,0.0006001311670300603
58,0.2914572864321608,0.9489902152725974,0.0007398855655190718
59,0.2964824120603015,0.9459865393035312,0.0009083571420223092
60,0.30150753768844224,0.9426984598664707,0.0011106435004868411
61,0.3065326633165829,0.9392516900315312,0.001352594895956072
62,0.31155778894472363,0.9357733054178528,0.0016408989323892784
63,0.3165829145728643,0.9323858659492024,0.0019831703484334273
64,0.32160804020100503,0.9292023343008519,0.002388045350483425
65,0.32663316582914576,0.926322005407819,0.002865279720645764
66,0.3316582914572864,0.9238275387837962,0.0034258496541164085
67,0.33668341708542715,0.9217830804960299,0.004082053962641163
68,0.3417085427135678,0.9202333853914259,0.004847615915588244
69,0.34673366834170855,0.9192038063254896,0.005737782576480721
70,0.35175879396984927,0.918701002708195,0.0067694190313284395
71,0.35678391959798994,0.9187142277048758,0.007961094399166924
72,0.36180904522613067,0.91921707169819,0.009333155971870122
73,0.36683417085427134,0.9201695594396831,0.010907787261231872
74,0.37185929648241206,0.9215205128050596,0.012709045153906471
75,0.3768844221105528,0.9232100973418129,0.014762870813390228
76,0.38190954773869346,0.9251724699918641,0.017097068455051878
77,0.3869346733668342,0.9273384415081799,0.01974124569636193
78,0.3919597989949749,0.9296380652731489,0.02272670890008477
79,0.3969849246231156,0.9320030687503108,0.02608630684242097
80,0.4020100502512563,0.934369056623264,0.029854216217591656
81,0.40703517587939697,0.93667743479284,0.0340656630069478
82,0.4120603015075377,0.938877028166394,0.03875657466706151
83,0.4170854271356784,0.9409253874413097,0.04396315949513308
84,0.4221105527638191,0.9427897958409515,0.049721411466245535
85,0.4271356783919598,0.9444479926900655,0.05606654133791822
86,0.4321608040201005,0.945888626292909,0.06303233788205452
87,0.4371859296482412,0.9471114363320798,0.07065046668727748
88,0.44221105527638194,0.9481271509200488,0.07894971797521633
89,0.4472361809045226,0.9489570716023108,0.08795521912972826
90,0.45226130653266333,0.9496323165682129,0.09768763192004892
91,0.457286432160804,0.9501927014874721,0.1081623584180399
92,0.4623115577889447,0.9506852590292217,0.11938878302838417
93,0.46733668341708545,0.9511624291534041,0.13136958050521352
94,0.4723618090452261,0.9516799869172554,0.1441001209619175
95,0.47738693467336685,0.9522948057147581,0.1575680023811027
96,0.4824120603015075,0.9530625748662159,0.1717527387756841
97,0.48743718592964824,0.9540355966531172,0.18662562784702966
98,0.49246231155778897,0.9552607778197338,0.20214981580098268
99,0.49748743718592964,0.9567779064244849,0.21828056916742367
100,0.5025125628140703,0.9586182720485521,0.2349657544500421
101,0.507537688442211,0.9608036529992758,0.2521465167880159
102,0.5125628140703518,0.9633456657324675,0.26975813921982283
103,0.5175879396984925,0.9662454551332735,0.2877310553166181
104,0.5226130653266332,0.9694937023699642,0.3059919805741333
105,0.5276381909547738,0.9730709387606817,0.32446512257864146
106,0.5326633165829145,0.9769481746741444,0.3430734269796969
107,0.5376884422110553,0.9810878742647152,0.3617398158786821
108,0.542713567839196,0.9854453209115585,0.38038837731832265
109,0.5477386934673367,0.9899704164184242,0.3989454688605991
110,0.5527638190954774,0.9946099338598825,0.4173407043239209
111,0.5577889447236181,0.9993101981721025,0.4355078000548676
112,0.5628140703517588,1.0040201039140326,0.4533852650272802
113,0.5678391959798995,1.0086943046085666,0.4709169270004547
114,0.5728643216080402,1.0132963349355513,0.4880522944081132
115,0.577889447236181,1.0178013697759014,0.5047467601792219
116,0.5829145728643216,1.022198296069822,0.5209616590310353
117,0.5879396984924623,1.026490784963398,0.5366641937770232
118,0.592964824120603,1.0306971079576621,0.551827248834457
119,0.5979899497487438,1.034848540452101,0.5664291104762944
120,0.6030150753768845,1.0389863310877243,0.5804531136023
121,0.6080402010050251,1.0431573714583795,0.5938872341031469
122,0.6130653266331658,1.04740885953934,0.6067236444786309
123,0.6180904522613065,1.0517823911780735,0.6189582484633316
124,0.6231155778894473,1.056308017793669,0.6305902082109183
125,0.628140703517588,1.0609988594263065,0.6416214752632088
126,0.6331658291457286,1.065846850968454,0.6520563342206792
127,0.6381909547738693,1.0708201238838277,0.6619009658412491
128,0.6432160804020101,1.075862392050207,0.6711630342953384
129,0.6482412060301508,1.0808945318728096,0.679851301540131
130,0.6532663316582915,1.0858183423407513,0.6879752702635287
131,0.6582914572864321,1.0905222621239072,0.6955448555896078
132,0.6633165829145728,1.0948886302633067,0.7025700847191154
133,0.6683417085427136,1.0988019241828335,0.7090608228798867
134,0.6733668341708543,1.1021573086690581,0.7150265233553559
135,0.678391959798995,1.104868791063343,0.7204759989167833
136,0.6834170854271356,1.106876303474498,0.7254172116764129
137,0.6884422110552764,1.1081511183194483,0.7298570781782585
138,0.6934673366834171,1.1086991395710515,0.733801286425678
139,0.6984924623115578,1.10856178546489,0.7372541214892109
140,0.7035175879396985,1.1078143734598913,0.7402182963274583
141,0.7085427135678392,1.1065621184437509,0.7426947844745945
142,0.7135678391959799,1.1049340443562843,0.7446826512918109
143,0.7185929648241206,1.1030752727485125,0.7461788805422188
144,0.7236180904522613,1.1011382766124183,0.7471781931305788
145,0.7286432160804021,1.099273764234281,0.7476728549572064
146,0.7336683417085427,1.0976218794566897,0.7476524709825764
147,0.7386934673366834,1.096304369308381,0.7471037628083135
148,0.7437185929648241,1.095418279869173,0.7460103273827712
149,0.7487437185929648,1.0950316038039993,0.7443523748819951
150,0.7537688442211056,1.095181130322312,0.742106444463035
151,0.7587939698492463,1.0958725564753478,0.7392450975221717
152,0.7638190954773869,1.0970827263166567,0.7357365894316727
153,0.7688442211055276,1.0987636906561185,0.7315445226273437
154,0.7738693467336684,1.1008481422362535,0.7266274865750821
155,0.7788944723618091,1.1032556923096994,0.7209386938140533
156,0.7839195979899498,1.1058994219761098,0.7144256262813014
157,0.7889447236180904,1.108692165442322,0.7070297128680165
158,0.7939698492462312,1.1115520559001928,0.6986860681208962
159,0.7989949748743719,1.1144069755502963,0.6893233337323723
160,0.8040201005025126,1.1171976833745343,0.6788636795458769
161,0.8090452261306533,1.1198795304616478,0.6672230397853499
162,0.8140703517587939,1.122422797452404,0.6543116834735379
163,0.8190954773869347,1.1248117901087384,0.6400352454858719
164,0.8241206030150754,1.1270429002017932,0.6242963755498581
165,0.8291457286432161,1.1291218781798849,0.6069971945137906
166,0.8341708542713568,1.1310605743092281,0.5880427759526633
167,0.8391959798994975,1.1328733922863716,0.5673458890044445
168,0.8442211055276382,1.134573671366093,0.5448332332234866
169,0.8492462311557789,1.1361701775162498,0.5204533509071371
170,0.8542713567839196,1.1376638475928649,0.4941862941991742
171,0.8592964824120604,1.1390448979939214,0.4660549273956464
172,0.864321608040201,1.140290384081227,0.43613743565287655
173,0.8693467336683417,1.141362281002847,0.4045801792333803
174,0.8743718592964824,1.1422061517205275,0.3716094969763633
175,0.8793969849246231,1.1427504746599997,0.33754049391353225
176,0.8844221105527639,1.142906721050678,0.3027803836903397
177,0.8894472361809045,1.1425702985226922,0.2678238018503152
178,0.8944723618090452,1.141622507957389,0.23323789751017565
179,0.8994974874371859,1.1399336865002083,0.19963613235643365
180,0.9045226130653267,1.1373677190117524,0.16764157775709798
181,0.9095477386934674,1.1337880784790102,0.13784283067831282
182,0.914572864321608,1.1290654883014226,0.11074789201271662
183,0.9195979899497487,1.1230871745919246,0.0867427268022195
184,0.9246231155778895,1.11576749102285,0.06606113519491362
185,0.9296482412060302,1.1070594602305064,0.04877081983731424
186,0.9346733668341709,1.0969665064427974,0.034777543246586114
187,0.9396984924623115,1.0855533900840082,0.023845896092320015
188,0.9447236180904522,1.0729551439029832,0.01563241741503818
189,0.949748743718593,1.0593827033555059,0.009725299483936745
190,0.9547738693467337,1.0451239683778024,0.005684835019158285
191,0.9597989949748744,1.0305392608094455,0.0030798082938461317
192,0.964824120603015,1.0160505581140713,0.0015166329420850386
193,0.9698492462311558,1.0021244649279557,0.0006596546314946439
194,0.9748743718592965,0.9892495720240588,0.0002423165238953917
195,0.9798994974874372,0.9779095627792573,6.972449989328666e-05
196,0.9849246231155779,0.9685540593420857,1.3643579832356426e-05
197,0.9899497487437187,0.9615696534620776,1.321543143473214e-06
198,0.9949748743718593,0.9572537571492855,2.299478685241496e-08
199,1.0,0.9557937867944305,0.0
