,x,y,pNG
0,0.0,1.2903191779915242,0.12533111851005752
1,0.005025125628140704,1.2901161777200987,0.12515540962561222
2,0.010050251256281407,1.2895176325007274,0.1249781500566417
3,0.01507537688442211,1.2885543033661284,0.12479932818649064
4,0.020100502512562814,1.2872754623174574,0.12461893296737915
5,0.02512562814070352,1.285745979339939,0.12443695397445895
6,0.03015075376884422,1.2840424134309558,0.12425338145851585
7,0.035175879396984924,1.2822482886923585,0.12406820639699535
8,0.04020100502512563,1.2804487998420222,0.12388142054303285
9,0.04522613065326633,1.278725254927326,0.12369301647220945
10,0.05025125628140704,1.2771496187531297,0.12350298762673405
11,0.05527638190954774,1.2757795583695428,0.12331132835682103
12,0.06030150753768844,1.2746544008749603,0.1231180339589969
13,0.06532663316582915,1.2737923840717476,0.12292310071116595
14,0.07035175879396985,1.2731895062109677,0.12272652590422704
15,0.07537688442211056,1.2728201621669324,0.12252830787009028
16,0.08040201005025126,1.2726395972510975,0.12232844600604753
17,0.08542713567839195,1.2725880313945652,0.12212694079534304
18,0.09045226130653267,1.272596126652995,0.1219237938239991
19,0.09547738693467336,1.2725913142927487,0.12171900779393485
20,0.10050251256281408,1.2725043878785849,0.12151258653245768
21,0.10552763819095477,1.2722757246759648,0.12130453499835248
22,0.11055276381909548,1.2718605294521912,0.1210948592848652
23,0.11557788944723618,1.2712326013288062,0.12088356661995835
24,0.12060301507537688,1.2703862928336147,0.12067066536440985
25,0.12562814070351758,1.2693365377038024,0.12045616500843292
26,0.1306532663316583,1.2681170407693558,0.1202400761677177
27,0.135678391959799,1.2667769183491284,0.12002241057999675
28,0.1407035175879397,1.2653762238710369,0.11980318110348898
29,0.1457286432160804,1.263980872400761,0.1195824017189202
30,0.15075376884422112,1.2626574827566386,0.11936008753706615
31,0.15577889447236182,1.261468592932151,0.1191362548142778
32,0.16080402010050251,1.2604685908091995,0.1189109209787792
33,0.1658291457286432,1.2597005622501585,0.11868410467114188
34,0.1708542713567839,1.2591941196406415,0.11845582580279435
35,0.17587939698492464,1.258964159909845,0.1182261056371522
36,0.18090452261306533,1.2590104285599348,0.1179949668986211
37,0.18592964824120603,1.2593177414848817,0.11776243391542572
38,0.19095477386934673,1.2598567345589549,0.11752853280320265
39,0.19597989949748745,1.2605850580308608,0.11729329169701475
40,0.20100502512562815,1.261448988874985,0.11705674104058085
41,0.20603015075376885,1.262385478605457,0.11681891394243205
42,0.21105527638190955,1.263324669579432,0.11657984660985075
43,0.21608040201005024,1.2641928900551818,0.1163395788725864
44,0.22110552763819097,1.2649160775980794,0.11609815480945407
45,0.22613065326633167,1.2654234921475098,0.1158556234922622
46,0.23115577889447236,1.265651482422645,0.1156120398625594
47,0.23618090452261306,1.2655469849135637,0.1153674657580489
48,0.24120603015075376,1.2650703857466894,0.1151219711066208
49,0.24623115577889448,1.2641973795567623,0.11487563530711398
50,0.25125628140703515,1.2629195247110672,0.11462854881696805
51,0.2562814070351759,1.2612433183579512,0.11438081496789175
52,0.2613065326633166,1.2591877840742278,0.11413255203147656
53,0.2663316582914573,1.2567807561631206,0.11388389555729815
54,0.271356783919598,1.2540542288717629,0.11363500100649936
55,0.2763819095477387,1.2510392859032406,0.11338604670395536
56,0.2814070351758794,1.2477612097229998,0.1131372371320074
57,0.2864321608040201,1.244235374287448,0.11288880658817445
58,0.2914572864321608,1.240464444101278,0.11264102322838533
59,0.2964824120603015,1.2364372455943478,0.11239419351578904
60,0.30150753768844224,1.2321294649249142,0.11214866709333073
61,0.3065326633165829,1.227506090147166,0.11190484209570706
62,0.31155778894472363,1.2225252905326198,0.11166317091314236
63,0.3165829145728643,1.2171432458662557,0.11142416641552877
64,0.32160804020100503,1.2113193310184414,0.11118840864076962
65,0.32663316582914576,1.205021041713726,0.11095655194568088
66,0.3316582914572864,1.198228117475006,0.1107293326113018
67,0.33668341708542715,1.1909354637824905,0.11050757688713576
68,0.3417085427135678,1.1831546716005765,0.11029220945039253
69,0.34673366834170855,1.174914144612311,0.11008426224684564
70,0.35175879396984927,1.1662580367025017,0.10988488366936576
71,0.35678391959798994,1.1572443426971943,0.10969534801851323
72,0.36180904522613067,1.1479425522844677,0.10951706517674598
73,0.36683417085427134,1.138431262355539,0.10935159041393172
74,0.37185929648241206,1.1287960537063455,0.10920063422684534
75,0.3768844221105528,1.1191277946638345,0.10906607209932496
76,0.38190954773869346,1.1095213668390338,0.10894995405287576
77,0.3869346733668342,1.1000746507943868,0.1088545138397854
78,0.3919597989949749,1.0908874934076296,0.10878217761253528
79,0.3969849246231156,1.0820603273858942,0.10873557188463034
80,0.4020100502512563,1.0736921377525754,0.10871753057917456
81,0.40703517587939697,1.065877567276477,0.10873110094304883
82,0.4120603015075377,1.0587031067708925,0.10877954808671796
83,0.4170854271356784,1.0522425011159544,0.10886635789297183
84,0.4221105527638191,1.0465516867578417,0.10899523802302813
85,0.4271356783919598,1.0416637304968943,0.10917011673571808
86,0.4321608040201005,1.0375843368725026,0.10939513922597832
87,0.4371859296482412,1.0342885154776322,0.1096746611831072
88,0.44221105527638194,1.0317189440060106,0.1100132392681622
89,0.4472361809045226,1.0297864327135675,0.11041561821425283
90,0.45226130653266333,1.02837270592877,0.11088671426440078
91,0.457286432160804,1.0273354882021302,0.11143159467965902
92,0.4623115577889447,1.0265156428269895,0.11205545307647324
93,0.46733668341708545,1.0257458861245505,0.1127635803874426
94,0.4723618090452261,1.0248604176707488,0.11356133128421694
95,0.47738693467336685,1.0237046859250292,0.11445408595608042
96,0.4824120603015075,1.0221444655858467,0.11544720720254242
97,0.48743718592964824,1.0200734646346137,0.11654599287345345
98,0.49246231155778897,1.0174188036804988,0.117755623774926
99,0.49748743718592964,1.0141439068347695,0.11908110725319955
100,0.5025125628140703,1.0102485921833873,0.12052721677006205
101,0.507537688442211,1.0057664242612476,0.12209842789098245
102,0.5125628140703518,1.0007596598998423,0.12379885121833545
103,0.5175879396984925,0.9953123511979151,0.12563216291441948
104,0.5226130653266332,0.9895223377824122,0.12760153356923798
105,0.5276381909547738,0.9834929454207514,0.12970955627252634
106,0.5326633165829145,0.9773252006225605,0.13195817484470873
107,0.5376884422110553,0.9711112744337558,0.13434861326305114
108,0.542713567839196,0.9649296979672322,0.1368813073834806
109,0.5477386934673367,0.9588426711101696,0.13955584010144073
110,0.5527638190954774,0.9528955431763007,0.1423708811131864
111,0.5577889447236181,0.9471183094932242,0.1453241324295086
112,0.5628140703517588,0.9415287668150903,0.14841228075456006
113,0.5678391959798995,0.9361368219244622,0.15163095777250968
114,0.5728643216080402,0.9309493621629699,0.1549747092838224
115,0.577889447236181,0.9259750756781174,0.15843697400270595
116,0.5829145728643216,0.921228647511371,0.16201007266985767
117,0.5879396984924623,0.9167338450466367,0.16568520795418973
118,0.592964824120603,0.9125251302063399,0.1694524754185429
119,0.5979899497487438,0.9086475833158314,0.17330088561364154
120,0.6030150753768845,0.9051550830350897,0.17721839714846155
121,0.6080402010050251,0.9021068479398121,0.1811919603710369
122,0.6130653266331658,0.8995625990868165,0.18520757108933072
123,0.6180904522613065,0.8975767404188335,0.1892503335740391
124,0.6231155778894473,0.896192065983409,0.19330453192140215
125,0.628140703517588,0.8954335799243354,0.19735370872003188
126,0.6331658291457286,0.8953030473000835,0.20138074986659396
127,0.6381909547738693,0.8957748725696669,0.20536797431433074
128,0.6432160804020101,0.8967938228622578,0.2092972275184716
129,0.6482412060301508,0.8982749749774693,0.21314997736388666
130,0.6532663316582915,0.9001060754122887,0.21690741142250247
131,0.6582914572864321,0.9021522761706969,0.22055053448866524
132,0.6633165829145728,0.904262967351767,0.22406026547646585
133,0.6683417085427136,0.9062801973121662,0.22741753292995426
134,0.6733668341708543,0.9080479812301248,0.2306033685893444
135,0.678391959798995,0.9094216756870279,0.233598998668879
136,0.6834170854271356,0.9102765605859535,0.23638593272802666
137,0.6884422110552764,0.9105148304658883,0.23894605025154825
138,0.6934673366834171,0.9100703527041311,0.2412616852891576
139,0.6984924623115578,0.9089107847506178,0.2433157097357681
140,0.7035175879396985,0.9070369291339758,0.24509161605291385
141,0.7085427135678392,0.9044795077181049,0.2465736004344138
142,0.7135678391959799,0.9012938160494437,0.24774664759887066
143,0.7185929648241206,0.8975529370626378,0.2485966185414891
144,0.7236180904522613,0.8933403210229146,0.24911034269116986
145,0.7286432160804021,0.8887425580062696,0.2492757159882157
146,0.7336683417085427,0.8838430787084477,0.2490818064137271
147,0.7386934673366834,0.8787173336054721,0.24851896845498844
148,0.7437185929648241,0.873429748715075,0.2475789678683956
149,0.7487437185929648,0.8680324779432161,0.24625511789090335
150,0.7537688442211056,0.8625657107885006,0.2445424277363064
151,0.7587939698492463,0.8570590904509449,0.24243776377850726
152,0.7638190954773869,0.8515336816270177,0.2399400232529377
153,0.7688442211055276,0.8460039147354734,0.2370503195834825
154,0.7738693467336684,0.8404790214291801,0.2337721775514936
155,0.7788944723618091,0.834963645168184,0.2301117354564768
156,0.7839195979899498,0.8294575270279164,0.22607795017285534
157,0.7889447236180904,0.8239543902346979,0.22168279959380788
158,0.7939698492462312,0.8184403369135073,0.21694147539682795
159,0.7989949748743719,0.8128921945945378,0.2118725574130479
160,0.8040201005025126,0.8072762888297357,0.2064981592052149
161,0.8090452261306533,0.8015480686681217,0.2008440328596801
162,0.8140703517587939,0.7956528864023726,0.194939619610122
163,0.8190954773869347,0.7895280570815926,0.1888180319019902
164,0.8241206030150754,0.7831061289130095,0.1825159520720826
165,0.8291457286432161,0.7763191155559824,0.17607343317081306
166,0.8341708542713568,0.7691033028022438,0.1695335888117271
167,0.8391959798994975,0.7614041629289078,0.16294216148824936
168,0.8442211055276382,0.7531808961366919,0.15634696269461812
169,0.8492462311557789,0.7444101647885901,0.1497971834834172
170,0.8542713567839196,0.7350886788532339,0.1433425807208546
171,0.8592964824120604,0.7252344114743483,0.13703255204532394
172,0.864321608040201,0.7148863528300407,0.13091512100491332
173,0.8693467336683417,0.7041028324323868,0.12503586248435938
174,0.8743718592964824,0.6929585443177035,0.11943680662398724
175,0.8793969849246231,0.6815404921178441,0.11415536618348955
176,0.8844221105527639,0.6699431332604653,0.10922333690199904
177,0.8894472361809045,0.658263048429724,0.10466602213240496
178,0.8944723618090452,0.6465934993877506,0.10050153135718733
179,0.8994974874371859,0.6350192683823397,0.09674029688777784
180,0.9045226130653267,0.6236121940488384,0.09338484422211757
181,0.9095477386934674,0.6124278247158617,0.09042983966160399
182,0.914572864321608,0.6015035882261904,0.08786242466728755
183,0.9195979899497487,0.5908588134037202,0.08566283109420503
184,0.9246231155778895,0.5804968196421078,0.0838052560069793
185,0.9296482412060302,0.5704091121064875,0.08225896032641611
186,0.9346733668341709,0.5605814865231765,0.08098954298003336
187,0.9396984924623115,0.5510015796785038,0.07996033214943754
188,0.9447236180904522,0.5416671342156041,0.07913382793555679
189,0.949748743718593,0.5325940246356398,0.07847312634076997
190,0.9547738693467337,0.5238229647333794,0.07794325277116987
191,0.9597989949748744,0.5154238278802222,0.07751233416656977
192,0.964824120603015,0.5074966864294197,0.0771525424385342
193,0.9698492462311558,0.5001690147853906,0.07684074860983857
194,0.9748743718592965,0.4935889711322634,0.07655883797161889
195,0.9798994974874372,0.487915214541284,0.07629365352868599
196,0.9849246231155779,0.48330424458738924,0.07603656066154085
197,0.9899497487437187,0.4798966793150327,0.07578266386546995
198,0.9949748743718593,0.4778041334250597,0.07552976114480614
199,1.0,0.4770983672936644,0.07527719885202377
