,x,y
0,0.0,9.345785367375032e-95
1,0.010101010101010102,3.6210106258285776e-84
2,0.020202020202020204,3.1542137829190976e-74
3,0.030303030303030304,6.179166102735201e-65
4,0.04040404040404041,2.7234515662148343e-56
5,0.05050505050505051,2.7020450939555087e-48
6,0.06060606060606061,6.03892743036399e-41
7,0.07070707070707072,3.0432686788714685e-34
8,0.08080808080808081,3.46260357297306e-28
9,0.09090909090909091,8.911066471965157e-23
10,0.10101010101010102,5.2002169783339734e-18
11,0.11111111111111112,6.906837936885173e-14
12,0.12121212121212122,2.0996598438026838e-10
13,0.13131313131313133,1.4743952119997808e-07
14,0.14141414141414144,2.430417359758371e-05
15,0.15151515151515152,0.0009698868983142116
16,0.16161616161616163,0.00998885831237303
17,0.17171717171717174,0.03157185735364037
18,0.18181818181818182,0.062481538851509054
19,0.19191919191919193,0.1655225060380341
20,0.20202020202020204,0.35884682042738514
21,0.21212121212121213,0.7523644496687621
22,0.22222222222222224,1.4183640547903846
23,0.23232323232323235,2.216313343986623
24,0.24242424242424243,3.2199694231731373
25,0.25252525252525254,4.2803241210805165
26,0.26262626262626265,5.1956700520361085
27,0.27272727272727276,5.7733716913264805
28,0.2828282828282829,6.41245604489979
29,0.29292929292929293,7.035566055929327
30,0.30303030303030304,7.339848569499633
31,0.31313131313131315,7.504463395112999
32,0.32323232323232326,7.289306144840632
33,0.33333333333333337,6.8061215744300325
34,0.3434343434343435,6.246736722295986
35,0.3535353535353536,5.345954983227826
36,0.36363636363636365,4.401650858934391
37,0.37373737373737376,3.6445824951570276
38,0.38383838383838387,2.8397155878553693
39,0.393939393939394,2.2012134264521674
40,0.4040404040404041,1.685352012578191
41,0.4141414141414142,1.3317013720329256
42,0.42424242424242425,1.0216970285226086
43,0.43434343434343436,0.8454624947585033
44,0.4444444444444445,0.751000382228052
45,0.4545454545454546,0.5601988270929779
46,0.4646464646464647,0.4143930109906347
47,0.4747474747474748,0.34141502634574034
48,0.48484848484848486,0.29244701931970596
49,0.494949494949495,0.24415222420426602
50,0.5050505050505051,0.2043619529637738
51,0.5151515151515152,0.1587055543238795
52,0.5252525252525253,0.13873446172085963
53,0.5353535353535354,0.11176247062719259
54,0.5454545454545455,0.06562370277341176
55,0.5555555555555556,0.04245026280631773
56,0.5656565656565657,0.030662431267185604
57,0.5757575757575758,0.021142527368198053
58,0.5858585858585859,0.01843745112174267
59,0.595959595959596,0.016202282058099475
60,0.6060606060606061,0.023279048681526138
61,0.6161616161616162,0.031172498070380607
62,0.6262626262626263,0.03141779011831369
63,0.6363636363636365,0.017143369034781673
64,0.6464646464646465,0.007336200545316472
65,0.6565656565656566,0.004260075739747998
66,0.6666666666666667,0.0030393406976294435
67,0.6767676767676768,0.0032427288325028634
68,0.686868686868687,0.003520188859078903
69,0.696969696969697,0.005110735100514147
70,0.7070707070707072,0.0031425330051971677
71,0.7171717171717172,0.0011183523284705645
72,0.7272727272727273,0.0034861022739196357
73,0.7373737373737375,0.0053470782859893935
74,0.7474747474747475,0.002062430229939557
75,0.7575757575757577,0.00019592972441700171
76,0.7676767676767677,6.849975444253866e-06
77,0.7777777777777778,0.00011219532385183492
78,0.787878787878788,0.0011878357630150794
79,0.797979797979798,0.0028254342538598966
80,0.8080808080808082,0.0015096234408656611
81,0.8181818181818182,0.0001811785002457279
82,0.8282828282828284,4.884265852192962e-06
83,0.8383838383838385,2.9576483270170047e-08
84,0.8484848484848485,4.022984671268776e-11
85,0.8585858585858587,1.2291498330678582e-14
86,0.8686868686868687,8.435598093905505e-19
87,0.8787878787878789,1.3004137063263525e-23
88,0.888888888888889,4.5029984904848057e-29
89,0.8989898989898991,3.5024881066996043e-35
90,0.9090909090909092,6.119361951968565e-42
91,0.9191919191919192,2.4015421825115904e-49
92,0.9292929292929294,2.1170392090861914e-57
93,0.9393939393939394,4.1920088278302556e-66
94,0.9494949494949496,1.8645330260966965e-75
95,0.9595959595959597,1.8628272269008195e-85
96,0.9696969696969697,4.180513962537558e-96
97,0.9797979797979799,2.1073728686146592e-107
98,0.98989898989899,2.3862046921848295e-119
99,1.0,6.069160338501951e-132
