,x,y,pNG
0,0.0,1.3061659325307846e-146,
1,0.6030150753768844,1.6301736787079415e-142,
2,1.2060301507537687,1.7707513621536273e-138,
3,1.809045226130653,1.6740612203762867e-134,
4,2.4120603015075375,1.3774540341372653e-130,
5,3.015075376884422,9.864544589991253e-127,
6,3.618090452261306,6.148559413953286e-123,
7,4.221105527638191,3.3355583053497815e-119,
8,4.824120603015075,1.5749440060834107e-115,
9,5.427135678391959,6.472408113890211e-112,0.0
10,6.030150753768844,2.315121778248474e-108,0.0
11,6.633165829145728,7.207624530328497e-105,0.0
12,7.236180904522612,1.9530990704895885e-101,0.0
13,7.839195979899497,4.6065299180573056e-98,0.0
14,8.442211055276381,9.456817575681021e-95,0.0
15,9.045226130653266,1.689825755357188e-91,0.0
16,9.64824120603015,2.6282658507279396e-88,0.0
17,10.251256281407034,3.5582147375097893e-85,0.002585978907965081
18,10.854271356783919,4.193107324973045e-82,0.013500177316229768
19,11.457286432160803,4.3011709753018e-79,0.0339219475192768
20,12.060301507537687,3.840526834712536e-76,0.08226461533642426
21,12.663316582914572,2.9850755101438e-73,0.18418044839459854
22,13.266331658291456,2.019705093174418e-70,0.3192006451881578
23,13.86934673366834,1.1895895775387859e-67,0.3684109576405018
24,14.472361809045225,6.0994704763479785e-65,0.3605660589044857
25,15.07537688442211,2.7225951320777785e-62,0.3520987329421602
26,15.678391959798994,1.0579889165306094e-59,0.3438358482797802
27,16.281407035175878,3.5793043120320275e-57,0.3358285822525192
28,16.884422110552762,1.0542635748962827e-54,0.3281231460832621
29,17.487437185929647,2.70363421049065e-52,0.3208209068187877
30,18.09045226130653,6.03686613342877e-50,0.3143186594439993
31,18.693467336683415,1.1737041181865394e-47,0.30892682649333697
32,19.2964824120603,1.9870549530184352e-45,0.3050302149174896
33,19.899497487437184,2.929465429103825e-43,0.3015362444012054
34,20.50251256281407,3.761143617807983e-41,0.2969878490934831
35,21.105527638190953,4.2056522870595744e-39,0.2896708418122551
36,21.708542713567837,4.096010666923675e-37,0.2783271426515802
37,22.31155778894472,3.474876773636715e-35,0.2635294068171098
38,22.914572864321606,2.5680840669332767e-33,0.24702024562481886
39,23.51758793969849,1.6535473494001554e-31,0.22992760889191746
40,24.120603015075375,9.277129394489611e-30,0.2132596679617066
41,24.72361809045226,4.535853208840492e-28,0.19729327143164388
42,25.326633165829143,1.9329446667772614e-26,0.1819333553905496
43,25.929648241206028,7.18076321291496e-25,0.1670245988181004
44,26.532663316582912,2.3259411851057704e-23,0.15267749466664882
45,27.135678391959797,6.570557029272049e-22,0.13884866635146975
46,27.73869346733668,1.619174651931942e-20,0.12579082469666036
47,28.341708542713565,3.481792125848908e-19,0.1136895223277362
48,28.94472361809045,6.535506699485803e-18,0.10268306038132002
49,29.547738693467334,1.0712643584294409e-16,0.09284806176755178
50,30.15075376884422,1.5341143944500707e-15,0.0843358969516429
51,30.753768844221103,1.9204396574425514e-14,0.07712171866661753
52,31.356783919597987,2.1028439345772456e-13,0.07134755190352893
53,31.95979899497487,2.015636737718139e-12,0.06718080061879195
54,32.562814070351756,1.692850031514586e-11,0.06466491059792245
55,33.16582914572864,1.2471274935253743e-10,0.06384844133919376
56,33.768844221105525,8.070072622847682e-10,0.06480094726227825
57,34.37185929648241,4.594444760955358e-09,0.06751261973709377
58,34.97487437185929,2.305931383214968e-08,0.07202041613581311
59,35.577889447236174,1.0227505683895196e-07,0.07852724613247153
60,36.18090452261306,4.0203907373286984e-07,0.0873614688297466
61,36.78391959798995,1.4055491241021628e-06,0.09825118343759842
62,37.38693467336683,4.387980876965971e-06,0.111998208856793
63,37.98994974874371,1.2290044081748645e-05,0.1285521381644471
64,38.5929648241206,3.104645409951465e-05,0.14870244801206545
65,39.19597989949749,7.115695635944496e-05,0.17234963992201147
66,39.79899497487437,0.00014895198793051553,0.20072277591210508
67,40.40201005025125,0.00028689319060630307,0.2326339262303724
68,41.00502512562814,0.0005126834568517668,0.2676376011139616
69,41.608040201005025,0.0008578425927715371,0.3047715148036787
70,42.211055276381906,0.0013568812533979885,0.3435786099219493
71,42.81407035175879,0.0020472083494004725,0.3853344221166149
72,43.417085427135675,0.0029676870475767235,0.4268248674511882
73,44.02010050251256,0.004152732455681109,0.4698677793086414
74,44.62311557788944,0.0056215059802124465,0.5154895314171577
75,45.226130653266324,0.007366871207251341,0.5575343020990238
76,45.82914572864321,0.009351243852659065,0.5990551468049039
77,46.4321608040201,0.011512919095120219,0.6373216969278366
78,47.03517587939698,0.013779907061415731,0.6751374039059331
79,47.63819095477386,0.01608485658120145,0.7121530786733851
80,48.24120603015075,0.018376123523033666,0.7459151192511393
81,48.84422110552764,0.020622691885595432,0.7774558144066097
82,49.44723618090452,0.02281132907384869,0.806520935173375
83,50.0502512562814,0.02493504255430455,0.8326942302538363
84,50.65326633165829,0.026976336987453504,0.8576555893841482
85,51.256281407035175,0.028895444615043137,0.8796588219362034
86,51.859296482412056,0.030634776740553715,0.8988453301127746
87,52.46231155778894,0.032140746938290825,0.9154264301414432
88,53.065326633165824,0.03338914462644479,0.9285890504258892
89,53.66834170854271,0.03439496546514612,0.9407791462948659
90,54.27135678391959,0.035198813582700154,0.9511279838786804
91,54.874371859296474,0.035840075147462624,0.960536157003672
92,55.47738693467336,0.03633642141515726,0.966558707380048
93,56.08040201005025,0.03668321042022776,0.9728791287385014
94,56.68341708542713,0.03687065310711507,0.977472188126228
95,57.28643216080401,0.0369033763108495,0.9818743700105974
96,57.8894472361809,0.03680690706849817,0.9849552157848732
97,58.49246231155779,0.036618356208430264,0.9876708106632632
98,59.09547738693467,0.03637119001422183,0.9896342780618672
99,59.69849246231155,0.03608475620328249,0.991462220054917
100,60.30150753768844,0.035761814810837386,0.9929802293963674
101,60.904522613065325,0.03539297945479521,0.9940370486403466
102,61.507537688442206,0.03496679029573649,0.9947934741266024
103,62.110552763819086,0.0344806944028254,0.9955967443114208
104,62.713567839195974,0.03394316220807154,0.9963721774570484
105,63.31658291457286,0.03336202691015022,0.9969213245255326
106,63.91959798994974,0.032729313614180015,0.9973122737599529
107,64.52261306532662,0.032020329767185426,0.9976626783842416
108,65.12562814070351,0.03121186110878679,0.9980050667826634
109,65.7286432160804,0.030304342858765824,0.9983363374735588
110,66.33165829145727,0.02932926165162749,0.9985897121555004
111,66.93467336683416,0.02833774472053787,0.9988126300677572
112,67.53768844221105,0.02737978563906207,0.9989245979026278
113,68.14070351758794,0.02648435315793025,0.9991566724801842
114,68.74371859296483,0.02564710698533123,0.999277713695395
115,69.3467336683417,0.024832382843190517,0.9993867034894122
116,69.94974874371859,0.023992905668851094,0.9994516302587084
117,70.55276381909547,0.023098773238090172,0.9995181835825536
118,71.15577889447235,0.022156842339808813,0.999542518911558
119,71.75879396984924,0.02120628571625876,0.9996022874241656
120,72.36180904522612,0.0202932793021682,0.9996066758244726
121,72.96482412060301,0.019442075650714187,0.9996336787104304
122,73.5678391959799,0.01864075149993585,0.9996447217671668
123,74.17085427135677,0.017849741881243796,0.9996498167775171
124,74.77386934673366,0.01702748160348267,0.9996538596004352
125,75.37688442211055,0.016157167328156537,0.9996845597269745
126,75.97989949748742,0.0152578751336444,0.9996929732001444
127,76.58291457286431,0.014374068990452415,0.9996954881189823
128,77.1859296482412,0.013552824231653816,0.9997556550970618
129,77.78894472361809,0.012824848768692904,0.9999130981292907
130,78.39195979899498,0.012197950109595995,0.9999180487738458
131,78.99497487437185,0.01165944974273004,0.9999219837765814
132,79.59798994974874,0.011180871148769377,0.9999402271325668
133,80.20100502512562,0.010724397907994359,0.99994741776928
134,80.8040201005025,0.010253994577625929,0.9999512070627551
135,81.40703517587939,0.009748702536551454,0.9999619245442796
136,82.01005025125627,0.009209875735174624,0.9999658301204141
137,82.61306532663316,0.008657101633329289,0.9999694853981256
138,83.21608040201005,0.008115933357886768,0.9999726886782132
139,83.81909547738692,0.007605008491117688,0.9999756790217249
140,84.42211055276381,0.007128387628657967,0.9999782778252146
141,85.0251256281407,0.006675716008450042,0.9999828363536494
142,85.62814070351757,0.006230327060588475,0.9999850611555962
143,86.23115577889446,0.005781641549862896,0.999987106445656
144,86.83417085427135,0.005334073314349867,0.9999888573670892
145,87.43718592964824,0.0049055515215772946,0.9999904221105668
146,88.04020100502512,0.004516355225777747,0.9999918489461
147,88.643216080402,0.0041766710106225634,0.9999930459869476
148,89.24623115577889,0.003881771839970694,0.9999940767140856
149,89.84924623115577,0.003617147788940866,0.9999949986651075
150,90.45226130653265,0.0033685359146933985,0.9999958278429184
151,91.05527638190954,0.003129219095943063,0.9999965102603317
152,91.65829145728642,0.0029004249260932095,0.9999971092090366
153,92.26130653266331,0.0026867737070672333,0.9999976109291896
154,92.8643216080402,0.002491928070441407,0.9999980506482068
155,93.46733668341707,0.0023172882180291267,0.9999984070194944
156,94.07035175879396,0.002162229331344717,0.9999986966522272
157,94.67336683417085,0.0020233861707734556,0.9999989401579188
158,95.27638190954772,0.0018934161648738916,0.9999991376472176
159,95.87939698492461,0.00176200700727187,0.9999993038652076
160,96.4824120603015,0.0016202699656966346,0.99999944299943
161,97.08542713567839,0.0014659304529809516,0.9999995570450008
162,97.68844221105527,0.001305247721821477,0.9999996476800244
163,98.29145728643215,0.0011499783890197646,0.9999997214058484
164,98.89447236180904,0.0010114456216655816,0.9999997797164736
165,99.49748743718592,0.0008955296987776846,0.9999998269564752
166,100.1005025125628,0.0008012509071363949,0.9999998641329392
167,100.70351758793969,0.0007230768392082018,0.9999998936517678
168,101.30653266331657,0.0006550060673518523,0.9999999170475808
169,101.90954773869346,0.0005938403718449109,0.9999999355245344
170,102.51256281407035,0.0005399739328272222,0.9999999502145228
171,103.11557788944722,0.0004958284388994234,0.9999999615823068
172,103.71859296482411,0.0004634620629708674,0.9999999705524596
173,104.321608040201,0.0004428995200987842,0.999999977408596
174,104.92462311557787,0.00043166642291685137,0.9999999828515836
175,105.52763819095476,0.0004251221607730971,0.9999999869956138
176,106.13065326633165,0.0004172842651360313,0.9999999903002158
177,106.73366834170854,0.0004023769499103206,0.9999999926281664
178,107.33668341708542,0.0003771222533218357,0.9999999944901076
179,107.9396984924623,0.00034267569126931395,0.9999999958829449
180,108.54271356783919,0.00030450801215710176,0.999999996908535
181,109.14572864321607,0.00026966958720023,0.9999999976648252
182,109.74874371859295,0.0002429322218444242,0.9999999982937936
183,110.35175879396984,0.00022429733011137504,0.999999998745475
184,110.95477386934672,0.00020945116114563388,0.9999999991010828
185,111.55778894472361,0.00019280813902422617,0.9999999993469078
186,112.1608040201005,0.00017114232945600674,0.9999999995178009
187,112.76381909547737,0.00014541660170774994,0.9999999996524364
188,113.36683417085426,0.00011965845226601217,0.9999999997522412
189,113.96984924623115,9.790493651290225e-05,0.9999999998203628
190,114.57286432160802,8.161788742950346e-05,0.9999999998694008
191,115.17587939698491,6.933519720959124e-05,0.9999999999072636
192,115.7788944723618,5.835985481395059e-05,0.9999999999335344
193,116.38190954773869,4.684080130609089e-05,0.9999999999531044
194,116.98492462311557,3.472875973687133e-05,0.9999999999664094
195,117.58793969849245,2.3292536696906728e-05,0.99999999997658
196,118.19095477386934,1.395460692498457e-05,0.9999999999837672
197,118.79396984924622,7.41096854815688e-06,0.999999999988682
198,119.3969849246231,3.472028035318572e-06,0.99999999999207
199,120.0,1.4302711657605594e-06,0.9999999999944272
