,x,y,pNG
0,0.0,1.4924481580960038,0.0
1,0.005025125628140704,1.4919207566087973,0.0
2,0.010050251256281407,1.490360537843773,0.0
3,0.01507537688442211,1.4878322102176802,0.0
4,0.020100502512562814,1.484439600613485,0.0
5,0.02512562814070352,1.4803200909765113,0.0
6,0.03015075376884422,1.4756376673135572,2.220446049250313e-16
7,0.035175879396984924,1.4705752168514608,1.1102230246251563e-15
8,0.04020100502512563,1.4653266575445574,7.549516567451064e-15
9,0.04522613065326633,1.4600893388724916,3.486100297322992e-14
10,0.05025125628140704,1.4550569566744438,1.383337888682945e-13
11,0.05527638190954774,1.4504130298622762,4.785061236134425e-13
12,0.06030150753768844,1.4463248420686527,1.4841461393189093e-12
13,0.06532663316582915,1.4429376906487383,4.199973702156966e-12
14,0.07035175879396985,1.4403693210548931,1.0992984300628448e-11
15,0.07537688442211056,1.4387045450306803,2.6898927529828146e-11
16,0.08040201005025126,1.4379902152544721,6.207279135139743e-11
17,0.08542713567839195,1.4382309140449119,1.3604450899151743e-10
18,0.09045226130653267,1.4393858641488433,2.8486080161371774e-10
19,0.09547738693467336,1.4413676466395877,5.726588092613838e-10
20,0.10050251256281408,1.4440432890468837,1.1098912899853983e-09
21,0.10552763819095477,1.447238157574539,2.0812813694703887e-09
22,0.11055276381909548,1.4507428599786913,3.7877010417020066e-09
23,0.11557788944723618,1.454323065691153,6.707588262599984e-09
24,0.12060301507537688,1.457731814680842,1.1585287951199064e-08
25,0.12562814070351758,1.4607235612801182,1.955589989943718e-08
26,0.1306532663316583,1.4630689301891757,3.231887280019663e-08
27,0.135678391959799,1.464568990739399,5.237580780192985e-08
28,0.1407035175879397,1.4650678128575338,8.335175805118665e-08
29,0.1457286432160804,1.4644621683153405,1.304238063104535e-07
30,0.15075376884422112,1.462707478383132,2.0088598262635318e-07
31,0.15577889447236182,1.4598194584544752,3.048856501708386e-07
32,0.16080402010050251,1.4558713291099281,4.56373452140113e-07
33,0.1658291457286432,1.4509868983713448,6.743168279310653e-07
34,0.1708542713567839,1.4453302164863187,9.84236007472994e-07
35,0.17587939698492464,1.439092814405659,1.4201313316419828e-06
36,0.18090452261306533,1.432479726582709,2.0268817668700483e-06
37,0.18592964824120603,1.4256955530022353,2.8632065637301807e-06
38,0.19095477386934673,1.4189317387323102,4.005295189735136e-06
39,0.19597989949748745,1.4123560619473983,5.551224879773997e-06
40,0.20100502512562815,1.4061050537278128,7.626300381979868e-06
41,0.20603015075376885,1.4002797594770167,1.0389466603921704e-05
42,0.21105527638190955,1.3949449258067708,1.404096181234493e-05
43,0.21608040201005024,1.3901313870711454,1.8831396625285105e-05
44,0.22110552763819097,1.3858411556375805,2.5072462055297784e-05
45,0.22613065326633167,1.3820545074296722,3.314948808097462e-05
46,0.23115577889447236,1.3787382126733394,4.3536092309781615e-05
47,0.23618090452261306,1.3758540002433828,5.681117585598638e-05
48,0.24120603015075376,1.3733663667081062,7.367854016515629e-05
49,0.24623115577889448,1.3712489459639265,9.498941356755886e-05
50,0.25125628140703515,1.369488832476261,0.00012176818921816324
51,0.2562814070351759,1.3680884828102713,0.0001552416859715855
52,0.2613065326633166,1.367065081732965,0.00019687224973952144
53,0.2663316582914573,1.3664475221423498,0.00024839501389539714
54,0.271356783919598,1.366271384026044,0.0003118596320621503
55,0.2763819095477387,1.3665724826514893,0.0003896767836720771
56,0.2814070351758794,1.3673796742861537,0.00048466973030514277
57,0.2864321608040201,1.3687076527276851,0.0006001311670300603
58,0.2914572864321608,1.370550445012022,0.0007398855655190718
59,0.2964824120603015,1.3728762303949746,0.0009083571420223092
60,0.30150753768844224,1.3756239776510544,0.0011106435004868411
61,0.3065326633165829,1.3787022371885354,0.001352594895956072
62,0.31155778894472363,1.381990249882131,0.0016408989323892784
63,0.3165829145728643,1.3853413543874575,0.0019831703484334273
64,0.32160804020100503,1.3885884970849258,0.002388045350483425
65,0.32663316582914576,1.3915514809846912,0.002865279720645764
66,0.3316582914572864,1.3940454404584386,0.0034258496541164085
67,0.33668341708542715,1.3958899088331325,0.004082053962641163
68,0.3417085427135678,1.3969177697603237,0.004847615915588244
69,0.34673366834170855,1.3969833658947282,0.005737782576480721
70,0.35175879396984927,1.3959690922744559,0.0067694190313284395
71,0.35678391959798994,1.393789932451507,0.007961094399166924
72,0.36180904522613067,1.390395597511157,0.009333155971870122
73,0.36683417085427134,1.3857701831680977,0.010907787261231872
74,0.37185929648241206,1.3799295372734166,0.012709045153906471
75,0.3768844221105528,1.3729167901038568,0.014762870813390228
76,0.38190954773869346,1.3647967019865879,0.017097068455051878
77,0.3869346733668342,1.3556495930160632,0.01974124569636193
78,0.3919597989949749,1.345565617885027,0.02272670890008477
79,0.3969849246231156,1.3346400343084222,0.02608630684242097
80,0.4020100502512563,1.3229699053111816,0.029854216217591656
81,0.40703517587939697,1.3106524094419914,0.0340656630069478
82,0.4120603015075377,1.297784653847055,0.03875657466706151
83,0.4170854271356784,1.2844646385960699,0.04396315949513308
84,0.4221105527638191,1.2707928439671194,0.049721411466245535
85,0.4271356783919598,1.256873828323143,0.05606654133791822
86,0.4321608040201005,1.2428172383798963,0.06303233788205452
87,0.4371859296482412,1.228737735878003,0.07065046668727748
88,0.44221105527638194,1.2147535132407083,0.07894971797521633
89,0.4472361809045226,1.200983278342888,0.08795521912972826
90,0.45226130653266333,1.1875418074020794,0.09768763192004892
91,0.457286432160804,1.174534371085442,0.1081623584180399
92,0.4623115577889447,1.1620505129689243,0.11938878302838417
93,0.46733668341708545,1.1501577866597348,0.13136958050521352
94,0.4723618090452261,1.1388961264542845,0.1441001209619175
95,0.47738693467336685,1.128273526853538,0.1575680023811027
96,0.4824120603015075,1.1182636320262453,0.1717527387756841
97,0.48743718592964824,1.108805686109891,0.18662562784702966
98,0.49246231155778897,1.0998070763554044,0.20214981580098268
99,0.49748743718592964,1.0911484321421159,0.21828056916742367
100,0.5025125628140703,1.0826909542185341,0.2349657544500421
101,0.507537688442211,1.074285379539276,0.2521465167880159
102,0.5125628140703518,1.0657817798440037,0.26975813921982283
103,0.5175879396984925,1.0570392829076423,0.2877310553166181
104,0.5226130653266332,1.0479348160257302,0.3059919805741333
105,0.5276381909547738,1.0383701030950694,0.32446512257864146
106,0.5326633165829145,1.0282763787470721,0.3430734269796969
107,0.5376884422110553,1.0176165759994862,0.3617398158786821
108,0.542713567839196,1.006385048083239,0.38038837731832265
109,0.5477386934673367,0.9946051510705586,0.3989454688605991
110,0.5527638190954774,0.9823252029210608,0.4173407043239209
111,0.5577889447236181,0.9696134257999346,0.4355078000548676
112,0.5628140703517588,0.9565524718616273,0.4533852650272802
113,0.5678391959798995,0.9432340462452034,0.4709169270004547
114,0.5728643216080402,0.9297540048699512,0.4880522944081132
115,0.577889447236181,0.9162081525824699,0.5047467601792219
116,0.5829145728643216,0.9026888290499576,0.5209616590310353
117,0.5879396984924623,0.8892822656288952,0.5366641937770232
118,0.592964824120603,0.8760666343812352,0.551827248834457
119,0.5979899497487438,0.8631106874565196,0.5664291104762944
120,0.6030150753768845,0.8504728903423606,0.5804531136023
121,0.6080402010050251,0.8382009716725113,0.5938872341031469
122,0.6130653266331658,0.8263318318431357,0.6067236444786309
123,0.6180904522613065,0.8148917631268755,0.6189582484633316
124,0.6231155778894473,0.8038969315090789,0.6305902082109183
125,0.628140703517588,0.7933540571309027,0.6416214752632088
126,0.6331658291457286,0.7832612125940526,0.6520563342206792
127,0.6381909547738693,0.7736086454140393,0.6619009658412491
128,0.6432160804020101,0.7643795312918106,0.6711630342953384
129,0.6482412060301508,0.7555505844802087,0.679851301540131
130,0.6532663316582915,0.747092491442925,0.6879752702635287
131,0.6582914572864321,0.7389701896376836,0.6955448555896078
132,0.6633165829145728,0.7311430747447385,0.7025700847191154
133,0.6683417085427136,0.7235652737182859,0.7090608228798867
134,0.6733668341708543,0.7161861538402171,0.7150265233553559
135,0.678391959798995,0.7089512384773934,0.7204759989167833
136,0.6834170854271356,0.7018036631829493,0.7254172116764129
137,0.6884422110552764,0.6946862332972368,0.7298570781782585
138,0.6934673366834171,0.6875440459589851,0.733801286425678
139,0.6984924623115578,0.6803275309134752,0.7372541214892109
140,0.7035175879396985,0.6729956640274413,0.7402182963274583
141,0.7085427135678392,0.6655190326578494,0.7426947844745945
142,0.7135678391959799,0.6578823968182226,0.7446826512918109
143,0.7185929648241206,0.6500864022698213,0.7461788805422188
144,0.7236180904522613,0.642148162125711,0.7471781931305788
145,0.7286432160804021,0.634100526493735,0.7476728549572064
146,0.7336683417085427,0.6259899936886848,0.7476524709825764
147,0.7386934673366834,0.6178733661002783,0.7471037628083135
148,0.7437185929648241,0.6098134009822377,0.7460103273827712
149,0.7487437185929648,0.6018738326706401,0.7443523748819951
150,0.7537688442211056,0.5941142308290981,0.742106444463035
151,0.7587939698492463,0.5865851955526064,0.7392450975221717
152,0.7638190954773869,0.5793243666084021,0.7357365894316727
153,0.7688442211055276,0.5723536405216212,0.7315445226273437
154,0.7738693467336684,0.5656778541518444,0.7266274865750821
155,0.7788944723618091,0.5592850237711557,0.7209386938140533
156,0.7839195979899498,0.5531480476786836,0.7144256262813014
157,0.7889447236180904,0.5472276140100389,0.7070297128680165
158,0.7939698492462312,0.5414759277426611,0.6986860681208962
159,0.7989949748743719,0.5358407998123693,0.6893233337323723
160,0.8040201005025126,0.5302696350045577,0.6788636795458769
161,0.8090452261306533,0.5247129111598271,0.6672230397853499
162,0.8140703517587939,0.519126847466751,0.6543116834735379
163,0.8190954773869347,0.5134750942928523,0.6400352454858719
164,0.8241206030150754,0.5077294182686305,0.6242963755498581
165,0.8291457286432161,0.5018694827852863,0.6069971945137906
166,0.8341708542713568,0.4958819193557956,0.5880427759526633
167,0.8391959798994975,0.4897589402292416,0.5673458890044445
168,0.8442211055276382,0.48349675552515775,0.5448332332234866
169,0.8492462311557789,0.47709403355700414,0.5204533509071371
170,0.8542713567839196,0.47055058978388653,0.4941862941991742
171,0.8592964824120604,0.46386641886746965,0.4660549273956464
172,0.864321608040201,0.45704110684913973,0.43613743565287655
173,0.8693467336683417,0.4500735870774102,0.4045801792333803
174,0.8743718592964824,0.44296214378495113,0.3716094969763633
175,0.8793969849246231,0.4357045296069875,0.33754049391353225
176,0.8844221105527639,0.4282980548502409,0.3027803836903397
177,0.8894472361809045,0.420739531543608,0.2678238018503152
178,0.8944723618090452,0.4130250148315851,0.23323789751017565
179,0.8994974874371859,0.4051493729775492,0.19963613235643365
180,0.9045226130653267,0.39710582299776054,0.16764157775709798
181,0.9095477386934674,0.38888567264400487,0.13784283067831282
182,0.914572864321608,0.3804785868961817,0.11074789201271662
183,0.9195979899497487,0.371873722908916,0.0867427268022195
184,0.9246231155778895,0.36306203028544876,0.06606113519491362
185,0.9296482412060302,0.35403988260732744,0.04877081983731424
186,0.9346733668341709,0.34481399559350295,0.034777543246586114
187,0.9396984924623115,0.3354073194577109,0.023845896092320015
188,0.9447236180904522,0.32586530778191847,0.01563241741503818
189,0.949748743718593,0.31626171507698037,0.009725299483936745
190,0.9547738693467337,0.30670291698173074,0.005684835019158285
191,0.9597989949748744,0.2973297307627893,0.0030798082938461317
192,0.964824120603015,0.2883158708934115,0.0015166329420850386
193,0.9698492462311558,0.27986250813118463,0.0006596546314946439
194,0.9748743718592965,0.2721888800609548,0.0002423165238953917
195,0.9798994974874372,0.265519463194758,6.972449989328666e-05
196,0.9849246231155779,0.2600687736569194,1.3643579832356426e-05
197,0.9899497487437187,0.25602531771437365,1.321543143473214e-06
198,0.9949748743718593,0.25353647630585546,2.299478685241496e-08
199,1.0,0.25269611826922955,0.0
