,x,y,pNG
0,0.0,1.054076713315558,0.12533111851005752
1,0.005025125628140704,1.0542424708525746,0.12515540962561222
2,0.010050251256281407,1.0547246735522098,0.1249781500566417
3,0.01507537688442211,1.0554796668921596,0.12479932818649064
4,0.020100502512562814,1.056439713322864,0.12461893296737915
5,0.02512562814070352,1.0575199659820838,0.12443695397445895
6,0.03015075376884422,1.0586271818783763,0.12425338145851585
7,0.035175879396984924,1.0596692633296598,0.12406820639699535
8,0.04020100502512563,1.0605646369270398,0.12388142054303285
9,0.04522613065326633,1.06125050679374,0.12369301647220945
10,0.05025125628140704,1.0616891492147253,0.12350298762673405
11,0.05527638190954774,1.0618716328594973,0.12331132835682103
12,0.06030150753768844,1.0618186269980372,0.1231180339589969
13,0.06532663316582915,1.0615782668699045,0.12292310071116595
14,0.07035175879396985,1.0612213457384578,0.12272652590422704
15,0.07537688442211056,1.060834364108167,0.12252830787009028
16,0.08040201005025126,1.0605111611261626,0.12232844600604753
17,0.08542713567839195,1.0603439635882772,0.12212694079534304
18,0.09045226130653267,1.0604147074506571,0.1219237938239991
19,0.09547738693467336,1.0607874195860136,0.12171900779393485
20,0.10050251256281408,1.061502307534022,0.12151258653245768
21,0.10552763819095477,1.0625720128249003,0.12130453499835248
22,0.11055276381909548,1.0639802632004425,0.1210948592848652
23,0.11557788944723618,1.0656829348720507,0.12088356661995835
24,0.12060301507537688,1.0676113291825216,0.12067066536440985
25,0.12562814070351758,1.0696772952618478,0.12045616500843292
26,0.1306532663316583,1.0717797024212792,0.1202400761677177
27,0.135678391959799,1.0738116884738362,0.12002241057999675
28,0.1407035175879397,1.0756680834536598,0.11980318110348898
29,0.1457286432160804,1.0772524291823014,0.1195824017189202
30,0.15075376884422112,1.0784830780681611,0.11936008753706615
31,0.15577889447236182,1.0792979520095753,0.1191362548142778
32,0.16080402010050251,1.0796576657798747,0.1189109209787792
33,0.1658291457286432,1.079546859485204,0.11868410467114188
34,0.1708542713567839,1.0789737316545298,0.11845582580279435
35,0.17587939698492464,1.0779679078800541,0.1182261056371522
36,0.18090452261306533,1.0765769092568525,0.1179949668986211
37,0.18592964824120603,1.0748615903054322,0.11776243391542572
38,0.19095477386934673,1.0728909890736973,0.11752853280320265
39,0.19597989949748745,1.0707370663922393,0.11729329169701475
40,0.20100502512562815,1.068469803494148,0.11705674104058085
41,0.20603015075376885,1.0661530776705321,0.11681891394243205
42,0.21105527638190955,1.0638416483478055,0.11657984660985075
43,0.21608040201005024,1.0615794685423396,0.1163395788725864
44,0.22110552763819097,1.0593993996396802,0.11609815480945407
45,0.22613065326633167,1.0573242634814946,0.1158556234922622
46,0.23115577889447236,1.0553690283743802,0.1156120398625594
47,0.23618090452261306,1.0535438081226425,0.1153674657580489
48,0.24120603015075376,1.051857267294716,0.1151219711066208
49,0.24623115577889448,1.0503199808139063,0.11487563530711398
50,0.25125628140703515,1.048947297214727,0.11462854881696805
51,0.2562814070351759,1.0477613038584248,0.11438081496789175
52,0.2613065326633166,1.0467915857229066,0.11413255203147656
53,0.2663316582914573,1.0460745990697358,0.11388389555729815
54,0.271356783919598,1.0456516351334084,0.11363500100649936
55,0.2763819095477387,1.0455655115248574,0.11338604670395536
56,0.2814070351758794,1.0458562830663078,0.1131372371320074
57,0.2864321608040201,1.04655639211096,0.11288880658817445
58,0.2914572864321608,1.0476857659673484,0.11264102322838533
59,0.2964824120603015,1.0492474047684066,0.11239419351578904
60,0.30150753768844224,1.0512239814657325,0.11214866709333073
61,0.3065326633165829,1.0535758974656906,0.11190484209570706
62,0.31155778894472363,1.056241110072411,0.11166317091314236
63,0.3165829145728643,1.0591368842825772,0.11142416641552877
64,0.32160804020100503,1.0621634385149308,0.11118840864076962
65,0.32663316582914576,1.065209270394772,0.11095655194568088
66,0.3316582914572864,1.068157783245704,0.1107293326113018
67,0.33668341708542715,1.0708947025364548,0.11050757688713576
68,0.3417085427135678,1.0733156862244708,0.11029220945039253
69,0.34673366834170855,1.0753335007679572,0.11008426224684564
70,0.35175879396984927,1.0768841573163455,0.10988488366936576
71,0.35678391959798994,1.0779314770909605,0.10969534801851323
72,0.36180904522613067,1.0784696739576607,0.10951706517674598
73,0.36683417085427134,1.0785236953068833,0.10935159041393172
74,0.37185929648241206,1.0781472372222787,0.10920063422684534
75,0.3768844221105528,1.0774185331652504,0.10906607209932496
76,0.38190954773869346,1.076434193506682,0.10894995405287576
77,0.3869346733668342,1.0753015332194666,0.1088545138397854
78,0.3919597989949749,1.0741299550509387,0.10878217761253528
79,0.3969849246231156,1.0730220453217765,0.10873557188463034
80,0.4020100502512563,1.0720650811319288,0.10871753057917456
81,0.40703517587939697,1.0713236359314264,0.10873110094304883
82,0.4120603015075377,1.0708339032093983,0.10877954808671796
83,0.4170854271356784,1.0706002374390646,0.10886635789297183
84,0.4221105527638191,1.070594243698402,0.10899523802302813
85,0.4271356783919598,1.0707565434083675,0.10917011673571808
86,0.4321608040201005,1.0710011185948698,0.10939513922597832
87,0.4371859296482412,1.0712219098596523,0.1096746611831072
88,0.44221105527638194,1.0713011350985577,0.1100132392681622
89,0.4472361809045226,1.071118628671592,0.11041561821425283
90,0.45226130653266333,1.0705613940154868,0.11088671426440078
91,0.457286432160804,1.0695325317739075,0.11143159467965902
92,0.4623115577889447,1.0679587583620374,0.11205545307647324
93,0.46733668341708545,1.0657958651904373,0.1127635803874426
94,0.4723618090452261,1.0630316750219604,0.11356133128421694
95,0.47738693467336685,1.0596863078041519,0.11445408595608042
96,0.4824120603015075,1.0558098447332067,0.11544720720254242
97,0.48743718592964824,1.0514777429694544,0.11654599287345345
98,0.49246231155778897,1.0467845714102602,0.117755623774926
99,0.49748743718592964,1.0418367826205988,0.11908110725319955
100,0.5025125628140703,1.0367452895525193,0.12052721677006205
101,0.507537688442211,1.0316185730026128,0.12209842789098245
102,0.5125628140703518,1.026556915698198,0.12379885121833545
103,0.5175879396984925,1.0216481629549796,0.12563216291441948
104,0.5226130653266332,1.0169651787513851,0.12760153356923798
105,0.5276381909547738,1.0125649348148273,0.12970955627252634
106,0.5326633165829145,1.008488972477536,0.13195817484470873
107,0.5376884422110553,1.004764839394068,0.13434861326305114
108,0.542713567839196,1.0014080415991118,0.1368813073834806
109,0.5477386934673367,0.9984240687204836,0.13955584010144073
110,0.5527638190954774,0.9958101365607562,0.1423708811131864
111,0.5577889447236181,0.9935564263812098,0.1453241324295086
112,0.5628140703517588,0.9916467572457052,0.14841228075456006
113,0.5678391959798995,0.9900587782194324,0.15163095777250968
114,0.5728643216080402,0.9887638856888861,0.1549747092838224
115,0.577889447236181,0.9877271392429795,0.15843697400270595
116,0.5829145728643216,0.9869074586609405,0.16201007266985767
117,0.5879396984924623,0.9862583361716442,0.16568520795418973
118,0.592964824120603,0.9857292032908551,0.1694524754185429
119,0.5979899497487438,0.9852674682991378,0.17330088561364154
120,0.6030150753768845,0.9848211106748416,0.17721839714846155
121,0.6080402010050251,0.9843416045511654,0.1811919603710369
122,0.6130653266331658,0.9837868632056476,0.18520757108933072
123,0.6180904522613065,0.9831238633234053,0.1892503335740391
124,0.6231155778894473,0.9823306261659204,0.19330453192140215
125,0.628140703517588,0.9813972995259396,0.19735370872003188
126,0.6331658291457286,0.9803261888431629,0.20138074986659396
127,0.6381909547738693,0.9791307120896817,0.20536797431433074
128,0.6432160804020101,0.9778333822989067,0.2092972275184716
129,0.6482412060301508,0.9764630354787653,0.21314997736388666
130,0.6532663316582915,0.975051604801269,0.21690741142250247
131,0.6582914572864321,0.9736307843927072,0.22055053448866524
132,0.6633165829145728,0.972228924310002,0.22406026547646585
133,0.6683417085427136,0.9708684555795635,0.22741753292995426
134,0.6733668341708543,0.9695640693353487,0.2306033685893444
135,0.678391959798995,0.968321779716251,0.233598998668879
136,0.6834170854271356,0.9671389002535038,0.23638593272802666
137,0.6884422110552764,0.9660048710003892,0.23894605025154825
138,0.6934673366834171,0.9649027987281442,0.2412616852891576
139,0.6984924623115578,0.9638115211728503,0.2433157097357681
140,0.7035175879396985,0.9627079803046832,0.24509161605291385
141,0.7085427135678392,0.9615696869279455,0.2465736004344138
142,0.7135678391959799,0.9603770750892616,0.24774664759887066
143,0.7185929648241206,0.9591155741107752,0.2485966185414891
144,0.7236180904522613,0.9577772630258379,0.24911034269116986
145,0.7286432160804021,0.9563620122056005,0.2492757159882157
146,0.7336683417085427,0.9548780567784181,0.2490818064137271
147,0.7386934673366834,0.9533419840292803,0.24851896845498844
148,0.7437185929648241,0.9517781511240264,0.2475789678683956
149,0.7487437185929648,0.9502175794246669,0.24625511789090335
150,0.7537688442211056,0.9486963966505618,0.2445424277363064
151,0.7587939698492463,0.947253917549874,0.24243776377850726
152,0.7638190954773869,0.9459304671607558,0.2399400232529377
153,0.7688442211055276,0.9447650582096234,0.2370503195834825
154,0.7738693467336684,0.943793036396277,0.2337721775514936
155,0.7788944723618091,0.943043805498115,0.2301117354564768
156,0.7839195979899498,0.9425387398757734,0.22607795017285534
157,0.7889447236180904,0.9422893862944254,0.22168279959380788
158,0.7939698492462312,0.9422960504011166,0.21694147539682795
159,0.7989949748743719,0.9425468549959874,0.2118725574130479
160,0.8040201005025126,0.9430173455647228,0.2064981592052149
161,0.8090452261306533,0.9436707008902225,0.2008440328596801
162,0.8140703517587939,0.9444585805273265,0.194939619610122
163,0.8190954773869347,0.9453226051319529,0.1888180319019902
164,0.8241206030150754,0.9461964205417348,0.1825159520720826
165,0.8291457286432161,0.9470082448414665,0.17607343317081306
166,0.8341708542713568,0.9476837443450408,0.1695335888117271
167,0.8391959798994975,0.9481490360263196,0.16294216148824936
168,0.8442211055276382,0.9483335776071115,0.15634696269461812
169,0.8492462311557789,0.9481726889396851,0.1497971834834172
170,0.8542713567839196,0.9476094546727718,0.1433425807208546
171,0.8592964824120604,0.9465957914222504,0.13703255204532394
172,0.864321608040201,0.9450925232220336,0.13091512100491332
173,0.8693467336683417,0.9430683948704234,0.12503586248435938
174,0.8743718592964824,0.9404980596141225,0.11943680662398724
175,0.8793969849246231,0.9373591990580904,0.11415536618348955
176,0.8844221105527639,0.9336290608393859,0.10922333690199904
177,0.8894472361809045,0.9292808228167284,0.10466602213240496
178,0.8944723618090452,0.9242802982415149,0.10050153135718733
179,0.8994974874371859,0.9185835691703064,0.09674029688777784
180,0.9045226130653267,0.9121361582320241,0.09338484422211757
181,0.9095477386934674,0.9048743048905494,0.09042983966160399
182,0.914572864321608,0.8967287876750768,0.08786242466728755
183,0.9195979899497487,0.8876315214052596,0.08566283109420503
184,0.9246231155778895,0.8775248620117949,0.0838052560069793
185,0.9296482412060302,0.8663731892583891,0.08225896032641611
186,0.9346733668341709,0.8541759436171618,0.08098954298003336
187,0.9396984924623115,0.8409809167075342,0.07996033214943754
188,0.9447236180904522,0.8268962943244346,0.07913382793555679
189,0.949748743718593,0.8120997886527185,0.07847312634076997
190,0.9547738693467337,0.7968432249358746,0.07794325277116987
191,0.9597989949748744,0.7814512009475791,0.07751233416656977
192,0.964824120603015,0.7663129184749246,0.0771525424385342
193,0.9698492462311558,0.7518669618290422,0.07684074860983857
194,0.9748743718592965,0.7385795997160917,0.07655883797161889
195,0.9798994974874372,0.7269180141484534,0.07629365352868599
196,0.9849246231155779,0.7173205971542883,0.07603656066154085
197,0.9899497487437187,0.7101669878467208,0.07578266386546995
198,0.9949748743718593,0.7057507551328359,0.07552976114480614
199,1.0,0.7042575102686109,0.07527719885202377
