,x,y
0,0.0,3.4887694829249484e-12
1,0.010101010101010102,3.70251563676155e-11
2,0.020202020202020204,3.4195052300744997e-10
3,0.030303030303030304,2.74946507241524e-09
4,0.04040404040404041,1.925658588114229e-08
5,0.05050505050505051,1.175583194216215e-07
6,0.06060606060606061,6.261277568072625e-07
7,0.07070707070707072,2.912957843148903e-06
8,0.08080808080808081,1.1857182736151284e-05
9,0.09090909090909091,4.2323917989137926e-05
10,0.10101010101010102,0.0001328939917012482
11,0.11111111111111112,0.0003686609056970616
12,0.12121212121212122,0.0009090035780341898
13,0.13131313131313133,0.0020086234134879827
14,0.14141414141414144,0.004021581023492757
15,0.15151515151515152,0.007398503086790872
16,0.16161616161616163,0.01271625050534342
17,0.17171717171717174,0.020783535104927968
18,0.18181818181818182,0.03282094508457396
19,0.19191919191919193,0.050641253580228154
20,0.20202020202020204,0.07671754604927387
21,0.21212121212121213,0.11408177788699563
22,0.22222222222222224,0.16614176292312574
23,0.23232323232323235,0.23661105434241742
24,0.24242424242424243,0.32961266842809067
25,0.25252525252525254,0.4496531991279699
26,0.26262626262626265,0.6009691796802764
27,0.27272727272727276,0.7861023610880309
28,0.2828282828282829,1.004202385592276
29,0.29292929292929293,1.2498024336558968
30,0.30303030303030304,1.5125175885318272
31,0.31313131313131315,1.7778379163117926
32,0.32323232323232326,2.029197438360636
33,0.33333333333333337,2.2512552133555586
34,0.3434343434343435,2.4334315934021022
35,0.3535353535353536,2.5719211614936888
36,0.36363636363636365,2.668854031036579
37,0.37373737373737376,2.7291214070327054
38,0.38383838383838387,2.7571257341143416
39,0.393939393939394,2.7555950944894314
40,0.4040404040404041,2.7265974212637323
41,0.4141414141414142,2.6730378667212076
42,0.42424242424242425,2.599078998666121
43,0.43434343434343436,2.5095526420055374
44,0.4444444444444445,2.4094171768376063
45,0.4545454545454546,2.3037265085683765
46,0.4646464646464647,2.1975807707274417
47,0.4747474747474748,2.095494693179335
48,0.48484848484848486,2.0004240350361737
49,0.494949494949495,1.913255789421641
50,0.5050505050505051,1.8332883604820596
51,0.5151515151515152,1.7594157076247292
52,0.5252525252525253,1.6911229783668276
53,0.5353535353535354,1.6285313235503116
54,0.5454545454545455,1.5715017293770925
55,0.5555555555555556,1.5185821415405394
56,0.5656565656565657,1.466760686643696
57,0.5757575757575758,1.4124731735025116
58,0.5858585858585859,1.3534537017048947
59,0.595959595959596,1.2903520618521598
60,0.6060606060606061,1.2270371411996015
61,0.6161616161616162,1.1692185345524775
62,0.6262626262626263,1.121987308854423
63,0.6363636363636365,1.0875054767168273
64,0.6464646464646465,1.0640624620997154
65,0.6565656565656566,1.047076914156591
66,0.6666666666666667,1.0315654674029922
67,0.6767676767676768,1.0146320913919344
68,0.686868686868687,0.9963756543816307
69,0.696969696969697,0.9786186489813132
70,0.7070707070707072,0.9624457124650703
71,0.7171717171717172,0.9464931439632627
72,0.7272727272727273,0.927421788944871
73,0.7373737373737375,0.9023295686409908
74,0.7474747474747475,0.8712578983177014
75,0.7575757575757577,0.8377295003342718
76,0.7676767676767677,0.8067531872395961
77,0.7777777777777778,0.7817869197172398
78,0.787878787878788,0.7629435848919378
79,0.797979797979798,0.7475464986137486
80,0.8080808080808082,0.7322131783645154
81,0.8181818181818182,0.7147896564570758
82,0.8282828282828284,0.6951363350095947
83,0.8383838383838385,0.6748629953089444
84,0.8484848484848485,0.6565149220464563
85,0.8585858585858587,0.6425117096265627
86,0.8686868686868687,0.6340592384161602
87,0.8787878787878789,0.6304664923952934
88,0.888888888888889,0.6293146608395356
89,0.8989898989898991,0.6274708020960286
90,0.9090909090909092,0.6223816360900732
91,0.9191919191919192,0.6129081211592671
92,0.9292929292929294,0.5992138698653967
93,0.9393939393939394,0.5816836889952709
94,0.9494949494949496,0.559409114146064
95,0.9595959595959597,0.5292833061579731
96,0.9696969696969697,0.4867519092421699
97,0.9797979797979799,0.4283721473112942
98,0.98989898989899,0.3548725975095442
99,1.0,0.2725383810148172
