,x,y
0,0.0,1.064669771192983e-08
1,0.010101010101010102,6.926986437496472e-08
2,0.020202020202020204,3.9562896180515563e-07
3,0.030303030303030304,1.985336253312497e-06
4,0.04040404040404041,8.762701153356492e-06
5,0.05050505050505051,3.4061041075342534e-05
6,0.06060606060606061,0.00011678983488449094
7,0.07070707070707072,0.0003540106900489108
8,0.08080808080808081,0.0009513839436776658
9,0.09090909090909091,0.0022758820168718437
10,0.10101010101010102,0.00487256183172094
11,0.11111111111111112,0.009405023959365834
12,0.12121212121212122,0.01652411895665519
13,0.13131313131313133,0.02674205905015872
14,0.14141414141414144,0.04040986992089424
15,0.15151515151515152,0.05780451015398992
16,0.16161616161616163,0.07918969274506839
17,0.17171717171717174,0.10467437948254046
18,0.18181818181818182,0.13383207856552531
19,0.19191919191919193,0.16527166815228392
20,0.20202020202020204,0.19649882215128012
21,0.21212121212121213,0.2243531452245228
22,0.22222222222222224,0.2460180929847338
23,0.23232323232323235,0.260193866896833
24,0.24242424242424243,0.267781455327647
25,0.25252525252525254,0.2716038968246651
26,0.26262626262626265,0.2752285842765467
27,0.27272727272727276,0.2814915867282042
28,0.2828282828282829,0.2915208235372186
29,0.29292929292929293,0.3048025004736961
30,0.30303030303030304,0.3202391604775959
31,0.31313131313131315,0.337506132620379
32,0.32323232323232326,0.3577783868437964
33,0.33333333333333337,0.3833525943196442
34,0.3434343434343435,0.4165398471451702
35,0.3535353535353536,0.45872148935580825
36,0.36363636363636365,0.5101700695345883
37,0.37373737373737376,0.5704526761013193
38,0.38383838383838387,0.6387664343561943
39,0.393939393939394,0.7138504295431864
40,0.4040404040404041,0.7937567831267007
41,0.4141414141414142,0.8759671078224953
42,0.42424242424242425,0.9579192610652307
43,0.43434343434343436,1.0375610299117863
44,0.4444444444444445,1.1136253333332773
45,0.4545454545454546,1.1857024628047736
46,0.4646464646464647,1.2542627533721
47,0.4747474747474748,1.3205025310008525
48,0.48484848484848486,1.3857980399394032
49,0.494949494949495,1.4509011375542635
50,0.5050505050505051,1.515336989748352
51,0.5151515151515152,1.5773592031589143
52,0.5252525252525253,1.6344981298838421
53,0.5353535353535354,1.6845136712694562
54,0.5454545454545455,1.7263485943951067
55,0.5555555555555556,1.760464510925766
56,0.5656565656565657,1.7881465549987838
57,0.5757575757575758,1.810146702818629
58,0.5858585858585859,1.8257487316562109
59,0.595959595959596,1.8331783343914128
60,0.6060606060606061,1.8312720152025743
61,0.6161616161616162,1.8212703694663124
62,0.6262626262626263,1.8073295325681582
63,0.6363636363636365,1.7950967770343107
64,0.6464646464646465,1.7890263871077363
65,0.6565656565656566,1.7900834445577614
66,0.6666666666666667,1.7953177398915243
67,0.6767676767676768,1.799574489157156
68,0.686868686868687,1.7982342164003282
69,0.696969696969697,1.7892763927523982
70,0.7070707070707072,1.773517581569145
71,0.7171717171717172,1.7532216497766722
72,0.7272727272727273,1.7304079918162392
73,0.7373737373737375,1.7061319467936757
74,0.7474747474747475,1.6809046341360798
75,0.7575757575757577,1.6554372416794922
76,0.7676767676767677,1.6308859103326598
77,0.7777777777777778,1.6084174657834869
78,0.787878787878788,1.5884825331745238
79,0.797979797979798,1.5703813182900512
80,0.8080808080808082,1.5525257737953682
81,0.8181818181818182,1.5332951175755565
82,0.8282828282828284,1.5119172527855749
83,0.8383838383838385,1.4888368615720693
84,0.8484848484848485,1.4654625481323145
85,0.8585858585858587,1.4435415978629704
86,0.8686868686868687,1.4245003259751368
87,0.8787878787878789,1.409036517499898
88,0.888888888888889,1.3970987976644411
89,0.8989898989898991,1.3881353722506111
90,0.9090909090909092,1.381313284286364
91,0.9191919191919192,1.3754367821541107
92,0.9292929292929294,1.3684113393528121
93,0.9393939393939394,1.356211808835355
94,0.9494949494949496,1.3316479632230414
95,0.9595959595959597,1.2839562796333328
96,0.9696969696969697,1.200798758780647
97,0.9797979797979799,1.0734172165302176
98,0.98989898989899,0.9031185993692393
99,1.0,0.7047823506719552
