,x,y,pNG
0,0.0,0.9480875218640061,0.0
1,0.005025125628140704,0.9479540219400602,0.0
2,0.010050251256281407,0.9475607499604229,0.0
3,0.01507537688442211,0.9469289705043271,0.0
4,0.020100502512562814,0.9460927593309126,0.0
5,0.02512562814070352,0.9450970603130602,0.0
6,0.03015075376884422,0.9439951642214012,2.220446049250313e-16
7,0.035175879396984924,0.9428457855555161,1.1102230246251563e-15
8,0.04020100502512563,0.9417099346288458,7.549516567451064e-15
9,0.04522613065326633,0.9406477863146694,3.486100297322992e-14
10,0.05025125628140704,0.9397157351113572,1.383337888682945e-13
11,0.05527638190954774,0.9389638008050979,4.785061236134425e-13
12,0.06030150753768844,0.9384335133111559,1.4841461393189093e-12
13,0.06532663316582915,0.9381563630898481,4.199973702156966e-12
14,0.07035175879396985,0.9381528588105467,1.0992984300628448e-11
15,0.07537688442211056,0.9384321904711945,2.6898927529828146e-11
16,0.08040201005025126,0.9389924574467893,6.207279135139743e-11
17,0.08542713567839195,0.9398213899664158,1.3604450899151743e-10
18,0.09045226130653267,0.9408974717285922,2.8486080161371774e-10
19,0.09547738693467336,0.942191362328643,5.726588092613838e-10
20,0.10050251256281408,0.9436675212765898,1.1098912899853983e-09
21,0.10552763819095477,0.9452859494912887,2.0812813694703887e-09
22,0.11055276381909548,0.9470039863838967,3.7877010417020066e-09
23,0.11557788944723618,0.948778126418166,6.707588262599984e-09
24,0.12060301507537688,0.9505658425346235,1.1585287951199064e-08
25,0.12562814070351758,0.9523274188552693,1.955589989943718e-08
26,0.1306532663316583,0.9540277962835723,3.231887280019663e-08
27,0.135678391959799,0.9556384188084504,5.237580780192985e-08
28,0.1407035175879397,0.9571390357018985,8.335175805118665e-08
29,0.1457286432160804,0.9585193696129066,1.304238063104535e-07
30,0.15075376884422112,0.9597805110170556,2.0088598262635318e-07
31,0.15577889447236182,0.9609358567688021,3.048856501708386e-07
32,0.16080402010050251,0.9620113869390159,4.56373452140113e-07
33,0.1658291457286432,0.9630450807273714,6.743168279310653e-07
34,0.1708542713567839,0.9640853161885938,9.84236007472994e-07
35,0.17587939698492464,0.9651881809739211,1.4201313316419828e-06
36,0.18090452261306533,0.9664137362228861,2.0268817668700483e-06
37,0.18592964824120603,0.9678214099924788,2.8632065637301807e-06
38,0.19095477386934673,0.9694648314667553,4.005295189735136e-06
39,0.19597989949748745,0.9713865312067916,5.551224879773997e-06
40,0.20100502512562815,0.9736130053613774,7.626300381979868e-06
41,0.20603015075376885,0.9761506572818481,1.0389466603921704e-05
42,0.21105527638190955,0.9789830805412688,1.404096181234493e-05
43,0.21608040201005024,0.9820700350156483,1.8831396625285105e-05
44,0.22110552763819097,0.9853483046392103,2.5072462055297784e-05
45,0.22613065326633167,0.9887344324156492,3.314948808097462e-05
46,0.23115577889447236,0.9921291312982939,4.3536092309781615e-05
47,0.23618090452261306,0.9954229957979577,5.681117585598638e-05
48,0.24120603015075376,0.9985030124203282,7.367854016515629e-05
49,0.24623115577889448,1.0012593037819408,9.498941356755886e-05
50,0.25125628140703515,1.0035915481036226,0.00012176818921816324
51,0.2562814070351759,1.0054145885281578,0.0001552416859715855
52,0.2613065326633166,1.0066628713117984,0.00019687224973952144
53,0.2663316582914573,1.0072935071205646,0.00024839501389539714
54,0.271356783919598,1.007287910651173,0.0003118596320621503
55,0.2763819095477387,1.0066521165137696,0.0003896767836720771
56,0.2814070351758794,1.0054159742709752,0.00048466973030514277
57,0.2864321608040201,1.0036314807980644,0.0006001311670300603
58,0.2914572864321608,1.0013705109350257,0.0007398855655190718
59,0.2964824120603015,0.9987221641232862,0.0009083571420223092
60,0.30150753768844224,0.9957898694057763,0.0011106435004868411
61,0.3065326633165829,0.992688302842428,0.001352594895956072
62,0.31155778894472363,0.9895400906564381,0.0016408989323892784
63,0.3165829145728643,0.9864722169068193,0.0019831703484334273
64,0.32160804020100503,0.9836120396917587,0.002388045350483425
65,0.32663316582914576,0.9810828509497268,0.002865279720645764
66,0.3316582914572864,0.9789989895070982,0.0034258496541164085
67,0.33668341708542715,0.9774606245783344,0.004082053962641163
68,0.3417085427135678,0.9765484502292244,0.004847615915588244
69,0.34673366834170855,0.9763186490063483,0.005737782576480721
70,0.35175879396984927,0.9767985727485308,0.0067694190313284395
71,0.35678391959798994,0.9779836307797525,0.007961094399166924
72,0.36180904522613067,0.9798358561505751,0.009333155971870122
73,0.36683417085427134,0.9822845333568272,0.010907787261231872
74,0.37185929648241206,0.9852291194640701,0.012709045153906471
75,0.3768844221105528,0.9885444877465402,0.014762870813390228
76,0.38190954773869346,0.9920882899605612,0.017097068455051878
77,0.3869346733668342,0.9957099970993397,0.01974124569636193
78,0.3919597989949749,0.9992609681563325,0.02272670890008477
79,0.3969849246231156,1.002604739826718,0.02608630684242097
80,0.4020100502512563,1.0056266497390094,0.029854216217591656
81,0.40703517587939697,1.0082419158689453,0.0340656630069478
82,0.4120603015075377,1.010401398858974,0.03875657466706151
83,0.4170854271356784,1.01209446437596,0.04396315949513308
84,0.4221105527638191,1.0133486211456866,0.049721411466245535
85,0.4271356783919598,1.014225910219516,0.05606654133791822
86,0.4321608040201005,1.014816330445963,0.06303233788205452
87,0.4371859296482412,1.015228870795541,0.07065046668727748
88,0.44221105527638194,1.0155809515504366,0.07894971797521633
89,0.4472361809045226,1.0159872291131153,0.08795521912972826
90,0.45226130653266333,1.0165487779710107,0.09768763192004892
91,0.457286432160804,1.0173436233004307,0.1081623584180399
92,0.4623115577889447,1.0184194645570996,0.11938878302838417
93,0.46733668341708545,1.0197892194505642,0.13136958050521352
94,0.4723618090452261,1.021429751575503,0.1441001209619175
95,0.47738693467336685,1.0232838508577264,0.1575680023811027
96,0.4824120603015075,1.0252652425091624,0.1717527387756841
97,0.48743718592964824,1.0272661345233995,0.18662562784702966
98,0.49246231155778897,1.029166599045314,0.20214981580098268
99,0.49748743718592964,1.0308449365702153,0.21828056916742367
100,0.5025125628140703,1.03218810434795,0.2349657544500421
101,0.507537688442211,1.0331013048330477,0.2521465167880159
102,0.5125628140703518,1.0335159228183353,0.26975813921982283
103,0.5175879396984925,1.0333951610592902,0.2877310553166181
104,0.5226130653266332,1.032736938589255,0.3059919805741333
105,0.5276381909547738,1.0315738644560917,0.32446512257864146
106,0.5326633165829145,1.0299703606596646,0.3430734269796969
107,0.5376884422110553,1.0280172590217405,0.3617398158786821
108,0.542713567839196,1.0258244155962946,0.38038837731832265
109,0.5477386934673367,1.0235120534175017,0.3989454688605991
110,0.5527638190954774,1.0212016443625547,0.4173407043239209
111,0.5577889447236181,1.0190071638488876,0.4355078000548676
112,0.5628140703517588,1.0170274951283924,0.4533852650272802
113,0.5678391959798995,1.0153406279339978,0.4709169270004547
114,0.5728643216080402,1.0140001017353049,0.4880522944081132
115,0.577889447236181,1.0130339062784086,0.5047467601792219
116,0.5829145728643216,1.0124457959380766,0.5209616590310353
117,0.5879396984924623,1.0122187268264218,0.5366641937770232
118,0.592964824120603,1.0123199133427898,0.551827248834457
119,0.5979899497487438,1.0127068471967482,0.5664291104762944
120,0.6030150753768845,1.0133335438820534,0.5804531136023
121,0.6080402010050251,1.0141562876824226,0.5938872341031469
122,0.6130653266331658,1.0151382355169571,0.6067236444786309
123,0.6180904522613065,1.0162524016350545,0.6189582484633316
124,0.6231155778894473,1.0174827602103822,0.6305902082109183
125,0.628140703517588,1.018823445769969,0.6416214752632088
126,0.6331658291457286,1.0202762731722823,0.6520563342206792
127,0.6381909547738693,1.021847010418125,0.6619009658412491
128,0.6432160804020101,1.0235409930909278,0.6711630342953384
129,0.6482412060301508,1.0253587491820046,0.679851301540131
130,0.6532663316582915,1.027292296811725,0.6879752702635287
131,0.6582914572864321,1.0293226846818222,0.6955448555896078
132,0.6633165829145728,1.0314191766134166,0.7025700847191154
133,0.6683417085427136,1.03354025786311,0.7090608228798867
134,0.6733668341708543,1.035636390506625,0.7150265233553559
135,0.678391959798995,1.0376542009405558,0.7204759989167833
136,0.6834170854271356,1.0395415776351176,0.7254172116764129
137,0.6884422110552764,1.0412530205151238,0.7298570781782585
138,0.6934673366834171,1.0427545349995244,0.733801286425678
139,0.6984924623115578,1.0440274121326691,0.7372541214892109
140,0.7035175879396985,1.0450703761009923,0.7402182963274583
141,0.7085427135678392,1.0458997930969827,0.7426947844745945
142,0.7135678391959799,1.0465478913293755,0.7446826512918109
143,0.7185929648241206,1.0470592045815181,0.7461788805422188
144,0.7236180904522613,1.0474856833793018,0.7471781931305788
145,0.7286432160804021,1.0478810853637404,0.7476728549572064
146,0.7336683417085427,1.0482953364424212,0.7476524709825764
147,0.7386934673366834,1.04876953675068,0.7471037628083135
148,0.7437185929648241,1.0493321754008424,0.7460103273827712
149,0.7487437185929648,1.049996934478532,0.7443523748819951
150,0.7537688442211056,1.050762235549597,0.742106444463035
151,0.7587939698492463,1.0516124465789676,0.7392450975221717
152,0.7638190954773869,1.0525204589636246,0.7357365894316727
153,0.7688442211055276,1.053451192766119,0.7315445226273437
154,0.7738693467336684,1.0543655121548634,0.7266274865750821
155,0.7788944723618091,1.0552240383552878,0.7209386938140533
156,0.7839195979899498,1.0559904265294324,0.7144256262813014
157,0.7889447236180904,1.0566338069508572,0.7070297128680165
158,0.7939698492462312,1.0571302530830282,0.6986860681208962
159,0.7989949748743719,1.0574633005319585,0.6893233337323723
160,0.8040201005025126,1.0576236746444678,0.6788636795458769
161,0.8090452261306533,1.0576084709418287,0.6672230397853499
162,0.8140703517587939,1.0574200615746896,0.6543116834735379
163,0.8190954773869347,1.0570649733457356,0.6400352454858719
164,0.8241206030150754,1.0565529092875345,0.6242963755498581
165,0.8291457286432161,1.055895984412854,0.6069971945137906
166,0.8341708542713568,1.0551081389357269,0.5880427759526633
167,0.8391959798994975,1.054204600584755,0.5673458890044445
168,0.8442211055276382,1.0532012092242395,0.5448332332234866
169,0.8492462311557789,1.0521134027782475,0.5204533509071371
170,0.8542713567839196,1.0509546962309233,0.4941862941991742
171,0.8592964824120604,1.0497345600655057,0.4660549273956464
172,0.864321608040201,1.0484557092022784,0.43613743565287655
173,0.8693467336683417,1.0471109325504306,0.4045801792333803
174,0.8743718592964824,1.0456797098211563,0.3716094969763633
175,0.8793969849246231,1.0441249609956071,0.33754049391353225
176,0.8844221105527639,1.0423903431585626,0.3027803836903397
177,0.8894472361809045,1.0403985421723791,0.2678238018503152
178,0.8944723618090452,1.0380509999528014,0.23323789751017565
179,0.8994974874371859,1.0352294719153432,0.19963613235643365
180,0.9045226130653267,1.0317997246821913,0.16764157775709798
181,0.9095477386934674,1.0276175623252266,0.13784283067831282
182,0.914572864321608,1.0225372105053023,0.11074789201271662
183,0.9195979899497487,1.0164218923276547,0.0867427268022195
184,0.9246231155778895,1.0091562006719221,0.06606113519491362
185,0.9296482412060302,1.0006596181987724,0.04877081983731424
186,0.9346733668341709,0.9909002762864753,0.034777543246586114
187,0.9396984924623115,0.9799078067158369,0.023845896092320015
188,0.9447236180904522,0.9677839637545056,0.01563241741503818
189,0.949748743718593,0.9547096236334113,0.009725299483936745
190,0.9547738693467337,0.9409468453001568,0.005684835019158285
191,0.9597989949748744,0.9268349307228929,0.0030798082938461317
192,0.964824120603015,0.9127798626645945,0.0015166329420850386
193,0.9698492462311558,0.899237100605244,0.0006596546314946439
194,0.9748743718592965,0.886688426419199,0.0002423165238953917
195,0.9798994974874372,0.8756142664588444,6.972449989328666e-05
196,0.9849246231155779,0.866463573258076,1.3643579832356426e-05
197,0.9899497487437187,0.859623823222214,1.321543143473214e-06
198,0.9949748743718593,0.8553938881352042,2.299478685241496e-08
199,1.0,0.8539624143796296,0.0
