,x,y,pNG
0,0.0,0.9526012214926856,0.12533111851005752
1,0.005025125628140704,0.9526446768162132,0.12515540962561222
2,0.010050251256281407,0.9527668842985823,0.1249781500566417
3,0.01507537688442211,0.9529442869340694,0.12479932818649064
4,0.020100502512562814,0.9531405689454809,0.12461893296737915
5,0.02512562814070352,0.9533106872355419,0.12443695397445895
6,0.03015075376884422,0.9534057999096417,0.12425338145851585
7,0.035175879396984924,0.9533785041795703,0.12406820639699535
8,0.04020100502512563,0.9531877857417937,0.12388142054303285
9,0.04522613065326633,0.9528031515666008,0.12369301647220945
10,0.05025125628140704,0.952207552729339,0.12350298762673405
11,0.05527638190954774,0.9513988792179173,0.12331132835682103
12,0.06030150753768844,0.9503899960545272,0.1231180339589969
13,0.06532663316582915,0.9492074619197124,0.12292310071116595
14,0.07035175879396985,0.9478892054003802,0.12272652590422704
15,0.07537688442211056,0.9464815159216653,0.12252830787009028
16,0.08040201005025126,0.9450357317337129,0.12232844600604753
17,0.08542713567839195,0.9436049802085017,0.12212694079534304
18,0.09045226130653267,0.9422412572111455,0.1219237938239991
19,0.09547738693467336,0.9409930376183457,0.12171900779393485
20,0.10050251256281408,0.9399035046346718,0.12151258653245768
21,0.10552763819095477,0.9390093867589323,0.12130453499835248
22,0.11055276381909548,0.9383403106121324,0.1210948592848652
23,0.11557788944723618,0.9379185241120118,0.12088356661995835
24,0.12060301507537688,0.9377588223043126,0.12067066536440985
25,0.12562814070351758,0.9378685181067147,0.12045616500843292
26,0.1306532663316583,0.9382473390453708,0.1202400761677177
27,0.135678391959799,0.938887192094243,0.12002241057999675
28,0.1407035175879397,0.9397718123962133,0.11980318110348898
29,0.1457286432160804,0.940876386305091,0.1195824017189202
30,0.15075376884422112,0.9421673023019157,0.11936008753706615
31,0.15577889447236182,0.9436022230865375,0.1191362548142778
32,0.16080402010050251,0.9451306792735581,0.1189109209787792
33,0.1658291457286432,0.946695354780819,0.11868410467114188
34,0.1708542713567839,0.9482341671103968,0.11845582580279435
35,0.17587939698492464,0.949683149515222,0.1182261056371522
36,0.18090452261306533,0.9509800294394519,0.1179949668986211
37,0.18592964824120603,0.9520682854428982,0.11776243391542572
38,0.19095477386934673,0.9529013710566894,0.11752853280320265
39,0.19597989949748745,0.9534467346189041,0.11729329169701475
40,0.20100502512562815,0.9536892500105908,0.11705674104058085
41,0.20603015075376885,0.9536337080556151,0.11681891394243205
42,0.21105527638190955,0.9533060978475312,0.11657984660985075
43,0.21608040201005024,0.9527535198461706,0.1163395788725864
44,0.22110552763819097,0.9520427015851226,0.11609815480945407
45,0.22613065326633167,0.9512572136529546,0.1158556234922622
46,0.23115577889447236,0.9504935911675465,0.1156120398625594
47,0.23618090452261306,0.9498566416753024,0.1153674657580489
48,0.24120603015075376,0.9494542581528479,0.1151219711066208
49,0.24623115577889448,0.9493920564391573,0.11487563530711398
50,0.25125628140703515,0.9497681269342291,0.11462854881696805
51,0.2562814070351759,0.9506681417470781,0.11438081496789175
52,0.2613065326633166,0.9521610029886052,0.11413255203147656
53,0.2663316582914573,0.9542951665783962,0.11388389555729815
54,0.271356783919598,0.9570957363331999,0.11363500100649936
55,0.2763819095477387,0.9605623982250281,0.11338604670395536
56,0.2814070351758794,0.9646682529539614,0.1131372371320074
57,0.2864321608040201,0.9693596011794997,0.11288880658817445
58,0.2914572864321608,0.9745567327426788,0.11264102322838533
59,0.2964824120603015,0.980155761761022,0.11239419351578904
60,0.30150753768844224,0.986031527982053,0.11214866709333073
61,0.3065326633165829,0.9920415484062122,0.11190484209570706
62,0.31155778894472363,0.9980309523439905,0.11166317091314236
63,0.3165829145728643,1.0038382711671754,0.11142416641552877
64,0.32160804020100503,1.0093018867112276,0.11118840864076962
65,0.32663316582914576,1.0142668764681289,0.11095655194568088
66,0.3316582914572864,1.0185919364565423,0.1107293326113018
67,0.33668341708542715,1.022156020434812,0.11050757688713576
68,0.3417085427135678,1.024864312283251,0.11029220945039253
69,0.34673366834170855,1.026653150948566,0.11008426224684564
70,0.35175879396984927,1.0274935569608048,0.10988488366936576
71,0.35678391959798994,1.0273930674056824,0.10969534801851323
72,0.36180904522613067,1.026395671922704,0.10951706517674598
73,0.36683417085427134,1.0245797533068393,0.10935159041393172
74,0.37185929648241206,1.0220540675466694,0.10920063422684534
75,0.3768844221105528,1.0189519415401838,0.10906607209932496
76,0.38190954773869346,1.0154240110756065,0.10894995405287576
77,0.3869346733668342,1.0116299531159745,0.1088545138397854
78,0.3919597989949749,1.0077297697801753,0.10878217761253528
79,0.3969849246231156,1.003875242044086,0.10873557188463034
80,0.4020100502512563,1.0002021774522447,0.10871753057917456
81,0.40703517587939697,0.9968240217891602,0.10873110094304883
82,0.4120603015075377,0.9938272907734316,0.10877954808671796
83,0.4170854271356784,0.9912691136591433,0.10886635789297183
84,0.4221105527638191,0.9891769831238534,0.10899523802302813
85,0.4271356783919598,0.9875505977472865,0.10917011673571808
86,0.4321608040201005,0.986365490144268,0.10939513922597832
87,0.4371859296482412,0.9855779796087565,0.1096746611831072
88,0.44221105527638194,0.9851308920735301,0.1100132392681622
89,0.4472361809045226,0.9849594631802281,0.11041561821425283
90,0.45226130653266333,0.9849968831282648,0.11088671426440078
91,0.457286432160804,0.9851790454208043,0.11143159467965902
92,0.4623115577889447,0.9854482078392727,0.11205545307647324
93,0.46733668341708545,0.9857554397313789,0.1127635803874426
94,0.4723618090452261,0.9860618903006625,0.11356133128421694
95,0.47738693467336685,0.9863390459480025,0.11445408595608042
96,0.4824120603015075,0.9865682347725819,0.11544720720254242
97,0.48743718592964824,0.9867396752475932,0.11654599287345345
98,0.49246231155778897,0.9868513548303903,0.117755623774926
99,0.49748743718592964,0.9869079716801578,0.11908110725319955
100,0.5025125628140703,0.9869200931174031,0.12052721677006205
101,0.507537688442211,0.9869035948183792,0.12209842789098245
102,0.5125628140703518,0.9868793611014388,0.12379885121833545
103,0.5175879396984925,0.9868731616745352,0.12563216291441948
104,0.5226130653266332,0.9869155813057187,0.12760153356923798
105,0.5276381909547738,0.9870418677305393,0.12970955627252634
106,0.5326633165829145,0.9872915762978373,0.13195817484470873
107,0.5376884422110553,0.9877079204060334,0.13434861326305114
108,0.542713567839196,0.988336776209225,0.1368813073834806
109,0.5477386934673367,0.9892253303898165,0.13955584010144073
110,0.5527638190954774,0.9904203950849091,0.1423708811131864
111,0.5577889447236181,0.991966441294508,0.1453241324295086
112,0.5628140703517588,0.993903421177282,0.14841228075456006
113,0.5678391959798995,0.9962644626393548,0.15163095777250968
114,0.5728643216080402,0.9990735296695459,0.1549747092838224
115,0.577889447236181,1.002343151856597,0.15843697400270595
116,0.5829145728643216,1.006072337999193,0.16201007266985767
117,0.5879396984924623,1.0102448012846201,0.16568520795418973
118,0.592964824120603,1.014827634711898,0.1694524754185429
119,0.5979899497487438,1.019770581229092,0.17330088561364154
120,0.6030150753768845,1.02500603868591,0.17721839714846155
121,0.6080402010050251,1.0304499207934366,0.1811919603710369
122,0.6130653266331658,1.036003458920198,0.18520757108933072
123,0.6180904522613065,1.041555975167961,0.1892503335740391
124,0.6231155778894473,1.0469885870555307,0.19330453192140215
125,0.628140703517588,1.052178723510475,0.19735370872003188
126,0.6331658291457286,1.0570052484597559,0.20138074986659396
127,0.6381909547738693,1.0613539115179014,0.20536797431433074
128,0.6432160804020101,1.0651227849872686,0.2092972275184716
129,0.6482412060301508,1.0682273116405718,0.21314997736388666
130,0.6532663316582915,1.0706045853809771,0.21690741142250247
131,0.6582914572864321,1.0722165203708318,0.22055053448866524
132,0.6633165829145728,1.073051633032714,0.22406026547646585
133,0.6683417085427136,1.0731252606599886,0.22741753292995426
134,0.6733668341708543,1.072478161599099,0.2306033685893444
135,0.678391959798995,1.0711735735899897,0.233598998668879
136,0.6834170854271356,1.0692929358984349,0.23638593272802666
137,0.6884422110552764,1.0669305944704834,0.23894605025154825
138,0.6934673366834171,1.0641878962427946,0.2412616852891576
139,0.6984924623115578,1.0611671305899883,0.2433157097357681
140,0.7035175879396985,1.0579657879924822,0.24509161605291385
141,0.7085427135678392,1.0546715776265538,0.2465736004344138
142,0.7135678391959799,1.0513585797149012,0.24774664759887066
143,0.7185929648241206,1.0480848112909513,0.2485966185414891
144,0.7236180904522613,1.0448913640551272,0.24911034269116986
145,0.7286432160804021,1.0418031402794707,0.2492757159882157
146,0.7336683417085427,1.0388310779999115,0.2490818064137271
147,0.7386934673366834,1.0359756307624184,0.24851896845498844
148,0.7437185929648241,1.0332311600471809,0.2475789678683956
149,0.7487437185929648,1.0305908190178592,0.24625511789090335
150,0.7537688442211056,1.028051461408483,0.2445424277363064
151,0.7587939698492463,1.0256181036935903,0.24243776377850726
152,0.7638190954773869,1.0233075037150987,0.2399400232529377
153,0.7688442211055276,1.0211504927992763,0.2370503195834825
154,0.7738693467336684,1.019192805702697,0.2337721775514936
155,0.7788944723618091,1.0174942847878992,0.2301117354564768
156,0.7839195979899498,1.016126480264735,0.22607795017285534
157,0.7889447236180904,1.0151688140331927,0.22168279959380788
158,0.7939698492462312,1.0147036070140292,0.21694147539682795
159,0.7989949748743719,1.0148103760680856,0.2118725574130479
160,0.8040201005025126,1.0155598760015474,0.2064981592052149
161,0.8090452261306533,1.017008387250304,0.2008440328596801
162,0.8140703517587939,1.0191927271526082,0.194939619610122
163,0.8190954773869347,1.022126393255244,0.1888180319019902
164,0.8241206030150754,1.025797136445443,0.1825159520720826
165,0.8291457286432161,1.0301661198022665,0.17607343317081306
166,0.8341708542713568,1.0351686595941951,0.1695335888117271
167,0.8391959798994975,1.0407163842342673,0.16294216148824936
168,0.8442211055276382,1.0467005030184613,0.15634696269461812
169,0.8492462311557789,1.0529957665282565,0.1497971834834172
170,0.8542713567839196,1.0594646397475123,0.1433425807208546
171,0.8592964824120604,1.0659612079368141,0.13703255204532394
172,0.864321608040201,1.0723343986586211,0.13091512100491332
173,0.8693467336683417,1.078430228097738,0.12503586248435938
174,0.8743718592964824,1.0840929550098233,0.11943680662398724
175,0.8793969849246231,1.0891652327330203,0.11415536618348955
176,0.8844221105527639,1.0934875641229131,0.10922333690199904
177,0.8894472361809045,1.0968975577778308,0.10466602213240496
178,0.8944723618090452,1.0992296277266236,0.10050153135718733
179,0.8994974874371859,1.1003158469833423,0.09674029688777784
180,0.9045226130653267,1.0999886384884956,0.09338484422211757
181,0.9095477386934674,1.0980858547530166,0.09042983966160399
182,0.914572864321608,1.0944585614317812,0.08786242466728755
183,0.9195979899497487,1.088981514459113,0.08566283109420503
184,0.9246231155778895,1.0815659327230045,0.0838052560069793
185,0.9296482412060302,1.072173757776936,0.08225896032641611
186,0.9346733668341709,1.0608322070222238,0.08098954298003336
187,0.9396984924623115,1.0476471199956183,0.07996033214943754
188,0.9447236180904522,1.032813420490037,0.07913382793555679
189,0.949748743718593,1.016621013683416,0.07847312634076997
190,0.9547738693467337,0.999454635253319,0.07794325277116987
191,0.9597989949748744,0.9817865745328082,0.07751233416656977
192,0.964824120603015,0.9641617852990954,0.0771525424385342
193,0.9698492462311558,0.9471756267891996,0.07684074860983857
194,0.9748743718592965,0.9314452696243716,0.07655883797161889
195,0.9798994974874372,0.9175765640652843,0.07629365352868599
196,0.9849246231155779,0.906128802357213,0.07603656066154085
197,0.9899497487437187,0.8975802212760797,0.07578266386546995
198,0.9949748743718593,0.8922972158171238,0.07552976114480614
199,1.0,0.8905100352496365,0.07527719885202377
