,x,y,pNG
0,0.0,1.2895602570498316e-132,
1,0.6030150753768844,3.5803694036056406e-126,
2,1.2060301507537687,6.761471577992696e-120,
3,1.809045226130653,8.685240442444697e-114,
4,2.4120603015075375,7.588391830907044e-108,
5,3.015075376884422,4.50967255450744e-102,
6,3.618090452261306,1.8229205477083402e-96,
7,4.221105527638191,5.01208123072228e-91,
8,4.824120603015075,9.373382109535369e-86,
9,5.427135678391959,1.1923471961273927e-80,0.0
10,6.030150753768844,1.0316629202517383e-75,0.0
11,6.633165829145728,6.071587769345859e-71,0.0
12,7.236180904522612,2.430508305383768e-66,0.0
13,7.839195979899497,6.6179544917169706e-62,0.0
14,8.442211055276381,1.2257005872505667e-57,0.0
15,9.045226130653266,1.5441235092750466e-53,0.0
16,9.64824120603015,1.3231868220001557e-49,0.0
17,10.251256281407034,7.712732988071488e-46,0.002585978907965081
18,10.854271356783919,3.058108702261798e-42,0.013500177316229768
19,11.457286432160803,8.248384895413738e-39,0.0339219475192768
20,12.060301507537687,1.5134798815955636e-35,0.08226461533642426
21,12.663316582914572,1.8893223117407257e-32,0.18418044839459854
22,13.266331658291456,1.6047274551276985e-29,0.3192006451881578
23,13.86934673366834,9.275295336652777e-27,0.3684109576405018
24,14.472361809045225,3.649074537748521e-24,0.3605660589044857
25,15.07537688442211,9.774884916727997e-22,0.3520987329421602
26,15.678391959798994,1.783745710790544e-19,0.3438358482797802
27,16.281407035175878,2.219098034951936e-17,0.3358285822525192
28,16.884422110552762,1.8842695354696904e-15,0.3281231460832621
29,17.487437185929647,1.0939460473395059e-13,0.3208209068187877
30,18.09045226130653,4.35413610604615e-12,0.3143186594439993
31,18.693467336683415,1.1930124760658803e-10,0.30892682649333697
32,19.2964824120603,2.2643289103602426e-09,0.3050302149174896
33,19.899497487437184,3.005206812806464e-08,0.3015362444012054
34,20.50251256281407,2.828119271193151e-07,0.2969878490934831
35,21.105527638190953,1.9253979347109924e-06,0.2896708418122551
36,21.708542713567837,9.750850144446431e-06,0.2783271426515802
37,22.31155778894472,3.8108981799575363e-05,0.2635294068171098
38,22.914572864321606,0.00012016469841541366,0.24702024562481886
39,23.51758793969849,0.00032003296043422953,0.22992760889191746
40,24.120603015075375,0.0007468723553297902,0.2132596679617066
41,24.72361809045226,0.001562195272598104,0.19729327143164388
42,25.326633165829143,0.002968491453646153,0.1819333553905496
43,25.929648241206028,0.005169704779645356,0.1670245988181004
44,26.532663316582912,0.008274922574271312,0.15267749466664882
45,27.135678391959797,0.012184435011558671,0.13884866635146975
46,27.73869346733668,0.01664303316863291,0.12579082469666036
47,28.341708542713565,0.021485682942256036,0.1136895223277362
48,28.94472361809045,0.0267507629575012,0.10268306038132002
49,29.547738693467334,0.03248975564005277,0.09284806176755178
50,30.15075376884422,0.03863119455624632,0.0843358969516429
51,30.753768844221103,0.045076039006379666,0.07712171866661753
52,31.356783919597987,0.05158073498242163,0.07134755190352893
53,31.95979899497487,0.0575768102902888,0.06718080061879195
54,32.562814070351756,0.0625189135270065,0.06466491059792245
55,33.16582914572864,0.06623093052889893,0.06384844133919376
56,33.768844221105525,0.06875399317218245,0.06480094726227825
57,34.37185929648241,0.0701725469261489,0.06751261973709377
58,34.97487437185929,0.07056504120572994,0.07202041613581311
59,35.577889447236174,0.06990243931847696,0.07852724613247153
60,36.18090452261306,0.06811657185672222,0.0873614688297466
61,36.78391959798995,0.06545177863883168,0.09825118343759842
62,37.38693467336683,0.06250411560130033,0.111998208856793
63,37.98994974874371,0.05969674340796814,0.1285521381644471
64,38.5929648241206,0.05699633466247345,0.14870244801206545
65,39.19597989949749,0.054215736521666134,0.17234963992201147
66,39.79899497487437,0.051264037095571334,0.20072277591210508
67,40.40201005025125,0.04808889783340543,0.2326339262303724
68,41.00502512562814,0.04469275336287677,0.2676376011139616
69,41.608040201005025,0.04122881480991476,0.3047715148036787
70,42.211055276381906,0.03789744708767207,0.3435786099219493
71,42.81407035175879,0.03481067785138102,0.3853344221166149
72,43.417085427135675,0.031971149739848895,0.4268248674511882
73,44.02010050251256,0.02921542287000785,0.4698677793086414
74,44.62311557788944,0.026302321432878917,0.5154895314171577
75,45.226130653266324,0.023222392317208705,0.5575343020990238
76,45.82914572864321,0.020249559909699524,0.5990551468049039
77,46.4321608040201,0.017658814651915378,0.6373216969278366
78,47.03517587939698,0.015526444665081832,0.6751374039059331
79,47.63819095477386,0.013728708053436567,0.7121530786733851
80,48.24120603015075,0.01208405415478505,0.7459151192511393
81,48.84422110552764,0.01055214497965081,0.7774558144066097
82,49.44723618090452,0.009261053156404969,0.806520935173375
83,50.0502512562814,0.008302619360670612,0.8326942302538363
84,50.65326633165829,0.007548582168250899,0.8576555893841482
85,51.256281407035175,0.006771575734686318,0.8796588219362034
86,51.859296482412056,0.005937957451131697,0.8988453301127746
87,52.46231155778894,0.005230090107757867,0.9154264301414432
88,53.065326633165824,0.004789561221531592,0.9285890504258892
89,53.66834170854271,0.004565858361289849,0.9407791462948659
90,54.27135678391959,0.004403377742282395,0.9511279838786804
91,54.874371859296474,0.0041798565147095285,0.960536157003672
92,55.47738693467336,0.003854823544266083,0.966558707380048
93,56.08040201005025,0.0034715434847019805,0.9728791287385014
94,56.68341708542713,0.0031203608124299987,0.977472188126228
95,57.28643216080401,0.002849233132094262,0.9818743700105974
96,57.8894472361809,0.0026258493250428602,0.9849552157848732
97,58.49246231155779,0.0023950108964642496,0.9876708106632632
98,59.09547738693467,0.0021366223087519636,0.9896342780618672
99,59.69849246231155,0.0018714951430762144,0.991462220054917
100,60.30150753768844,0.0016372500201333217,0.9929802293963674
101,60.904522613065325,0.0014552626720528098,0.9940370486403466
102,61.507537688442206,0.0013249545227805512,0.9947934741266024
103,62.110552763819086,0.0012503563372374344,0.9955967443114208
104,62.713567839195974,0.0012248037145230885,0.9963721774570484
105,63.31658291457286,0.0011957661438653333,0.9969213245255326
106,63.91959798994974,0.0011176232582200748,0.9973122737599529
107,64.52261306532662,0.0010253370943428687,0.9976626783842416
108,65.12562814070351,0.0009903349898801044,0.9980050667826634
109,65.7286432160804,0.0010193031935386754,0.9983363374735588
110,66.33165829145727,0.001041825624299045,0.9985897121555004
111,66.93467336683416,0.0009851935120871115,0.9988126300677572
112,67.53768844221105,0.0008404248000111836,0.9989245979026278
113,68.14070351758794,0.0006641882419369657,0.9991566724801842
114,68.74371859296483,0.0005263158820810674,0.999277713695395
115,69.3467336683417,0.00046098931758096063,0.9993867034894122
116,69.94974874371859,0.0004592978517427874,0.9994516302587084
117,70.55276381909547,0.0004795854559044118,0.9995181835825536
118,71.15577889447235,0.00046579014639527275,0.999542518911558
119,71.75879396984924,0.0003891053185318343,0.9996022874241656
120,72.36180904522612,0.0002709606704120888,0.9996066758244726
121,72.96482412060301,0.000155181787856071,0.9996336787104304
122,73.5678391959799,7.282952310428927e-05,0.9996447217671668
123,74.17085427135677,3.266183902837928e-05,0.9996498167775171
124,74.77386934673366,2.9593211232403323e-05,0.9996538596004352
125,75.37688442211055,5.279404399096262e-05,0.9996845597269745
126,75.97989949748742,8.332254751546518e-05,0.9996929732001444
127,76.58291457286431,9.755532523357817e-05,0.9996954881189823
128,77.1859296482412,8.708148569812214e-05,0.9997556550970618
129,77.78894472361809,6.554462098477794e-05,0.9999130981292907
130,78.39195979899498,4.964832329440011e-05,0.9999180487738458
131,78.99497487437185,4.554041444412724e-05,0.9999219837765814
132,79.59798994974874,4.9264547861754594e-05,0.9999402271325668
133,80.20100502512562,4.966210468848426e-05,0.99994741776928
134,80.8040201005025,3.8949033102815e-05,0.9999512070627551
135,81.40703517587939,2.2062684346636918e-05,0.9999619245442796
136,82.01005025125627,8.797979648273416e-06,0.9999658301204141
137,82.61306532663316,2.445359955321325e-06,0.9999694853981256
138,83.21608040201005,4.7116171574246325e-07,0.9999726886782132
139,83.81909547738692,6.267802351416744e-08,0.9999756790217249
140,84.42211055276381,5.7376972170832195e-09,0.9999782778252146
141,85.0251256281407,3.604516703891387e-10,0.9999828363536494
142,85.62814070351757,1.550553757927722e-11,0.9999850611555962
143,86.23115577889446,4.559416335722063e-13,0.999987106445656
144,86.83417085427135,9.152576400848217e-15,0.9999888573670892
145,87.43718592964824,1.2530282665510218e-16,0.9999904221105668
146,88.04020100502512,1.1690811731564948e-18,0.9999918489461
147,88.643216080402,7.429544982587018e-21,0.9999930459869476
148,89.24623115577889,3.214727460494777e-23,0.9999940767140856
149,89.84924623115577,9.468207537573053e-26,0.9999949986651075
150,90.45226130653265,1.8977736974976906e-28,0.9999958278429184
151,91.05527638190954,2.5882742793418533e-31,0.9999965102603317
152,91.65829145728642,2.4017041268561553e-34,0.9999971092090366
153,92.26130653266331,1.5161392927090897e-37,0.9999976109291896
154,92.8643216080402,6.510966547797983e-41,0.9999980506482068
155,93.46733668341707,1.9020487757761983e-44,0.9999984070194944
156,94.07035175879396,3.779684292607536e-48,0.9999986966522272
157,94.67336683417085,5.109029400327147e-52,0.9999989401579188
158,95.27638190954772,4.697470433363228e-56,0.9999991376472176
159,95.87939698492461,2.9378392676346966e-60,0.9999993038652076
160,96.4824120603015,1.249761499794652e-64,0.99999944299943
161,97.08542713567839,3.616255472472289e-69,0.9999995570450008
162,97.68844221105527,7.117414926169203e-74,0.9999996476800244
163,98.29145728643215,9.528302038838128e-79,0.9999997214058484
164,98.89447236180904,8.676367910436296e-84,0.9999997797164736
165,99.49748743718592,5.37389304020349e-89,0.9999998269564752
166,100.1005025125628,2.2639574657549245e-94,0.9999998641329392
167,100.70351758793969,6.487470383282686e-100,0.9999998936517678
168,101.30653266331657,1.2644747856447769e-105,0.9999999170475808
169,101.90954773869346,1.6763799686043183e-111,0.9999999355245344
170,102.51256281407035,1.5116879213892451e-117,0.9999999502145228
171,103.11557788944722,9.272121933139816e-124,0.9999999615823068
172,103.71859296482411,3.86832877881042e-130,0.9999999705524596
173,104.321608040201,1.0977282363858726e-136,0.999999977408596
174,104.92462311557787,2.118817128330996e-143,0.9999999828515836
175,105.52763819095476,2.781757555749479e-150,0.9999999869956138
176,106.13065326633165,2.4841180142461912e-157,0.9999999903002158
177,106.73366834170854,1.5088716822137292e-164,0.9999999926281664
178,107.33668341708542,6.233895528795659e-172,0.9999999944901076
179,107.9396984924623,1.7518376438095877e-179,0.9999999958829449
180,108.54271356783919,3.348538583174679e-187,0.999999996908535
181,109.14572864321607,4.353553405197471e-195,0.9999999976648252
182,109.74874371859295,3.849989623945235e-203,0.9999999982937936
183,110.35175879396984,2.3158069560957796e-211,0.999999998745475
184,110.95477386934672,9.474848194919444e-220,0.9999999991010828
185,111.55778894472361,2.6367519593525738e-228,0.9999999993469078
186,112.1608040201005,4.991067051756629e-237,0.9999999995178009
187,112.76381909547737,6.426057998901559e-246,0.9999999996524364
188,113.36683417085426,5.627596968261657e-255,0.9999999997522412
189,113.96984924623115,3.3521885797784446e-264,0.9999999998203628
190,114.57286432160802,1.3581914945425338e-273,0.9999999998694008
191,115.17587939698491,3.7430073475222888e-283,0.9999999999072636
192,115.7788944723618,7.016288878072443e-293,0.9999999999335344
193,116.38190954773869,8.945844660263966e-303,0.9999999999531044
194,116.98492462311557,7.75822467276e-313,0.9999999999664094
195,117.58793969849245,4.4e-323,0.99999999997658
196,118.19095477386934,0.0,0.9999999999837672
197,118.79396984924622,0.0,0.999999999988682
198,119.3969849246231,0.0,0.99999999999207
199,120.0,0.0,0.9999999999944272
