,x,y,pNG
0,0.0,1.6903605264435944,0.12533111851005752
1,0.005025125628140704,1.690150167224769,0.12515540962561222
2,0.010050251256281407,1.6895238921373297,0.1249781500566417
3,0.01507537688442211,1.6884957044327178,0.12479932818649064
4,0.020100502512562814,1.687087654240703,0.12461893296737915
5,0.02512562814070352,1.6853281020532127,0.12443695397445895
6,0.03015075376884422,1.6832496398931545,0.12425338145851585
7,0.035175879396984924,1.6808869375564368,0.12406820639699535
8,0.04020100502512563,1.6782747588016669,0.12388142054303285
9,0.04522613065326633,1.67544632852324,0.12369301647220945
10,0.05025125628140704,1.6724321433801947,0.12350298762673405
11,0.05527638190954774,1.6692592256862293,0.12331132835682103
12,0.06030150753768844,1.665950743169339,0.1231180339589969
13,0.06532663316582915,1.6625258696277703,0.12292310071116595
14,0.07035175879396985,1.6589997496070483,0.12272652590422704
15,0.07537688442211056,1.6553834515801789,0.12252830787009028
16,0.08040201005025126,1.6516838394884892,0.12232844600604753
17,0.08542713567839195,1.6479033488885726,0.12212694079534304
18,0.09045226130653267,1.644039708021487,0.1219237938239991
19,0.09547738693467336,1.640085685109394,0.12171900779393485
20,0.10050251256281408,1.6360289645861295,0.12151258653245768
21,0.10552763819095477,1.6318522548418501,0.12130453499835248
22,0.11055276381909548,1.6275337102401122,0.1210948592848652
23,0.11557788944723618,1.6230477148918927,0.12088356661995835
24,0.12060301507537688,1.618366030274777,0.12067066536440985
25,0.12562814070351758,1.6134592588337449,0.12045616500843292
26,0.1306532663316583,1.6082985267144037,0.1202400761677177
27,0.135678391959799,1.6028572463266506,0.12002241057999675
28,0.1407035175879397,1.5971127892011159,0.11980318110348898
29,0.1457286432160804,1.5910478870400946,0.1195824017189202
30,0.15075376884422112,1.584651588297456,0.11936008753706615
31,0.15577889447236182,1.5779196308798145,0.1191362548142778
32,0.16080402010050251,1.5708541466836492,0.1189109209787792
33,0.1658291457286432,1.5634626842438792,0.11868410467114188
34,0.1708542713567839,1.5557566113679635,0.11845582580279435
35,0.17587939698492464,1.5477490277199324,0.1182261056371522
36,0.18090452261306533,1.539452366088638,0.1179949668986211
37,0.18592964824120603,1.5308758826502882,0.11776243391542572
38,0.19095477386934673,1.5220232294810045,0.11752853280320265
39,0.19597989949748745,1.5128902727859332,0.11729329169701475
40,0.20100502512562815,1.5034632797273662,0.11705674104058085
41,0.20603015075376885,1.4937175600132548,0.11681891394243205
42,0.21105527638190955,1.4836166283424144,0.11657984660985075
43,0.21608040201005024,1.4731119568141124,0.1163395788725864
44,0.22110552763819097,1.462143409576203,0.11609815480945407
45,0.22613065326633167,1.4506404827382438,0.1158556234922622
46,0.23115577889447236,1.4385244914985447,0.1156120398625594
47,0.23618090452261306,1.425711832642791,0.1153674657580489
48,0.24120603015075376,1.4121183883268675,0.1151219711066208
49,0.24623115577889448,1.3976650217428166,0.11487563530711398
50,0.25125628140703515,1.382283956891286,0.11462854881696805
51,0.2562814070351759,1.3659256576279823,0.11438081496789175
52,0.2613065326633166,1.348565659889517,0.11413255203147656
53,0.2663316582914573,1.3302107026320067,0.11388389555729815
54,0.271356783919598,1.3109034783710667,0.11363500100649936
55,0.2763819095477387,1.2907253998441568,0.11338604670395536
56,0.2814070351758794,1.2697969524491652,0.1131372371320074
57,0.2864321608040201,1.2482754499849862,0.11288880658817445
58,0.2914572864321608,1.2263502951484053,0.11264102322838533
59,0.2964824120603015,1.2042361194585776,0.11239419351578904
60,0.30150753768844224,1.1821643947441387,0.11214866709333073
61,0.3065326633165829,1.1603742361035707,0.11190484209570706
62,0.31155778894472363,1.1391031383173555,0.11166317091314236
63,0.3165829145728643,1.118578308604199,0.11142416641552877
64,0.32160804020100503,1.0990091015710208,0.11118840864076962
65,0.32663316582914576,1.080580863138418,0.11095655194568088
66,0.3316582914572864,1.06345028947696,0.1107293326113018
67,0.33668341708542715,1.0477422406080044,0.11050757688713576
68,0.3417085427135678,1.033547840923095,0.11029220945039253
69,0.34673366834170855,1.0209236595943092,0.11008426224684564
70,0.35175879396984927,1.0098917859859904,0.10988488366936576
71,0.35678391959798994,1.0004406793245169,0.10969534801851323
72,0.36180904522613067,0.9925267514531181,0.10951706517674598
73,0.36683417085427134,0.9860767092799929,0.10935159041393172
74,0.37185929648241206,0.9809907176808911,0.10920063422684534
75,0.3768844221105528,0.9771464319376426,0.10906607209932496
76,0.38190954773869346,0.9744038905453186,0.10894995405287576
77,0.3869346733668342,0.9726111644589317,0.1088545138397854
78,0.3919597989949749,0.9716105457021048,0.10878217761253528
79,0.3969849246231156,0.9712449489315654,0.10873557188463034
80,0.4020100502512563,0.9713641159906791,0.10871753057917456
81,0.40703517587939697,0.9718301734815425,0.10873110094304883
82,0.4120603015075377,0.9725221077053577,0.10877954808671796
83,0.4170854271356784,0.9733387921691743,0.10886635789297183
84,0.4221105527638191,0.9742003237346719,0.10899523802302813
85,0.4271356783919598,0.9750475803044883,0.10917011673571808
86,0.4321608040201005,0.9758400861745835,0.10939513922597832
87,0.4371859296482412,0.9765524387120291,0.1096746611831072
88,0.44221105527638194,0.977169690347334,0.1100132392681622
89,0.4472361809045226,0.9776821752561559,0.11041561821425283
90,0.45226130653266333,0.9780803091927586,0.11088671426440078
91,0.457286432160804,0.9783498704554194,0.11143159467965902
92,0.4623115577889447,0.9784681951540342,0.11205545307647324
93,0.46733668341708545,0.97840160356623,0.1127635803874426
94,0.4723618090452261,0.9781042343723853,0.11356133128421694
95,0.47738693467336685,0.9775183198841084,0.11445408595608042
96,0.4824120603015075,0.9765758063938548,0.11544720720254242
97,0.48743718592964824,0.9752011231676992,0.11654599287345345
98,0.49246231155778897,0.9733148383734874,0.117755623774926
99,0.49748743718592964,0.9708379101696176,0.11908110725319955
100,0.5025125628140703,0.9676962399434691,0.12052721677006205
101,0.507537688442211,0.9638252521917793,0.12209842789098245
102,0.5125628140703518,0.9591742509515199,0.12379885121833545
103,0.5175879396984925,0.9537103273680144,0.12563216291441948
104,0.5226130653266332,0.9474216125225563,0.12760153356923798
105,0.5276381909547738,0.9403196846416741,0.12970955627252634
106,0.5326633165829145,0.9324409552071501,0.13195817484470873
107,0.5376884422110553,0.9238468816737346,0.13434861326305114
108,0.542713567839196,0.914622892830115,0.1368813073834806
109,0.5477386934673367,0.9048759711472769,0.13955584010144073
110,0.5527638190954774,0.8947309152976093,0.1423708811131864
111,0.5577889447236181,0.8843254009681094,0.1453241324295086
112,0.5628140703517588,0.8738040602440259,0.14841228075456006
113,0.5678391959798995,0.8633118973963719,0.15163095777250968
114,0.5728643216080402,0.8529874392509096,0.1549747092838224
115,0.577889447236181,0.8429560702065593,0.15843697400270595
116,0.5829145728643216,0.8333240173063199,0.16201007266985767
117,0.5879396984924623,0.8241734256423746,0.16568520795418973
118,0.592964824120603,0.8155588993553019,0.1694524754185429
119,0.5979899497487438,0.8075057831810228,0.17330088561364154
120,0.6030150753768845,0.8000103317683627,0.17721839714846155
121,0.6080402010050251,0.7930417690050297,0.1811919603710369
122,0.6130653266331658,0.7865460889789797,0.18520757108933072
123,0.6180904522613065,0.780451306355653,0.1892503335740391
124,0.6231155778894473,0.7746737394168116,0.19330453192140215
125,0.628140703517588,0.7691248158138002,0.19735370872003188
126,0.6331658291457286,0.7637178398465136,0.20138074986659396
127,0.6381909547738693,0.7583741587732806,0.20536797431433074
128,0.6432160804020101,0.7530282182287727,0.2092972275184716
129,0.6482412060301508,0.7476311018001345,0.21314997736388666
130,0.6532663316582915,0.7421522993407942,0.21690741142250247
131,0.6582914572864321,0.7365796283564402,0.22055053448866524
132,0.6633165829145728,0.7309174229807658,0.22406026547646585
133,0.6683417085427136,0.7251832826527803,0.22741753292995426
134,0.6733668341708543,0.7194038146310467,0.2306033685893444
135,0.678391959798995,0.7136098917544897,0.233598998668879
136,0.6834170854271356,0.7078319675563014,0.23638593272802666
137,0.6884422110552764,0.7020959430192019,0.23894605025154825
138,0.6934673366834171,0.6964199717482725,0.2412616852891576
139,0.6984924623115578,0.6908124415414009,0.2433157097357681
140,0.7035175879396985,0.6852712051331467,0.24509161605291385
141,0.7085427135678392,0.6797839780603903,0.2465736004344138
142,0.7135678391959799,0.6743297007764535,0.24774664759887066
143,0.7185929648241206,0.6688805912940368,0.2485966185414891
144,0.7236180904522613,0.6634045991604467,0.24911034269116986
145,0.7286432160804021,0.6578680056227952,0.2492757159882157
146,0.7336683417085427,0.6522379831320839,0.2490818064137271
147,0.7386934673366834,0.646485008909604,0.24851896845498844
148,0.7437185929648241,0.6405851004751385,0.2475789678683956
149,0.7487437185929648,0.6345218883023888,0.24625511789090335
150,0.7537688442211056,0.6282885525155516,0.2445424277363064
151,0.7587939698492463,0.6218896268053085,0.24243776377850726
152,0.7638190954773869,0.6153426226178409,0.2399400232529377
153,0.7688442211055276,0.6086793656754218,0.2370503195834825
154,0.7738693467336684,0.6019468830027006,0.2337721775514936
155,0.7788944723618091,0.5952076480334545,0.2301117354564768
156,0.7839195979899498,0.5885389948614222,0.22607795017285534
157,0.7889447236180904,0.5820315536128903,0.22168279959380788
158,0.7939698492462312,0.5757866328499254,0.21694147539682795
159,0.7989949748743719,0.5699125711262658,0.2118725574130479
160,0.8040201005025126,0.5645201838703481,0.2064981592052149
161,0.8090452261306533,0.5597175286044234,0.2008440328596801
162,0.8140703517587939,0.5556042882873651,0.194939619610122
163,0.8190954773869347,0.5522661206625231,0.1888180319019902
164,0.8241206030150754,0.5497693373170742,0.1825159520720826
165,0.8291457286432161,0.548156260863143,0.17607343317081306
166,0.8341708542713568,0.5474415669027007,0.1695335888117271
167,0.8391959798994975,0.5476098557603075,0.16294216148824936
168,0.8442211055276382,0.5486146240856984,0.15634696269461812
169,0.8492462311557789,0.5503787240602088,0.1497971834834172
170,0.8542713567839196,0.5527963122902579,0.1433425807208546
171,0.8592964824120604,0.5557362044883917,0.13703255204532394
172,0.864321608040201,0.5590464682992431,0.13091512100491332
173,0.8693467336683417,0.5625600084693422,0.12503586248435938
174,0.8743718592964824,0.566100831083258,0.11943680662398724
175,0.8793969849246231,0.5694906239993133,0.11415536618348955
176,0.8844221105527639,0.572555267622887,0.10922333690199904
177,0.8894472361809045,0.5751309023014197,0.10466602213240496
178,0.8944723618090452,0.5770692317933603,0.10050153135718733
179,0.8994974874371859,0.5782418368653091,0.09674029688777784
180,0.9045226130653267,0.5785434017252901,0.09338484422211757
181,0.9095477386934674,0.5778939025501807,0.09042983966160399
182,0.914572864321608,0.5762399479361862,0.08786242466728755
183,0.9195979899497487,0.5735555674858376,0.08566283109420503
184,0.9246231155778895,0.5698427898377636,0.0838052560069793
185,0.9296482412060302,0.5651323158016348,0.08225896032641611
186,0.9346733668341709,0.5594844703410738,0.08098954298003336
187,0.9396984924623115,0.5529904215743479,0.07996033214943754
188,0.9447236180904522,0.5457734172927873,0.07913382793555679
189,0.949748743718593,0.5379895566272499,0.07847312634076997
190,0.9547738693467337,0.5298274407764675,0.07794325277116987
191,0.9597989949748744,0.5215059829722418,0.07751233416656977
192,0.964824120603015,0.5132697394607176,0.0771525424385342
193,0.9698492462311558,0.5053813599875325,0.07684074860983857
194,0.9748743718592965,0.49811112654267226,0.07655883797161889
195,0.9798994974874372,0.49172400075297606,0.07629365352868599
196,0.9849246231155779,0.486465058057329,0.07603656066154085
197,0.9899497487437187,0.48254456585086786,0.07578266386546995
198,0.9949748743718593,0.4801241855904582,0.07552976114480614
199,1.0,0.4793057916951637,0.07527719885202377
