,x,y
0,0.0,8.96907084462161e-14
1,0.010101010101010102,1.2047491406261415e-12
2,0.020202020202020204,1.3999651130753724e-11
3,0.030303030303030304,1.408272483498932e-10
4,0.04040404040404041,1.227216509252838e-09
5,0.05050505050505051,9.27222775795913e-09
6,0.06060606060606061,6.079932146694199e-08
7,0.07070707070707072,3.46391597657033e-07
8,0.08080808080808081,1.7171160254798277e-06
9,0.09090909090909091,7.419177505422941e-06
10,0.10101010101010102,2.8003377775758114e-05
11,0.11111111111111112,9.260762407642491e-05
12,0.12121212121212122,0.00026939479178622285
13,0.13131313131313133,0.0006930760017272979
14,0.14141414141414144,0.0015885273700233175
15,0.15151515151515152,0.003275145683447279
16,0.16161616161616163,0.006148737758234275
17,0.17171717171717174,0.010661712817929573
18,0.18181818181818182,0.017327266148041857
19,0.19191919191919193,0.026736763336970244
20,0.20202020202020204,0.03953476422840863
21,0.21212121212121213,0.05630246378148846
22,0.22222222222222224,0.07735481166552134
23,0.23232323232323235,0.10250472985274284
24,0.24242424242424243,0.13090351606425246
25,0.25252525252525254,0.16117352072806254
26,0.26262626262626265,0.1920533318951794
27,0.27272727272727276,0.2234112368818689
28,0.2828282828282829,0.256923210065852
29,0.29292929292929293,0.29567796745055014
30,0.30303030303030304,0.34279713469110573
31,0.31313131313131315,0.40004042444343796
32,0.32323232323232326,0.46725336637731496
33,0.33333333333333337,0.5426072400190497
34,0.3434343434343435,0.623099356372224
35,0.3535353535353536,0.7051939701381243
36,0.36363636363636365,0.7858603984739534
37,0.37373737373737376,0.8637687746335936
38,0.38383838383838387,0.939650076247501
39,0.393939393939394,1.015104224770742
40,0.4040404040404041,1.0905744883875896
41,0.4141414141414142,1.164322533937851
42,0.42424242424242425,1.2335721571422995
43,0.43434343434343436,1.2969058432420504
44,0.4444444444444445,1.3555573282035245
45,0.4545454545454546,1.4121364661562368
46,0.4646464646464647,1.4679424645126589
47,0.4747474747474748,1.5216930227769205
48,0.48484848484848486,1.5711268801351543
49,0.494949494949495,1.615695482248767
50,0.5050505050505051,1.6570993603743076
51,0.5151515151515152,1.6966954282931443
52,0.5252525252525253,1.7324298253367163
53,0.5353535353535354,1.7588519841678665
54,0.5454545454545455,1.7708863933077081
55,0.5555555555555556,1.7684068058902163
56,0.5656565656565657,1.7578227206975638
57,0.5757575757575758,1.7493368684954969
58,0.5858585858585859,1.7518010024188848
59,0.595959595959596,1.7685051444287996
60,0.6060606060606061,1.7960979807837378
61,0.6161616161616162,1.8265785664048257
62,0.6262626262626263,1.850806483917581
63,0.6363636363636365,1.8618312492080868
64,0.6464646464646465,1.8568576567234238
65,0.6565656565656566,1.8373333462334893
66,0.6666666666666667,1.8075306853318267
67,0.6767676767676768,1.7727557926745712
68,0.686868686868687,1.7381894412882377
69,0.696969696969697,1.708416914013798
70,0.7070707070707072,1.6869922813720815
71,0.7171717171717172,1.6755860424124516
72,0.7272727272727273,1.673010861175201
73,0.7373737373737375,1.6749619819927606
74,0.7474747474747475,1.675155513627893
75,0.7575757575757577,1.6676397843019575
76,0.7676767676767677,1.6490169733640632
77,0.7777777777777778,1.6192174007112747
78,0.787878787878788,1.5806299455098565
79,0.797979797979798,1.5366663661142226
80,0.8080808080808082,1.4908704255337821
81,0.8181818181818182,1.446634183459315
82,0.8282828282828284,1.4068678740266436
83,0.8383838383838385,1.3733663711062727
84,0.8484848484848485,1.346373326251358
85,0.8585858585858587,1.324851459944989
86,0.8686868686868687,1.307260050423441
87,0.8787878787878789,1.292218325768095
88,0.888888888888889,1.2787579247868077
89,0.8989898989898991,1.2663079888263271
90,0.9090909090909092,1.2545220267246244
91,0.9191919191919192,1.242835803662733
92,0.9292929292929294,1.2296927744073909
93,0.9393939393939394,1.2115661110085016
94,0.9494949494949496,1.182062547838308
95,0.9595959595959597,1.131769932360387
96,0.9696969696969697,1.0500522087251831
97,0.9797979797979799,0.9296118951389221
98,0.98989898989899,0.7724048837977715
99,1.0,0.5928350138627579
