,x,y,pNG
0,0.0,1.1059995175812372,0.0
1,0.005025125628140704,1.1060773228686682,0.0
2,0.010050251256281407,1.1063164592782246,0.0
3,0.01507537688442211,1.1067331712314399,0.0
4,0.020100502512562814,1.1073515994178436,0.0
5,0.02512562814070352,1.1081997990564278,0.0
6,0.03015075376884422,1.1093049466374507,2.220446049250313e-16
7,0.035175879396984924,1.1106883938238492,1.1102230246251563e-15
8,0.04020100502512563,1.1123612570321597,7.549516567451064e-15
9,0.04522613065326633,1.1143211695609005,3.486100297322992e-14
10,0.05025125628140704,1.116550676373001,1.383337888682945e-13
11,0.05527638190954774,1.119017537420183,4.785061236134425e-13
12,0.06030150753768844,1.1216769508273738,1.4841461393189093e-12
13,0.06532663316582915,1.124475445746002,4.199973702156966e-12
14,0.07035175879396985,1.1273559617345805,1.0992984300628448e-11
15,0.07537688442211056,1.1302634599181354,2.6898927529828146e-11
16,0.08040201005025126,1.1331503262120337,6.207279135139743e-11
17,0.08542713567839195,1.1359808423747377,1.3604450899151743e-10
18,0.09045226130653267,1.1387341163292377,2.8486080161371774e-10
19,0.09547738693467336,1.1414050642216251,5.726588092613838e-10
20,0.10050251256281408,1.1440032953583432,1.1098912899853983e-09
21,0.10552763819095477,1.146550030806228,2.0812813694703887e-09
22,0.11055276381909548,1.1490734469515518,3.7877010417020066e-09
23,0.11557788944723618,1.1516030394791221,6.707588262599984e-09
24,0.12060301507537688,1.1541637226922077,1.1585287951199064e-08
25,0.12562814070351758,1.15677039888878,1.955589989943718e-08
26,0.1306532663316583,1.159423653309122,3.231887280019663e-08
27,0.135678391959799,1.1621070677461958,5.237580780192985e-08
28,0.1407035175879397,1.1647864279547977,8.335175805118665e-08
29,0.1457286432160804,1.1674108609240939,1.304238063104535e-07
30,0.15075376884422112,1.169915712878139,2.0088598262635318e-07
31,0.15577889447236182,1.1722267972243037,3.048856501708386e-07
32,0.16080402010050251,1.1742655234975132,4.56373452140113e-07
33,0.1658291457286432,1.1759543715351015,6.743168279310653e-07
34,0.1708542713567839,1.177222195719022,9.84236007472994e-07
35,0.17587939698492464,1.1780089187491705,1.4201313316419828e-06
36,0.18090452261306533,1.1782692840601812,2.0268817668700483e-06
37,0.18592964824120603,1.1779754603491195,2.8632065637301807e-06
38,0.19095477386934673,1.1771184129069971,4.005295189735136e-06
39,0.19597989949748745,1.175708061736958,5.551224879773997e-06
40,0.20100502512562815,1.1737723289690207,7.626300381979868e-06
41,0.20603015075376885,1.1713552364473614,1.0389466603921704e-05
42,0.21105527638190955,1.1685142509683621,1.404096181234493e-05
43,0.21608040201005024,1.1653170936265453,1.8831396625285105e-05
44,0.22110552763819097,1.1618382351154841,2.5072462055297784e-05
45,0.22613065326633167,1.1581552934101929,3.314948808097462e-05
46,0.23115577889447236,1.1543455352903107,4.3536092309781615e-05
47,0.23618090452261306,1.150482658941119,5.681117585598638e-05
48,0.24120603015075376,1.1466340017235543,7.367854016515629e-05
49,0.24623115577889448,1.142858276533395,9.498941356755886e-05
50,0.25125628140703515,1.1392038950721213,0.00012176818921816324
51,0.2562814070351759,1.1357078915753458,0.0001552416859715855
52,0.2613065326633166,1.1323954217265881,0.00019687224973952144
53,0.2663316582914573,1.1292797838527069,0.00024839501389539714
54,0.271356783919598,1.126362896420966,0.0003118596320621503
55,0.2763819095477387,1.1236361676681583,0.0003896767836720771
56,0.2814070351758794,1.121081706697049,0.00048466973030514277
57,0.2864321608040201,1.1186738442656583,0.0006001311670300603
58,0.2914572864321608,1.1163809476709246,0.0007398855655190718
59,0.2964824120603015,1.1141675196520375,0.0009083571420223092
60,0.30150753768844224,1.111996560482193,0.0011106435004868411
61,0.3065326633165829,1.1098321438350944,0.001352594895956072
62,0.31155778894472363,1.1076421140397041,0.0016408989323892784
63,0.3165829145728643,1.10540076310231,0.0019831703484334273
64,0.32160804020100503,1.1030913016816528,0.002388045350483425
65,0.32663316582914576,1.10070791107228,0.002865279720645764
66,0.3316582914572864,1.0982571630754578,0.0034258496541164085
67,0.33668341708542715,1.0957586266178116,0.004082053962641163
68,0.3417085427135678,1.093244543021999,0.004847615915588244
69,0.34673366834170855,1.0907585383358216,0.005737782576480721
70,0.35175879396984927,1.0883534382649012,0.0067694190313284395
71,0.35678391959798994,1.086088343546053,0.007961094399166924
72,0.36180904522613067,1.084025196118883,0.009333155971870122
73,0.36683417085427134,1.0822251079863667,0.010907787261231872
74,0.37185929648241206,1.0807447300110455,0.012709045153906471
75,0.3768844221105528,1.0796329088683954,0.014762870813390228
76,0.38190954773869346,1.0789278251305647,0.017097068455051878
77,0.3869346733668342,1.0786547364869519,0.01974124569636193
78,0.3919597989949749,1.0788243813537937,0.02272670890008477
79,0.3969849246231156,1.0794320418273333,0.02608630684242097
80,0.4020100502512563,1.080457229057002,0.029854216217591656
81,0.40703517587939697,1.0818639408388768,0.0340656630069478
82,0.4120603015075377,1.0836014468433535,0.03875657466706151
83,0.4170854271356784,1.0856055730316316,0.04396315949513308
84,0.4221105527638191,1.0878004727436248,0.049721411466245535
85,0.4271356783919598,1.0901008772965388,0.05606654133791822
86,0.4321608040201005,1.0924148063715002,0.06303233788205452
87,0.4371859296482412,1.094646685577357,0.07065046668727748
88,0.44221105527638194,1.0967007687169532,0.07894971797521633
89,0.4472361809045226,1.0984847040971926,0.08795521912972826
90,0.45226130653266333,1.0999130300304831,0.09768763192004892
91,0.457286432160804,1.1009103479335123,0.1081623584180399
92,0.4623115577889447,1.1014139138714065,0.11938878302838417
93,0.46733668341708545,1.101375418361316,0.13136958050521352
94,0.4723618090452261,1.1007617907688827,0.1441001209619175
95,0.47738693467336685,1.0995549626732681,0.1575680023811027
96,0.4824120603015075,1.0977506416549345,0.1717527387756841
97,0.48743718592964824,1.0953562660219476,0.18662562784702966
98,0.49246231155778897,1.0923884132722583,0.20214981580098268
99,0.49748743718592964,1.0888700034183683,0.21828056916742367
100,0.5025125628140703,1.0848276602196254,0.2349657544500421
101,0.507537688442211,1.0802895634958773,0.2521465167880159
102,0.5125628140703518,1.0752840468818994,0.26975813921982283
103,0.5175879396984925,1.0698390784124798,0.2877310553166181
104,0.5226130653266332,1.0639826232769631,0.3059919805741333
105,0.5276381909547738,1.0577437495777589,0.32446512257864146
106,0.5326633165829145,1.0511542198434336,0.3430734269796969
107,0.5376884422110553,1.0442502311969026,0.3617398158786821
108,0.542713567839196,1.0370739374469669,0.38038837731832265
109,0.5477386934673367,1.0296744113309162,0.3989454688605991
110,0.5527638190954774,1.0221077808902348,0.4173407043239209
111,0.5577889447236181,1.0144363892503785,0.4355078000548676
112,0.5628140703517588,1.0067269649989163,0.4533852650272802
113,0.5678391959798995,0.9990479309919799,0.4709169270004547
114,0.5728643216080402,0.9914661028363011,0.4880522944081132
115,0.577889447236181,0.9840431174934946,0.5047467601792219
116,0.5829145728643216,0.9768319758057888,0.5209616590310353
117,0.5879396984924623,0.9698740755670345,0.5366641937770232
118,0.592964824120603,0.9631970568018131,0.551827248834457
119,0.5979899497487438,0.956813687650368,0.5664291104762944
120,0.6030150753768845,0.9507219021622495,0.5804531136023
121,0.6080402010050251,0.9449059773567045,0.5938872341031469
122,0.6130653266331658,0.9393387227697384,0.6067236444786309
123,0.6180904522613065,0.9339844650906479,0.6189582484633316
124,0.6231155778894473,0.92880255218407,0.6305902082109183
125,0.628140703517588,0.9237510777197894,0.6416214752632088
126,0.6331658291457286,0.9187905370499435,0.6520563342206792
127,0.6381909547738693,0.9138871597514058,0.6619009658412491
128,0.6432160804020101,0.9090157148722654,0.6711630342953384
129,0.6482412060301508,0.9041616417326703,0.679851301540131
130,0.6532663316582915,0.8993224143136349,0.6879752702635287
131,0.6582914572864321,0.8945080961038132,0.6955448555896078
132,0.6633165829145728,0.8897410834471893,0.7025700847191154
133,0.6683417085427136,0.8850550704068775,0.7090608228798867
134,0.6733668341708543,0.8804932998560241,0.7150265233553559
135,0.678391959798995,0.8761061967413178,0.7204759989167833
136,0.6834170854271356,0.8719485115639525,0.7254172116764129
137,0.6884422110552764,0.868076134135132,0.7298570781782585
138,0.6934673366834171,0.864542766339401,0.733801286425678
139,0.6984924623115578,0.8613966631635102,0.7372541214892109
140,0.7035175879396985,0.858677658468154,0.7402182963274583
141,0.7085427135678392,0.8564146817755487,0.7426947844745945
142,0.7135678391959799,0.8546239427606764,0.7446826512918109
143,0.7185929648241206,0.8533079119915046,0.7461788805422188
144,0.7236180904522613,0.852455163360841,0.7471781931305788
145,0.7286432160804021,0.852041071413989,0.7476728549572064
146,0.7336683417085427,0.8520292825732868,0.7476524709825764
147,0.7386934673366834,0.852373810662765,0.7471037628083135
148,0.7437185929648241,0.8530215513042251,0.7460103273827712
149,0.7487437185929648,0.8539149728634293,0.7443523748819951
150,0.7537688442211056,0.8549947284709274,0.742106444463035
151,0.7587939698492463,0.8562019473213853,0.7392450975221717
152,0.7638190954773869,0.857480004937675,0.7357365894316727
153,0.7688442211055276,0.8587756396600218,0.7315445226273437
154,0.7738693467336684,0.8600393712885309,0.7266274865750821
155,0.7788944723618091,0.8612252788847855,0.7209386938140533
156,0.7839195979899498,0.8622902959881877,0.7144256262813014
157,0.7889447236180904,0.8631932680970377,0.7070297128680165
158,0.7939698492462312,0.8638940736979159,0.6986860681208962
159,0.7989949748743719,0.8643531229159179,0.6893233337323723
160,0.8040201005025126,0.8645315085763822,0.6788636795458769
161,0.8090452261306533,0.8643919924216512,0.6672230397853499
162,0.8140703517587939,0.8639008730163632,0.6543116834735379
163,0.8190954773869347,0.8630306192474925,0.6400352454858719
164,0.8241206030150754,0.8617629890298926,0.6242963755498581
165,0.8291457286432161,0.8600922146983645,0.6069971945137906
166,0.8341708542713568,0.8580277504971857,0.5880427759526633
167,0.8391959798994975,0.8555960624184562,0.5673458890044445
168,0.8442211055276382,0.8528410041568105,0.5448332332234866
169,0.8492462311557789,0.8498224598117706,0.5204533509071371
170,0.8542713567839196,0.8466131263504382,0.4941862941991742
171,0.8592964824120604,0.843293529561707,0.4660549273956464
172,0.864321608040201,0.8399455848567171,0.43613743565287655
173,0.8693467336683417,0.8366451990378907,0.4045801792333803
174,0.8743718592964824,0.8334545384109849,0.3716094969763633
175,0.8793969849246231,0.8304146504832978,0.33754049391353225
176,0.8844221105527639,0.8275391210056455,0.3027803836903397
177,0.8894472361809045,0.8248093854995393,0.2678238018503152
178,0.8944723618090452,0.8221722110259295,0.23323789751017565
179,0.8994974874371859,0.8195397369703356,0.19963613235643365
180,0.9045226130653267,0.8167923258710234,0.16764157775709798
181,0.9095477386934674,0.8137843317799687,0.13784283067831282
182,0.914572864321608,0.8103527407211712,0.11074789201271662
183,0.9195979899497487,0.8063284658212877,0.0867427268022195
184,0.9246231155778895,0.8015498782130289,0.06606113519491362
185,0.9296482412060302,0.7958779195814488,0.04877081983731424
186,0.9346733668341709,0.7892118816868434,0.034777543246586114
187,0.9396984924623115,0.7815046776738658,0.023845896092320015
188,0.9447236180904522,0.7727762115921979,0.01563241741503818
189,0.949748743718593,0.7631233300689325,0.009725299483936745
190,0.9547738693467337,0.7527248688680778,0.005684835019158285
191,0.9597989949748744,0.7418405309866689,0.0030798082938461317
192,0.964824120603015,0.7308027707123806,0.0015166329420850386
193,0.9698492462311558,0.7200014927703751,0.0006596546314946439
194,0.9748743718592965,0.709862150239561,0.0002423165238953917
195,0.9798994974874372,0.7008186458317575,6.972449989328666e-05
196,0.9849246231155779,0.6932831908140465,1.3643579832356426e-05
197,0.9899497487437187,0.6876158318623146,1.321543143473214e-06
198,0.9949748743718593,0.6840966138188006,2.299478685241496e-08
199,1.0,0.6829032403103479,0.0
