,x,y,pNG
0,0.0,2.037096868523141,0.0
1,0.005025125628140704,2.0365407131429833,0.0
2,0.010050251256281407,2.0349305787676952,0.0
3,0.01507537688442211,2.0324344772839966,0.0
4,0.020100502512562814,2.029310315779268,0.0
5,0.02512562814070352,2.0258765599781317,0.0
6,0.03015075376884422,2.0224780024261526,2.220446049250313e-16
7,0.035175879396984924,2.0194517520660815,1.1102230246251563e-15
8,0.04020100502512563,2.017098030480615,7.549516567451064e-15
9,0.04522613065326633,2.0156590144373467,3.486100297322992e-14
10,0.05025125628140704,2.0153071481866847,1.383337888682945e-13
11,0.05527638190954774,2.0161424788432027,4.785061236134425e-13
12,0.06030150753768844,2.018197031505234,1.4841461393189093e-12
13,0.06532663316582915,2.021443312901784,4.199973702156966e-12
14,0.07035175879396985,2.025803831771963,1.0992984300628448e-11
15,0.07537688442211056,2.031159009806367,2.6898927529828146e-11
16,0.08040201005025126,2.0373518590426474,6.207279135139743e-11
17,0.08542713567839195,2.044189070406578,1.3604450899151743e-10
18,0.09045226130653267,2.051439415847303,2.8486080161371774e-10
19,0.09547738693467336,2.058831353719892,5.726588092613838e-10
20,0.10050251256281408,2.0660522413761915,1.1098912899853983e-09
21,0.10552763819095477,2.0727514876059945,2.0812813694703887e-09
22,0.11055276381909548,2.0785493221509914,3.7877010417020066e-09
23,0.11557788944723618,2.083051746248865,6.707588262599984e-09
24,0.12060301507537688,2.0858708948598665,1.1585287951199064e-08
25,0.12562814070351758,2.0866487937982305,1.955589989943718e-08
26,0.1306532663316583,2.0850816367947,3.231887280019663e-08
27,0.135678391959799,2.080941457096599,5.237580780192985e-08
28,0.1407035175879397,2.074092490783103,8.335175805118665e-08
29,0.1457286432160804,2.064500507611881,1.304238063104535e-07
30,0.15075376884422112,2.0522346473910242,2.0088598262635318e-07
31,0.15577889447236182,2.037462496311931,3.048856501708386e-07
32,0.16080402010050251,2.020439950687999,4.56373452140113e-07
33,0.1658291457286432,2.0014976609971784,6.743168279310653e-07
34,0.1708542713567839,1.9810255361417564,9.84236007472994e-07
35,0.17587939698492464,1.959456113584676,1.4201313316419828e-06
36,0.18090452261306533,1.9372468805879146,2.0268817668700483e-06
37,0.18592964824120603,1.9148611863842109,2.8632065637301807e-06
38,0.19095477386934673,1.892747427247988,4.005295189735136e-06
39,0.19597989949748745,1.8713167422413979,5.551224879773997e-06
40,0.20100502512562815,1.8509203537666268,7.626300381979868e-06
41,0.20603015075376885,1.8318286081149322,1.0389466603921704e-05
42,0.21105527638190955,1.8142143649263798,1.404096181234493e-05
43,0.21608040201005024,1.7981433823136925,1.8831396625285105e-05
44,0.22110552763819097,1.7835736532967346,2.5072462055297784e-05
45,0.22613065326633167,1.7703643852939395,3.314948808097462e-05
46,0.23115577889447236,1.7582937687232505,4.3536092309781615e-05
47,0.23618090452261306,1.7470832301762609,5.681117585598638e-05
48,0.24120603015075376,1.736424860624256,7.367854016515629e-05
49,0.24623115577889448,1.7260083751172013,9.498941356755886e-05
50,0.25125628140703515,1.71554434261481,0.00012176818921816324
51,0.2562814070351759,1.7047813890582153,0.0001552416859715855
52,0.2613065326633166,1.6935163617119433,0.00019687224973952144
53,0.2663316582914573,1.6815977381384322,0.00024839501389539714
54,0.271356783919598,1.6689235924129635,0.0003118596320621503
55,0.2763819095477387,1.655436012687128,0.0003896767836720771
56,0.2814070351758794,1.6411139402412758,0.00048466973030514277
57,0.2864321608040201,1.625966033394026,0.0006001311670300603
58,0.2914572864321608,1.6100245047143256,0.0007398855655190718
59,0.2964824120603015,1.5933401407583458,0.0009083571420223092
60,0.30150753768844224,1.575978095444619,0.0011106435004868411
61,0.3065326633165829,1.5580137129490639,0.001352594895956072
62,0.31155778894472363,1.5395276652752183,0.0016408989323892784
63,0.3165829145728643,1.520600063734594,0.0019831703484334273
64,0.32160804020100503,1.501303802179937,0.002388045350483425
65,0.32663316582914576,1.4816980187604247,0.002865279720645764
66,0.3316582914572864,1.4618230042858193,0.0034258496541164085
67,0.33668341708542715,1.4416979604108502,0.004082053962641163
68,0.3417085427135678,1.4213226386402622,0.004847615915588244
69,0.34673366834170855,1.400683121661912,0.005737782576480721
70,0.35175879396984927,1.3797610186652085,0.0067694190313284395
71,0.35678391959798994,1.3585443957240702,0.007961094399166924
72,0.36180904522613067,1.3370381212876032,0.009333155971870122
73,0.36683417085427134,1.3152711783588218,0.010907787261231872
74,0.37185929648241206,1.2932989555049972,0.012709045153906471
75,0.3768844221105528,1.2711995053557172,0.014762870813390228
76,0.38190954773869346,1.2490640478871184,0.017097068455051878
77,0.3869346733668342,1.226983314460753,0.01974124569636193
78,0.3919597989949749,1.2050323857255696,0.02272670890008477
79,0.3969849246231156,1.1832572367442178,0.02608630684242097
80,0.4020100502512563,1.161666134213096,0.029854216217591656
81,0.40703517587939697,1.1402283267282847,0.0340656630069478
82,0.4120603015075377,1.118881244578776,0.03875657466706151
83,0.4170854271356784,1.0975458930001742,0.04396315949513308
84,0.4221105527638191,1.0761485542006362,0.049721411466245535
85,0.4271356783919598,1.0546455937452892,0.05606654133791822
86,0.4321608040201005,1.0330473443036383,0.06303233788205452
87,0.4371859296482412,1.0114368796302726,0.07065046668727748
88,0.44221105527638194,0.9899800420740418,0.07894971797521633
89,0.4472361809045226,0.9689242655849467,0.08795521912972826
90,0.45226130653266333,0.9485853443301666,0.09768763192004892
91,0.457286432160804,0.929323059957875,0.1081623584180399
92,0.4623115577889447,0.9115082058006222,0.11938878302838417
93,0.46733668341708545,0.8954847836420838,0.13136958050521352
94,0.4723618090452261,0.8815318349577322,0.1441001209619175
95,0.47738693467336685,0.8698294460777187,0.1575680023811027
96,0.4824120603015075,0.8604329735175521,0.1717527387756841
97,0.48743718592964824,0.8532585767894011,0.18662562784702966
98,0.49246231155778897,0.8480818604477272,0.20214981580098268
99,0.49748743718592964,0.8445499642968367,0.21828056916742367
100,0.5025125628140703,0.8422059508728897,0.2349657544500421
101,0.507537688442211,0.8405229743898737,0.2521465167880159
102,0.5125628140703518,0.8389446285391375,0.26975813921982283
103,0.5175879396984925,0.8369272048625741,0.2877310553166181
104,0.5226130653266332,0.8339794558285425,0.3059919805741333
105,0.5276381909547738,0.8296958854062199,0.32446512257864146
106,0.5326633165829145,0.8237805294275469,0.3430734269796969
107,0.5376884422110553,0.8160594870915664,0.3617398158786821
108,0.542713567839196,0.8064819036368687,0.38038837731832265
109,0.5477386934673367,0.7951104445134073,0.3989454688605991
110,0.5527638190954774,0.782103345056681,0.4173407043239209
111,0.5577889447236181,0.767690752417253,0.4355078000548676
112,0.5628140703517588,0.7521482835518085,0.4533852650272802
113,0.5678391959798995,0.7357705724215681,0.4709169270004547
114,0.5728643216080402,0.7188471823113626,0.4880522944081132
115,0.577889447236181,0.701642725076293,0.5047467601792219
116,0.5829145728643216,0.6843824349864955,0.5209616590310353
117,0.5879396984924623,0.6672438272456177,0.5366641937770232
118,0.592964824120603,0.6503544423610194,0.551827248834457
119,0.5979899497487438,0.6337950531041835,0.5664291104762944
120,0.6030150753768845,0.6176071342656612,0.5804531136023
121,0.6080402010050251,0.6018029443070444,0.5938872341031469
122,0.6130653266331658,0.5863763372544198,0.6067236444786309
123,0.6180904522613065,0.5713124906738871,0.6189582484633316
124,0.6231155778894473,0.5565951242024482,0.6305902082109183
125,0.628140703517588,0.5422104360763201,0.6416214752632088
126,0.6331658291457286,0.5281477675227236,0.6520563342206792
127,0.6381909547738693,0.5143977347681754,0.6619009658412491
128,0.6432160804020101,0.5009490684266467,0.6711630342953384
129,0.6482412060301508,0.4877855524922393,0.679851301540131
130,0.6532663316582915,0.47488424031240684,0.6879752702635287
131,0.6582914572864321,0.46221562765334084,0.6955448555896078
132,0.6633165829145728,0.44974584465903644,0.7025700847191154
133,0.6683417085427136,0.43744037345987574,0.7090608228798867
134,0.6733668341708543,0.4252684539226953,0.7150265233553559
135,0.678391959798995,0.4132072727875857,0.7204759989167833
136,0.6834170854271356,0.4012452123761548,0.7254172116764129
137,0.6884422110552764,0.3893837607755867,0.7298570781782585
138,0.6934673366834171,0.3776380232084122,0.733801286425678
139,0.6984924623115578,0.36603601381192885,0.7372541214892109
140,0.7035175879396985,0.3546169981766943,0.7402182963274583
141,0.7085427135678392,0.3434291206698282,0.7426947844745945
142,0.7135678391959799,0.33252646017447385,0.7446826512918109
143,0.7185929648241206,0.3219656007987953,0.7461788805422188
144,0.7236180904522613,0.31180184024894136,0.7471781931305788
145,0.7286432160804021,0.3020852927708805,0.7476728549572064
146,0.7336683417085427,0.292857322520571,0.7476524709825764
147,0.7386934673366834,0.28414787712108697,0.7471037628083135
148,0.7437185929648241,0.2759742910214906,0.7460103273827712
149,0.7487437185929648,0.2683419440597843,0.7443523748819951
150,0.7537688442211056,0.2612468058932655,0.742106444463035
151,0.7587939698492463,0.2546794508914835,0.7392450975221717
152,0.7638190954773869,0.2486297142704763,0.7357365894316727
153,0.7688442211055276,0.24309090900444077,0.7315445226273437
154,0.7738693467336684,0.23806252951674461,0.7266274865750821
155,0.7788944723618091,0.23355065926911017,0.7209386938140533
156,0.7839195979899498,0.22956582025831052,0.7144256262813014
157,0.7889447236180904,0.22611862696834067,0.7070297128680165
158,0.7939698492462312,0.22321417080293735,0.6986860681208962
159,0.7989949748743719,0.22084640628718816,0.6893233337323723
160,0.8040201005025126,0.21899383439082157,0.6788636795458769
161,0.8090452261306533,0.2176174654511927,0.6672230397853499
162,0.8140703517587939,0.21666147454230433,0.6543116834735379
163,0.8190954773869347,0.21605629192915904,0.6400352454858719
164,0.8241206030150754,0.21572328861170012,0.6242963755498581
165,0.8291457286432161,0.21557988632979555,0.6069971945137906
166,0.8341708542713568,0.21554393317380985,0.5880427759526633
167,0.8391959798994975,0.21553652781411994,0.5673458890044445
168,0.8442211055276382,0.21548303520494333,0.5448332332234866
169,0.8492462311557789,0.2153126369667445,0.5204533509071371
170,0.8542713567839196,0.21495721329046064,0.4941862941991742
171,0.8592964824120604,0.21435052218499903,0.4660549273956464
172,0.864321608040201,0.2134284807931773,0.43613743565287655
173,0.8693467336683417,0.21213092278092915,0.4045801792333803
174,0.8743718592964824,0.21040465079736112,0.3716094969763633
175,0.8793969849246231,0.20820710569745843,0.33754049391353225
176,0.8844221105527639,0.2055096939145501,0.3027803836903397
177,0.8894472361809045,0.20229983704910914,0.2678238018503152
178,0.8944723618090452,0.19858112086834218,0.23323789751017565
179,0.8994974874371859,0.1943714215009904,0.19963613235643365
180,0.9045226130653267,0.18969941881355498,0.16764157775709798
181,0.9095477386934674,0.1846003151817691,0.13784283067831282
182,0.914572864321608,0.1791117563703238,0.11074789201271662
183,0.9195979899497487,0.17327087290749532,0.0867427268022195
184,0.9246231155778895,0.16711307595479058,0.06606113519491362
185,0.9296482412060302,0.16067285207981646,0.04877081983731424
186,0.9346733668341709,0.15398641558226372,0.034777543246586114
187,0.9396984924623115,0.1470957739209062,0.023845896092320015
188,0.9447236180904522,0.14005357013014283,0.01563241741503818
189,0.949748743718593,0.13292796968634174,0.009725299483936745
190,0.9547738693467337,0.12580682183092148,0.005684835019158285
191,0.9597989949748744,0.11880032173350127,0.0030798082938461317
192,0.964824120603015,0.11204143725056245,0.0015166329420850386
193,0.9698492462311558,0.1056834819321335,0.0006596546314946439
194,0.9748743718592965,0.0998944641481715,0.0002423165238953917
195,0.9798994974874372,0.09484824644003712,6.972449989328666e-05
196,0.9849246231155779,0.09071308090166695,1.3643579832356426e-05
197,0.9899497487437187,0.08763865269247624,1.321543143473214e-06
198,0.9949748743718593,0.08574322537941181,2.299478685241496e-08
199,1.0,0.08510269482485788,0.0
