,x,y,pNG
0,0.0,1.7747320103376882,0.0
1,0.005025125628140704,1.774175050437488,0.0
2,0.010050251256281407,1.7725377707053038,0.0
3,0.01507537688442211,1.7699181142928728,0.0
4,0.020100502512562814,1.766469902248162,0.0
5,0.02512562814070352,1.7623891309376143,0.0
6,0.03015075376884422,1.7578958093742427,2.220446049250313e-16
7,0.035175879396984924,1.753212666401828,1.1102230246251563e-15
8,0.04020100502512563,1.7485426714565573,7.549516567451064e-15
9,0.04522613065326633,1.7440478293038941,3.486100297322992e-14
10,0.05025125628140704,1.7398319487555387,1.383337888682945e-13
11,0.05527638190954774,1.735929907932441,4.785061236134425e-13
12,0.06030150753768844,1.732305295137025,1.4841461393189093e-12
13,0.06532663316582915,1.7288572592229072,4.199973702156966e-12
14,0.07035175879396985,1.725436121588091,1.0992984300628448e-11
15,0.07537688442211056,1.7218660074909167,2.6898927529828146e-11
16,0.08040201005025126,1.7179716745652334,6.207279135139743e-11
17,0.08542713567839195,1.7136060311161072,1.3604450899151743e-10
18,0.09045226130653267,1.7086746470021326,2.8486080161371774e-10
19,0.09547738693467336,1.7031538806586721,5.726588092613838e-10
20,0.10050251256281408,1.6971000193593175,1.1098912899853983e-09
21,0.10552763819095477,1.6906479486972783,2.0812813694703887e-09
22,0.11055276381909548,1.683999195784099,3.7877010417020066e-09
23,0.11557788944723618,1.6774005780518557,6.707588262599984e-09
24,0.12060301507537688,1.671115975557809,1.1585287951199064e-08
25,0.12562814070351758,1.6653947641461777,1.955589989943718e-08
26,0.1306532663316583,1.6604410416376691,3.231887280019663e-08
27,0.135678391959799,1.6563878225343682,5.237580780192985e-08
28,0.1407035175879397,1.6532798062427216,8.335175805118665e-08
29,0.1457286432160804,1.6510671737028504,1.304238063104535e-07
30,0.15075376884422112,1.6496112843250577,2.0088598262635318e-07
31,0.15577889447236182,1.648701377228041,3.048856501708386e-07
32,0.16080402010050251,1.6480797350381997,4.56373452140113e-07
33,0.1658291457286432,1.6474715465955563,6.743168279310653e-07
34,0.1708542713567839,1.6466151332370251,9.84236007472994e-07
35,0.17587939698492464,1.6452883786054022,1.4201313316419828e-06
36,0.18090452261306533,1.6433280683046878,2.0268817668700483e-06
37,0.18592964824120603,1.6406402098754203,2.8632065637301807e-06
38,0.19095477386934673,1.6372009824678389,4.005295189735136e-06
39,0.19597989949748745,1.6330494524819406,5.551224879773997e-06
40,0.20100502512562815,1.6282743219647888,7.626300381979868e-06
41,0.20603015075376885,1.622997579242236,1.0389466603921704e-05
42,0.21105527638190955,1.6173579428176974,1.404096181234493e-05
43,0.21608040201005024,1.6114964928789384,1.8831396625285105e-05
44,0.22110552763819097,1.6055460239454729,2.5072462055297784e-05
45,0.22613065326633167,1.599624632946609,3.314948808097462e-05
46,0.23115577889447236,1.5938330917681511,4.3536092309781615e-05
47,0.23618090452261306,1.588254820456922,5.681117585598638e-05
48,0.24120603015075376,1.5829568918906984,7.367854016515629e-05
49,0.24623115577889448,1.5779904991185805,9.498941356755886e-05
50,0.25125628140703515,1.5733896676235164,0.00012176818921816324
51,0.2562814070351759,1.5691676048053245,0.0001552416859715855
52,0.2613065326633166,1.5653108241383313,0.00019687224973952144
53,0.2663316582914573,1.5617719298141854,0.00024839501389539714
54,0.271356783919598,1.5584625776061451,0.0003118596320621503
55,0.2763819095477387,1.555248537895748,0.0003896767836720771
56,0.2814070351758794,1.5519489002096225,0.00048466973030514277
57,0.2864321608040201,1.5483412248235924,0.0006001311670300603
58,0.2914572864321608,1.5441738481255394,0.0007398855655190718
59,0.2964824120603015,1.539185609966724,0.0009083571420223092
60,0.30150753768844224,1.533132074796218,0.0011106435004868411
61,0.3065326633165829,1.5258160094420268,0.001352594895956072
62,0.31155778894472363,1.5171186628613866,0.0016408989323892784
63,0.3165829145728643,1.507027505406937,0.0019831703484334273
64,0.32160804020100503,1.4956557581327048,0.002388045350483425
65,0.32663316582914576,1.4832494474886102,0.002865279720645764
66,0.3316582914572864,1.4701789180377294,0.0034258496541164085
67,0.33668341708542715,1.4569136413112218,0.004082053962641163
68,0.3417085427135678,1.4439815368972286,0.004847615915588244
69,0.34673366834170855,1.431916512133952,0.005737782576480721
70,0.35175879396984927,1.4212001024963734,0.0067694190313284395
71,0.35678391959798994,1.4122045411623914,0.007961094399166924
72,0.36180904522613067,1.405144984268869,0.009333155971870122
73,0.36683417085427134,1.4000478153905618,0.010907787261231872
74,0.37185929648241206,1.3967400042265046,0.012709045153906471
75,0.3768844221105528,1.3948616660492505,0.014762870813390228
76,0.38190954773869346,1.3939006965320047,0.017097068455051878
77,0.3869346733668342,1.393245173377147,0.01974124569636193
78,0.3919597989949749,1.3922466540401714,0.02272670890008477
79,0.3969849246231156,1.3902859919623074,0.02608630684242097
80,0.4020100502512563,1.3868330969472566,0.029854216217591656
81,0.40703517587939697,1.3814932058172245,0.0340656630069478
82,0.4120603015075377,1.374034500702961,0.03875657466706151
83,0.4170854271356784,1.3643949115007499,0.04396315949513308
84,0.4221105527638191,1.3526691413764624,0.049721411466245535
85,0.4271356783919598,1.3390798098665302,0.05606654133791822
86,0.4321608040201005,1.323938643585733,0.06303233788205452
87,0.4371859296482412,1.3076045488275876,0.07065046668727748
88,0.44221105527638194,1.2904450791788775,0.07894971797521633
89,0.4472361809045226,1.2728063985530387,0.08795521912972826
90,0.45226130653266333,1.254994664658745,0.09768763192004892
91,0.457286432160804,1.2372692736302175,0.1081623584180399
92,0.4623115577889447,1.219846100214509,0.11938878302838417
93,0.46733668341708545,1.20290716513269,0.13136958050521352
94,0.4723618090452261,1.1866123479229476,0.1441001209619175
95,0.47738693467336685,1.1711089374319297,0.1575680023811027
96,0.4824120603015075,1.1565358713292913,0.1717527387756841
97,0.48743718592964824,1.1430211856650696,0.18662562784702966
98,0.49246231155778897,1.1306730863151182,0.20214981580098268
99,0.49748743718592964,1.1195667434425822,0.21828056916742367
100,0.5025125628140703,1.1097300304893911,0.2349657544500421
101,0.507537688442211,1.1011317484118934,0.2521465167880159
102,0.5125628140703518,1.0936753492893454,0.26975813921982283
103,0.5175879396984925,1.0871999549424125,0.2877310553166181
104,0.5226130653266332,1.0814888705731587,0.3059919805741333
105,0.5276381909547738,1.076284216361164,0.32446512257864146
106,0.5326633165829145,1.0713051150940478,0.3430734269796969
107,0.5376884422110553,1.0662663357935478,0.3617398158786821
108,0.542713567839196,1.0608944752272125,0.38038837731832265
109,0.5477386934673367,1.0549395457065822,0.3989454688605991
110,0.5527638190954774,1.0481809730537373,0.4173407043239209
111,0.5577889447236181,1.0404281845280077,0.4355078000548676
112,0.5628140703517588,1.0315169162652085,0.4533852650272802
113,0.5678391959798995,1.0213029386715595,0.4709169270004547
114,0.5728643216080402,1.0096550662227537,0.4880522944081132
115,0.577889447236181,0.9964491726492846,0.5047467601792219
116,0.5829145728643216,0.9815646072514663,0.5209616590310353
117,0.5879396984924623,0.9648840166573888,0.5366641937770232
118,0.592964824120603,0.9462971689085352,0.551827248834457
119,0.5979899497487438,0.925708936866535,0.5664291104762944
120,0.6030150753768845,0.9030510775900976,0.5804531136023
121,0.6080402010050251,0.8782968188536862,0.5938872341031469
122,0.6130653266331658,0.8514765790336225,0.6067236444786309
123,0.6180904522613065,0.8226925330275948,0.6189582484633316
124,0.6231155778894473,0.7921293826825194,0.6305902082109183
125,0.628140703517588,0.7600587773173622,0.6416214752632088
126,0.6331658291457286,0.7268354594161588,0.6520563342206792
127,0.6381909547738693,0.6928843461575689,0.6619009658412491
128,0.6432160804020101,0.6586792117243679,0.6711630342953384
129,0.6482412060301508,0.6247151076618889,0.679851301540131
130,0.6532663316582915,0.5914778144450505,0.6879752702635287
131,0.6582914572864321,0.5594141835497425,0.6955448555896078
132,0.6633165829145728,0.5289070723883956,0.7025700847191154
133,0.6683417085427136,0.5002577377943899,0.7090608228798867
134,0.6733668341708543,0.47367724077960366,0.7150265233553559
135,0.678391959798995,0.44928692736407744,0.7204759989167833
136,0.6834170854271356,0.42712670091380456,0.7254172116764129
137,0.6884422110552764,0.40716883575682006,0.7298570781782585
138,0.6934673366834171,0.3893346253058209,0.733801286425678
139,0.6984924623115578,0.3735112061631943,0.7372541214892109
140,0.7035175879396985,0.3595663466574553,0.7402182963274583
141,0.7085427135678392,0.347359676772082,0.7426947844745945
142,0.7135678391959799,0.3367496105265139,0.7446826512918109
143,0.7185929648241206,0.32759595296193655,0.7461788805422188
144,0.7236180904522613,0.31975882177067505,0.7471781931305788
145,0.7286432160804021,0.3130950148258304,0.7476728549572064
146,0.7336683417085427,0.30745329969405966,0.7476524709825764
147,0.7386934673366834,0.3026702639757367,0.7471037628083135
148,0.7437185929648241,0.2985683094827637,0.7460103273827712
149,0.7487437185929648,0.2949570648216502,0.7443523748819951
150,0.7537688442211056,0.29163892422493193,0.742106444463035
151,0.7587939698492463,0.28841864384894295,0.7392450975221717
152,0.7638190954773869,0.2851160543265538,0.7357365894316727
153,0.7688442211055276,0.2815801482401636,0.7315445226273437
154,0.7738693467336684,0.27770225997662906,0.7266274865750821
155,0.7788944723618091,0.273425928150621,0.7209386938140533
156,0.7839195979899498,0.2687513919922292,0.7144256262813014
157,0.7889447236180904,0.2637334861654414,0.7070297128680165
158,0.7939698492462312,0.25847281473378814,0.6986860681208962
159,0.7989949748743719,0.2531012749275446,0.6893233337323723
160,0.8040201005025126,0.2477640100017598,0.6788636795458769
161,0.8090452261306533,0.24260048094982073,0.6672230397853499
162,0.8140703517587939,0.23772743422515694,0.6543116834735379
163,0.8190954773869347,0.2332261030383039,0.6400352454858719
164,0.8241206030150754,0.2291351276707312,0.6242963755498581
165,0.8291457286432161,0.22544961591704735,0.6069971945137906
166,0.8341708542713568,0.2221257224804889,0.5880427759526633
167,0.8391959798994975,0.21908931706835316,0.5673458890044445
168,0.8442211055276382,0.21624687583650445,0.5448332332234866
169,0.8492462311557789,0.2134967134189237,0.5204533509071371
170,0.8542713567839196,0.2107390184956255,0.4941862941991742
171,0.8592964824120604,0.2078837343711491,0.4660549273956464
172,0.864321608040201,0.20485597000241157,0.43613743565287655
173,0.8693467336683417,0.20159917620436218,0.4045801792333803
174,0.8743718592964824,0.19807666190288528,0.3716094969763633
175,0.8793969849246231,0.1942721109083947,0.33754049391353225
176,0.8844221105527639,0.1901896180573874,0.3027803836903397
177,0.8894472361809045,0.1858534790977948,0.2678238018503152
178,0.8944723618090452,0.1813076536938071,0.23323789751017565
179,0.8994974874371859,0.1766145820471155,0.19963613235643365
180,0.9045226130653267,0.17185294551441965,0.16764157775709798
181,0.9095477386934674,0.1671140431784966,0.13784283067831282
182,0.914572864321608,0.16249668268219775,0.11074789201271662
183,0.9195979899497487,0.15810079125560864,0.0867427268022195
184,0.9246231155778895,0.15402026239373315,0.06606113519491362
185,0.9296482412060302,0.1503357908369902,0.04877081983731424
186,0.9346733668341709,0.14710855976663323,0.034777543246586114
187,0.9396984924623115,0.14437560408491867,0.023845896092320015
188,0.9447236180904522,0.14214748579654066,0.01563241741503818
189,0.949748743718593,0.14040861067236313,0.009725299483936745
190,0.9547738693467337,0.13912013865649261,0.005684835019158285
191,0.9597989949748744,0.13822505740440486,0.0030798082938461317
192,0.964824120603015,0.1376546691414216,0.0015166329420850386
193,0.9698492462311558,0.13733555138166886,0.0006596546314946439
194,0.9748743718592965,0.13719603830772534,0.0002423165238953917
195,0.9798994974874372,0.1371714435954189,6.972449989328666e-05
196,0.9849246231155779,0.1372075744543126,1.3643579832356426e-05
197,0.9899497487437187,0.1372624946948207,1.321543143473214e-06
198,0.9949748743718593,0.1373068783128877,2.299478685241496e-08
199,1.0,0.13732355138908564,0.0
