,x,y,pNG
0,0.0,0.8552664918089736,0.0
1,0.005025125628140704,0.8553365163928718,0.0
2,0.010050251256281407,0.8555452270735242,0.0
3,0.01507537688442211,0.8558881855144351,0.0
4,0.020100502512562814,0.8563569031867501,0.0
5,0.02512562814070352,0.8569374463535099,0.0
6,0.03015075376884422,0.8576089270080587,2.220446049250313e-16
7,0.035175879396984924,0.858342237223373,1.1102230246251563e-15
8,0.04020100502512563,0.859099378723202,7.549516567451064e-15
9,0.04522613065326633,0.8598336775412427,3.486100297322992e-14
10,0.05025125628140704,0.8604910646220664,1.383337888682945e-13
11,0.05527638190954774,0.8610124630765907,4.785061236134425e-13
12,0.06030150753768844,0.8613371714936928,1.4841461393189093e-12
13,0.06532663316582915,0.8614069911283108,4.199973702156966e-12
14,0.07035175879396985,0.8611707318240697,1.0992984300628448e-11
15,0.07537688442211056,0.8605886616581155,2.6898927529828146e-11
16,0.08040201005025126,0.8596364469718097,6.207279135139743e-11
17,0.08542713567839195,0.8583081644098598,1.3604450899151743e-10
18,0.09045226130653267,0.8566180500133415,2.8486080161371774e-10
19,0.09547738693467336,0.8546007718326964,5.726588092613838e-10
20,0.10050251256281408,0.8523101573184394,1.1098912899853983e-09
21,0.10552763819095477,0.8498164579985151,2.0812813694703887e-09
22,0.11055276381909548,0.8472023745304018,3.7877010417020066e-09
23,0.11557788944723618,0.8445581798016505,6.707588262599984e-09
24,0.12060301507537688,0.8419763545981531,1.1585287951199064e-08
25,0.12562814070351758,0.8395461825733187,1.955589989943718e-08
26,0.1306532663316583,0.8373487374178121,3.231887280019663e-08
27,0.135678391959799,0.8354526391902838,5.237580780192985e-08
28,0.1407035175879397,0.8339108672023114,8.335175805118665e-08
29,0.1457286432160804,0.8327588053047182,1.304238063104535e-07
30,0.15075376884422112,0.8320135750570747,2.0088598262635318e-07
31,0.15577889447236182,0.8316745960806398,3.048856501708386e-07
32,0.16080402010050251,0.8317252123067601,4.56373452140113e-07
33,0.1658291457286432,0.832135146627648,6.743168279310653e-07
34,0.1708542713567839,0.832863500213253,9.84236007472994e-07
35,0.17587939698492464,0.8338619986676142,1.4201313316419828e-06
36,0.18090452261306533,0.8350782041705844,2.0268817668700483e-06
37,0.18592964824120603,0.8364584567208517,2.8632065637301807e-06
38,0.19095477386934673,0.8379503719630161,4.005295189735136e-06
39,0.19597989949748745,0.839504799278845,5.551224879773997e-06
40,0.20100502512562815,0.8410772220787447,7.626300381979868e-06
41,0.20603015075376885,0.8426286525359364,1.0389466603921704e-05
42,0.21105527638190955,0.844126126307876,1.404096181234493e-05
43,0.21608040201005024,0.8455429322596107,1.8831396625285105e-05
44,0.22110552763819097,0.8468587144234113,2.5072462055297784e-05
45,0.22613065326633167,0.8480595591950876,3.314948808097462e-05
46,0.23115577889447236,0.8491381352861654,4.3536092309781615e-05
47,0.23618090452261306,0.8500938962564051,5.681117585598638e-05
48,0.24120603015075376,0.8509332970385257,7.367854016515629e-05
49,0.24623115577889448,0.8516699287339314,9.498941356755886e-05
50,0.25125628140703515,0.8523244503787982,0.00012176818921816324
51,0.2562814070351759,0.8529241988570475,0.0001552416859715855
52,0.2613065326633166,0.8535023899579982,0.00019687224973952144
53,0.2663316582914573,0.8540968802982725,0.00024839501389539714
54,0.271356783919598,0.8547485318363373,0.0003118596320621503
55,0.2763819095477387,0.8554992947895825,0.0003896767836720771
56,0.2814070351758794,0.8563901864077033,0.00048466973030514277
57,0.2864321608040201,0.8574593790929252,0.0006001311670300603
58,0.2914572864321608,0.8587406124508398,0.0007398855655190718
59,0.2964824120603015,0.8602621064220402,0.0009083571420223092
60,0.30150753768844224,0.8620460798555298,0.0011106435004868411
61,0.3065326633165829,0.8641088805769268,0.001352594895956072
62,0.31155778894472363,0.8664616244746131,0.0016408989323892784
63,0.3165829145728643,0.86911114095326,0.0019831703484334273
64,0.32160804020100503,0.8720609492793198,0.002388045350483425
65,0.32663316582914576,0.8753119610910602,0.002865279720645764
66,0.3316582914572864,0.8788626290908422,0.0034258496541164085
67,0.33668341708542715,0.8827083428959182,0.004082053962641163
68,0.3417085427135678,0.8868400028859754,0.004847615915588244
69,0.34673366834170855,0.8912418649385366,0.005737782576480721
70,0.35175879396984927,0.8958889188273239,0.0067694190313284395
71,0.35678391959798994,0.9007442120880897,0.007961094399166924
72,0.36180904522613067,0.9057566308344072,0.009333155971870122
73,0.36683417085427134,0.9108596760771382,0.010907787261231872
74,0.37185929648241206,0.9159717152648156,0.012709045153906471
75,0.3768844221105528,0.9209980440820279,0.014762870813390228
76,0.38190954773869346,0.9258348777459848,0.017097068455051878
77,0.3869346733668342,0.9303751321952491,0.01974124569636193
78,0.3919597989949749,0.934515591142194,0.02272670890008477
79,0.3969849246231156,0.9381648258436595,0.02608630684242097
80,0.4020100502512563,0.9412510779107458,0.029854216217591656
81,0.40703517587939697,0.9437292585212816,0.0340656630069478
82,0.4120603015075377,0.94558627172658,0.03875657466706151
83,0.4170854271356784,0.9468440293290468,0.04396315949513308
84,0.4221105527638191,0.9475597676706916,0.049721411466245535
85,0.4271356783919598,0.9478235677309865,0.05606654133791822
86,0.4321608040201005,0.9477532780486817,0.06303233788205452
87,0.4371859296482412,0.9474873049162792,0.07065046668727748
88,0.44221105527638194,0.9471759332935811,0.07894971797521633
89,0.4472361809045226,0.946971954420041,0.08795521912972826
90,0.45226130653266333,0.9470213959770567,0.09768763192004892
91,0.457286432160804,0.9474550852863165,0.1081623584180399
92,0.4623115577889447,0.9483816434314327,0.11938878302838417
93,0.46733668341708545,0.9498823324674845,0.13136958050521352
94,0.4723618090452261,0.952007984492194,0.1441001209619175
95,0.47738693467336685,0.9547780530468095,0.1575680023811027
96,0.4824120603015075,0.9581816615081283,0.1717527387756841
97,0.48743718592964824,0.9621803908783653,0.18662562784702966
98,0.49246231155778897,0.9667124557733899,0.20214981580098268
99,0.49748743718592964,0.9716978628838179,0.21828056916742367
100,0.5025125628140703,0.9770441280871637,0.2349657544500421
101,0.507537688442211,0.9826521423348005,0.2521465167880159
102,0.5125628140703518,0.9884218171359285,0.26975813921982283
103,0.5175879396984925,0.9942572020324499,0.2877310553166181
104,0.5226130653266332,1.0000708424295681,0.3059919805741333
105,0.5276381909547738,1.0057872294332522,0.32446512257864146
106,0.5326633165829145,1.0113452764685904,0.3430734269796969
107,0.5376884422110553,1.0166998331012194,0.3617398158786821
108,0.542713567839196,1.0218223083421538,0.38038837731832265
109,0.5477386934673367,1.026700519331819,0.3989454688605991
110,0.5527638190954774,1.031337904732486,0.4173407043239209
111,0.5577889447236181,1.03575224618778,0.4355078000548676
112,0.5628140703517588,1.0399740290221537,0.4533852650272802
113,0.5678391959798995,1.0440445498209525,0.4709169270004547
114,0.5728643216080402,1.0480138492562003,0.4880522944081132
115,0.577889447236181,1.0519385189447639,0.5047467601792219
116,0.5829145728643216,1.0558794058805712,0.5209616590310353
117,0.5879396984924623,1.059899220594122,0.5366641937770232
118,0.592964824120603,1.0640600480520295,0.551827248834457
119,0.5979899497487438,1.068420764769868,0.5664291104762944
120,0.6030150753768845,1.0730343820222685,0.5804531136023
121,0.6080402010050251,1.0779453625860254,0.5938872341031469
122,0.6130653266331658,1.0831869948422181,0.6067236444786309
123,0.6180904522613065,1.0887789491339916,0.6189582484633316
124,0.6231155778894473,1.0947251808660468,0.6305902082109183
125,0.628140703517588,1.1010123750940237,0.6416214752632088
126,0.6331658291457286,1.1076091396884702,0.6520563342206792
127,0.6381909547738693,1.1144661407271639,0.6619009658412491
128,0.6432160804020101,1.1215173293322092,0.6711630342953384
129,0.6482412060301508,1.1286823328376667,0.679851301540131
130,0.6532663316582915,1.135869979610122,0.6879752702635287
131,0.6582914572864321,1.1429828064531793,0.6955448555896078
132,0.6633165829145728,1.1499222754542844,0.7025700847191154
133,0.6683417085427136,1.1565943211216791,0.7090608228798867
134,0.6733668341708543,1.1629147760956278,0.7150265233553559
135,0.678391959798995,1.1688141984671818,0.7204759989167833
136,0.6834170854271356,1.174241653405923,0.7254172116764129
137,0.6884422110552764,1.1791670860496175,0.7298570781782585
138,0.6934673366834171,1.183582052901287,0.733801286425678
139,0.6984924623115578,1.187498739802398,0.7372541214892109
140,0.7035175879396985,1.190947365925538,0.7402182963274583
141,0.7085427135678392,1.1939722339269554,0.7426947844745945
142,0.7135678391959799,1.196626817241483,0.7446826512918109
143,0.7185929648241206,1.198968362090725,0.7461788805422188
144,0.7236180904522613,1.201052516176863,0.7471781931305788
145,0.7286432160804021,1.2029284772195983,0.7476728549572064
146,0.7336683417085427,1.2046350876230647,0.7476524709825764
147,0.7386934673366834,1.2061981964388877,0.7471037628083135
148,0.7437185929648241,1.2076294789816964,0.7460103273827712
149,0.7487437185929648,1.208926761462086,0.7443523748819951
150,0.7537688442211056,1.2100757559190525,0.742106444463035
151,0.7587939698492463,1.2110529813941826,0.7392450975221717
152,0.7638190954773869,1.21182954090245,0.7357365894316727
153,0.7688442211055276,1.2123753487541595,0.7315445226273437
154,0.7738693467336684,1.2126633656359118,0.7266274865750821
155,0.7788944723618091,1.212673403638286,0.7209386938140533
156,0.7839195979899498,1.212395111124783,0.7144256262813014
157,0.7889447236180904,1.2118298351073895,0.7070297128680165
158,0.7939698492462312,1.2109911793255415,0.6986860681208962
159,0.7989949748743719,1.209904217723552,0.6893233337323723
160,0.8040201005025126,1.208603469962888,0.6788636795458769
161,0.8090452261306533,1.207129880377326,0.6672230397853499
162,0.8140703517587939,1.2055271470349576,0.6543116834735379
163,0.8190954773869347,1.203837808940849,0.6400352454858719
164,0.8241206030150754,1.202099508000379,0.6242963755498581
165,0.8291457286432161,1.2003417965372774,0.6069971945137906
166,0.8341708542713568,1.1985837671848094,0.5880427759526633
167,0.8391959798994975,1.1968326533038192,0.5673458890044445
168,0.8442211055276382,1.1950834034497297,0.5448332332234866
169,0.8492462311557789,1.1933190939835132,0.5204533509071371
170,0.8542713567839196,1.1915119301708035,0.4941862941991742
171,0.8592964824120604,1.1896245148917646,0.4660549273956464
172,0.864321608040201,1.1876110464253335,0.43613743565287655
173,0.8693467336683417,1.1854181466760225,0.4045801792333803
174,0.8743718592964824,1.182985115449835,0.3716094969763633
175,0.8793969849246231,1.180243545121603,0.33754049391353225
176,0.8844221105527639,1.177116397945962,0.3027803836903397
177,0.8894472361809045,1.1735168258355078,0.2678238018503152
178,0.8944723618090452,1.1693471772572976,0.23323789751017565
179,0.8994974874371859,1.1644987639877824,0.19963613235643365
180,0.9045226130653267,1.1588530277805138,0.16764157775709798
181,0.9095477386934674,1.1522847315622402,0.13784283067831282
182,0.914572864321608,1.144667684581625,0.11074789201271662
183,0.9195979899497487,1.1358832876916198,0.0867427268022195
184,0.9246231155778895,1.1258318581638114,0.06606113519491362
185,0.9296482412060302,1.1144462840657459,0.04877081983731424
186,0.9346733668341709,1.1017071056325534,0.034777543246586114
187,0.9396984924623115,1.087657681996206,0.023845896092320015
188,0.9447236180904522,1.0724177454300603,0.01563241741503818
189,0.949748743718593,1.056193444880258,0.009725299483936745
190,0.9547738693467337,1.0392820003388674,0.005684835019158285
191,0.9597989949748744,1.0220693716191358,0.0030798082938461317
192,0.964824120603015,1.0050198966308546,0.0015166329420850386
193,0.9698492462311558,0.9886576397040292,0.0006596546314946439
194,0.9748743718592965,0.9735401300458402,0.0002423165238953917
195,0.9798994974874372,0.9602261471705207,6.972449989328666e-05
196,0.9849246231155779,0.9492400856640998,1.3643579832356426e-05
197,0.9899497487437187,0.9410360676040864,1.321543143473214e-06
198,0.9949748743718593,0.9359652533691013,2.299478685241496e-08
199,1.0,0.9342496628647144,0.0
