,x,y,pNG
0,0.0,1.2373024240309475e-36,
1,0.6030150753768844,8.360911220568827e-35,
2,1.2060301507537687,4.9777727791391434e-33,
3,1.809045226130653,2.6111086875396333e-31,
4,2.4120603015075375,1.2067828904528746e-29,
5,3.015075376884422,4.914225018168479e-28,
6,3.618090452261306,1.7632420703568622e-26,
7,4.221105527638191,5.574573152417515e-25,
8,4.824120603015075,1.5529913016072187e-23,
9,5.427135678391959,3.812441562399239e-22,0.0
10,6.030150753768844,8.247806813925666e-21,0.0
11,6.633165829145728,1.5725559295859026e-19,0.0
12,7.236180904522612,2.642690069264856e-18,0.0
13,7.839195979899497,3.914810425490031e-17,0.0
14,8.442211055276381,5.112893729454418e-16,0.0
15,9.045226130653266,5.888457749024127e-15,0.0
16,9.64824120603015,5.981757872686205e-14,0.0
17,10.251256281407034,5.361634978457527e-13,0.002585978907965081
18,10.854271356783919,4.2423048237396205e-12,0.013500177316229768
19,11.457286432160803,2.964828102624081e-11,0.0339219475192768
20,12.060301507537687,1.8315951018140852e-10,0.08226461533642426
21,12.663316582914572,1.0012478965014383e-09,0.18418044839459854
22,13.266331658291456,4.84992108700834e-09,0.3192006451881578
23,13.86934673366834,2.085491075520268e-08,0.3684109576405018
24,14.472361809045225,7.980575150881283e-08,0.3605660589044857
25,15.07537688442211,2.7267872083629833e-07,0.3520987329421602
26,15.678391959798994,8.355862877877546e-07,0.3438358482797802
27,16.281407035175878,2.3101168057184207e-06,0.3358285822525192
28,16.884422110552762,5.807295638878671e-06,0.3281231460832621
29,17.487437185929647,1.3407436775123951e-05,0.3208209068187877
30,18.09045226130653,2.877315319290091e-05,0.3143186594439993
31,18.693467336683415,5.816663286437045e-05,0.30892682649333697
32,19.2964824120603,0.00011217851316026041,0.3050302149174896
33,19.899497487437184,0.00020837790328519487,0.3015362444012054
34,20.50251256281407,0.00037454339439544655,0.2969878490934831
35,21.105527638190953,0.0006512114680179838,0.2896708418122551
36,21.708542713567837,0.0010916088909837358,0.2783271426515802
37,22.31155778894472,0.0017574399995954663,0.2635294068171098
38,22.914572864321606,0.002710596076826067,0.24702024562481886
39,23.51758793969849,0.004002641488303732,0.22992760889191746
40,24.120603015075375,0.005664742776477805,0.2132596679617066
41,24.72361809045226,0.007700492537888101,0.19729327143164388
42,25.326633165829143,0.010083482470743036,0.1819333553905496
43,25.929648241206028,0.012760299764431915,0.1670245988181004
44,26.532663316582912,0.01565730283155599,0.15267749466664882
45,27.135678391959797,0.0186875495572788,0.13884866635146975
46,27.73869346733668,0.021755598816530546,0.12579082469666036
47,28.341708542713565,0.024762468449962157,0.1136895223277362
48,28.94472361809045,0.02761547571191242,0.10268306038132002
49,29.547738693467334,0.03024296618913063,0.09284806176755178
50,30.15075376884422,0.03260496354773443,0.0843358969516429
51,30.753768844221103,0.03468811686697279,0.07712171866661753
52,31.356783919597987,0.036484432787525035,0.07134755190352893
53,31.95979899497487,0.03797082684595766,0.06718080061879195
54,32.562814070351756,0.03911118202074519,0.06466491059792245
55,33.16582914572864,0.03988383259672642,0.06384844133919376
56,33.768844221105525,0.040310844875222664,0.06480094726227825
57,34.37185929648241,0.040460127553352376,0.06751261973709377
58,34.97487437185929,0.040415481020933314,0.07202041613581311
59,35.577889447236174,0.040238452581130436,0.07852724613247153
60,36.18090452261306,0.03995032097743503,0.0873614688297466
61,36.78391959798995,0.039542216665013195,0.09825118343759842
62,37.38693467336683,0.038999828119338505,0.111998208856793
63,37.98994974874371,0.038323884136125995,0.1285521381644471
64,38.5929648241206,0.03753597958334519,0.14870244801206545
65,39.19597989949749,0.036670285527578325,0.17234963992201147
66,39.79899497487437,0.03575905513216127,0.20072277591210508
67,40.40201005025125,0.03482189889783784,0.2326339262303724
68,41.00502512562814,0.03386463413304782,0.2676376011139616
69,41.608040201005025,0.032885384241130314,0.3047715148036787
70,42.211055276381906,0.031880587889526975,0.3435786099219493
71,42.81407035175879,0.030846842189757348,0.3853344221166149
72,43.417085427135675,0.029781759958070243,0.4268248674511882
73,44.02010050251256,0.028688515511545287,0.4698677793086414
74,44.62311557788944,0.027581982381355886,0.5154895314171577
75,45.226130653266324,0.026488524700591213,0.5575343020990238
76,45.82914572864321,0.02543591431879344,0.5990551468049039
77,46.4321608040201,0.024440812382611473,0.6373216969278366
78,47.03517587939698,0.023505468661584657,0.6751374039059331
79,47.63819095477386,0.022626354838702817,0.7121530786733851
80,48.24120603015075,0.021804535335369628,0.7459151192511393
81,48.84422110552764,0.02104520525446298,0.7774558144066097
82,49.44723618090452,0.020345133229981903,0.806520935173375
83,50.0502512562814,0.019680036847782016,0.8326942302538363
84,50.65326633165829,0.019005762046255356,0.8576555893841482
85,51.256281407035175,0.018276271495074093,0.8796588219362034
86,51.859296482412056,0.017468261586398113,0.8988453301127746
87,52.46231155778894,0.016596991936937013,0.9154264301414432
88,53.065326633165824,0.015712731076665754,0.9285890504258892
89,53.66834170854271,0.01487809267088432,0.9407791462948659
90,54.27135678391959,0.014137933202746056,0.9511279838786804
91,54.874371859296474,0.013499244905545086,0.960536157003672
92,55.47738693467336,0.01293331727218453,0.966558707380048
93,56.08040201005025,0.012397724986535928,0.9728791287385014
94,56.68341708542713,0.011862030829771065,0.977472188126228
95,57.28643216080401,0.011319953999290035,0.9818743700105974
96,57.8894472361809,0.010782736734044568,0.9849552157848732
97,58.49246231155779,0.01026261464484823,0.9876708106632632
98,59.09547738693467,0.0097604237496848,0.9896342780618672
99,59.69849246231155,0.009265448913204744,0.991462220054917
100,60.30150753768844,0.008765165315466726,0.9929802293963674
101,60.904522613065325,0.008255857062206504,0.9940370486403466
102,61.507537688442206,0.007746320815402776,0.9947934741266024
103,62.110552763819086,0.0072536088762822385,0.9955967443114208
104,62.713567839195974,0.006795610341771118,0.9963721774570484
105,63.31658291457286,0.0063856058538670655,0.9969213245255326
106,63.91959798994974,0.0060301081174969325,0.9973122737599529
107,64.52261306532662,0.005728360909121813,0.9976626783842416
108,65.12562814070351,0.005472433030053672,0.9980050667826634
109,65.7286432160804,0.005248648362230565,0.9983363374735588
110,66.33165829145727,0.005040924985732444,0.9985897121555004
111,66.93467336683416,0.004834743299978031,0.9988126300677572
112,67.53768844221105,0.004619740648123881,0.9989245979026278
113,68.14070351758794,0.004390424899333707,0.9991566724801842
114,68.74371859296483,0.0041461930681808085,0.999277713695395
115,69.3467336683417,0.003891513752991508,0.9993867034894122
116,69.94974874371859,0.0036353892739636,0.9994516302587084
117,70.55276381909547,0.0033887671342661065,0.9995181835825536
118,71.15577889447235,0.0031605809350259157,0.999542518911558
119,71.75879396984924,0.0029552234428525262,0.9996022874241656
120,72.36180904522612,0.002773403545136671,0.9996066758244726
121,72.96482412060301,0.0026149516821126835,0.9996336787104304
122,73.5678391959799,0.0024800679515594704,0.9996447217671668
123,74.17085427135677,0.002367313746069307,0.9996498167775171
124,74.77386934673366,0.0022704179538463195,0.9996538596004352
125,75.37688442211055,0.002177642586214336,0.9996845597269745
126,75.97989949748742,0.0020753939680901935,0.9996929732001444
127,76.58291457286431,0.0019541451858815545,0.9996954881189823
128,77.1859296482412,0.001812887663093481,0.9997556550970618
129,77.78894472361809,0.0016595309627209346,0.9999130981292907
130,78.39195979899498,0.001507442622252004,0.9999180487738458
131,78.99497487437185,0.0013703205186741348,0.9999219837765814
132,79.59798994974874,0.001257771803718749,0.9999402271325668
133,80.20100502512562,0.0011729392599614007,0.99994741776928
134,80.8040201005025,0.0011123499169716448,0.9999512070627551
135,81.40703517587939,0.0010674773272539414,0.9999619245442796
136,82.01005025125627,0.0010273925897180494,0.9999658301204141
137,82.61306532663316,0.000982020186722445,0.9999694853981256
138,83.21608040201005,0.0009253965228295456,0.9999726886782132
139,83.81909547738692,0.0008578323187369933,0.9999756790217249
140,84.42211055276381,0.0007856816740970067,0.9999782778252146
141,85.0251256281407,0.0007182822733180291,0.9999828363536494
142,85.62814070351757,0.0006632851503943203,0.9999850611555962
143,86.23115577889446,0.0006227798809733778,0.999987106445656
144,86.83417085427135,0.0005923188644840416,0.9999888573670892
145,87.43718592964824,0.0005633153585626942,0.9999904221105668
146,88.04020100502512,0.0005274404833422418,0.9999918489461
147,88.643216080402,0.0004806713148985689,0.9999930459869476
148,89.24623115577889,0.00042494525332992743,0.9999940767140856
149,89.84924623115577,0.00036667005020984527,0.9999949986651075
150,90.45226130653265,0.0003130069246149038,0.9999958278429184
151,91.05527638190954,0.0002681060968053638,0.9999965102603317
152,91.65829145728642,0.00023151825734739822,0.9999971092090366
153,92.26130653266331,0.00019956529167921972,0.9999976109291896
154,92.8643216080402,0.0001684242717299229,0.9999980506482068
155,93.46733668341707,0.00013665845528074437,0.9999984070194944
156,94.07035175879396,0.00010571698765057468,0.9999986966522272
157,94.67336683417085,7.865615628715268e-05,0.9999989401579188
158,95.27638190954772,5.840772298813166e-05,0.9999991376472176
159,95.87939698492461,4.66494990527835e-05,0.9999993038652076
160,96.4824120603015,4.342377691834682e-05,0.99999944299943
161,97.08542713567839,4.715385568005513e-05,0.9999995570450008
162,97.68844221105527,5.489226353009089e-05,0.9999996476800244
163,98.29145728643215,6.294869310263743e-05,0.9999997214058484
164,98.89447236180904,6.795549796671548e-05,0.9999997797164736
165,99.49748743718592,6.800656106875593e-05,0.9999998269564752
166,100.1005025125628,6.325395514096922e-05,0.9999998641329392
167,100.70351758793969,5.56018755513158e-05,0.9999998936517678
168,101.30653266331657,4.7708620204015265e-05,0.9999999170475808
169,101.90954773869346,4.188105610981068e-05,0.9999999355245344
170,102.51256281407035,3.9332626967973465e-05,0.9999999502145228
171,103.11557788944722,3.991240356780199e-05,0.9999999615823068
172,103.71859296482411,4.223266901116569e-05,0.9999999705524596
173,104.321608040201,4.418860321590916e-05,0.999999977408596
174,104.92462311557787,4.383951097271032e-05,0.9999999828515836
175,105.52763819095476,4.0335284343179386e-05,0.9999999869956138
176,106.13065326633165,3.43400882847969e-05,0.9999999903002158
177,106.73366834170854,2.7618449938767283e-05,0.9999999926281664
178,107.33668341708542,2.2016927584268734e-05,0.9999999944901076
179,107.9396984924623,1.84972127211392e-05,0.9999999958829449
180,108.54271356783919,1.6799419788324313e-05,0.999999996908535
181,109.14572864321607,1.5846175587322575e-05,0.9999999976648252
182,109.74874371859295,1.4523113995031352e-05,0.9999999982937936
183,110.35175879396984,1.230293165507059e-05,0.999999998745475
184,110.95477386934672,9.379294973921414e-06,0.9999999991010828
185,111.55778894472361,6.356565879959173e-06,0.9999999993469078
186,112.1608040201005,3.8095642969490077e-06,0.9999999995178009
187,112.76381909547737,2.0144919822508237e-06,0.9999999996524364
188,113.36683417085426,9.390548132106135e-07,0.9999999997522412
189,113.96984924623115,3.8572989973925537e-07,0.9999999998203628
190,114.57286432160802,1.3959571146840513e-07,0.9999999998694008
191,115.17587939698491,4.4506920878988566e-08,0.9999999999072636
192,115.7788944723618,1.2500781434047383e-08,0.9999999999335344
193,116.38190954773869,3.093111549527557e-09,0.9999999999531044
194,116.98492462311557,6.742183078394003e-10,0.9999999999664094
195,117.58793969849245,1.2946461021494053e-10,0.99999999997658
196,118.19095477386934,2.1900132775562738e-11,0.9999999999837672
197,118.79396984924622,3.263528443891936e-12,0.999999999988682
198,119.3969849246231,4.284231740621494e-13,0.99999999999207
199,120.0,4.954540370630492e-14,0.9999999999944272
