,x,y,pNG
0,0.0,1.0679032290585555,0.0
1,0.005025125628140704,1.0677108957374721,0.0
2,0.010050251256281407,1.0671418459041833,0.0
3,0.01507537688442211,1.0662196868628069,0.0
4,0.020100502512562814,1.064982927424759,0.0
5,0.02512562814070352,1.0634836406643837,0.0
6,0.03015075376884422,1.0617854617457472,2.220446049250313e-16
7,0.035175879396984924,1.0599608624956935,1.1102230246251563e-15
8,0.04020100502512563,1.0580877102761284,7.549516567451064e-15
9,0.04522613065326633,1.0562452165701524,3.486100297322992e-14
10,0.05025125628140704,1.0545094930032417,1.383337888682945e-13
11,0.05527638190954774,1.0529490366689644,4.785061236134425e-13
12,0.06030150753768844,1.0516205396909968,1.4841461393189093e-12
13,0.06532663316582915,1.0505654415141705,4.199973702156966e-12
14,0.07035175879396985,1.0498076064692978,1.0992984300628448e-11
15,0.07537688442211056,1.049352414248606,2.6898927529828146e-11
16,0.08040201005025126,1.049187408185469,6.207279135139743e-11
17,0.08542713567839195,1.049284475301409,1.3604450899151743e-10
18,0.09045226130653267,1.04960335753419,2.8486080161371774e-10
19,0.09547738693467336,1.0500961405151714,5.726588092613838e-10
20,0.10050251256281408,1.0507122561621918,1.1098912899853983e-09
21,0.10552763819095477,1.051403482635088,2.0812813694703887e-09
22,0.11055276381909548,1.0521284354328366,3.7877010417020066e-09
23,0.11557788944723618,1.0528561130528966,6.707588262599984e-09
24,0.12060301507537688,1.0535681782805708,1.1585287951199064e-08
25,0.12562814070351758,1.0542598048888894,1.955589989943718e-08
26,0.1306532663316583,1.0549390797031613,3.231887280019663e-08
27,0.135678391959799,1.055625102221622,5.237580780192985e-08
28,0.1407035175879397,1.0563450515456518,8.335175805118665e-08
29,0.1457286432160804,1.057130580910649,1.304238063104535e-07
30,0.15075376884422112,1.0580139465963132,2.0088598262635318e-07
31,0.15577889447236182,1.0590242788821074,3.048856501708386e-07
32,0.16080402010050251,1.0601843614359856,4.56373452140113e-07
33,0.1658291457286432,1.0615082095553463,6.743168279310653e-07
34,0.1708542713567839,1.0629996373030375,9.84236007472994e-07
35,0.17587939698492464,1.064651890571022,1.4201313316419828e-06
36,0.18090452261306533,1.0664483094523807,2.0268817668700483e-06
37,0.18592964824120603,1.0683638801190891,2.8632065637301807e-06
38,0.19095477386934673,1.0703674530602012,4.005295189735136e-06
39,0.19597989949748745,1.0724243480740334,5.551224879773997e-06
40,0.20100502512562815,1.0744990411914281,7.626300381979868e-06
41,0.20603015075376885,1.076557636261523,1.0389466603921704e-05
42,0.21105527638190955,1.0785698629078595,1.404096181234493e-05
43,0.21608040201005024,1.0805104087978157,1.8831396625285105e-05
44,0.22110552763819097,1.0823594808394736,2.5072462055297784e-05
45,0.22613065326633167,1.0841025878890505,3.314948808097462e-05
46,0.23115577889447236,1.0857296359749402,4.3536092309781615e-05
47,0.23618090452261306,1.0872335143347591,5.681117585598638e-05
48,0.24120603015075376,1.088608415705524,7.367854016515629e-05
49,0.24623115577889448,1.0898481683855226,9.498941356755886e-05
50,0.25125628140703515,1.0909448552809617,0.00012176818921816324
51,0.2562814070351759,1.0918879558782029,0.0001552416859715855
52,0.2613065326633166,1.092664175459582,0.00019687224973952144
53,0.2663316582914573,1.0932580313010969,0.00024839501389539714
54,0.271356783919598,1.0936531609061946,0.0003118596320621503
55,0.2763819095477387,1.093834216847527,0.0003896767836720771
56,0.2814070351758794,1.0937891299680296,0.00048466973030514277
57,0.2864321608040201,1.093511468039439,0.0006001311670300603
58,0.2914572864321608,1.093002596547901,0.0007398855655190718
59,0.2964824120603015,1.0922733631025794,0.0009083571420223092
60,0.30150753768844224,1.091345073393538,0.0011106435004868411
61,0.3065326633165829,1.0902495974533195,0.001352594895956072
62,0.31155778894472363,1.089028530961979,0.0016408989323892784
63,0.3165829145728643,1.0877314277541172,0.0019831703484334273
64,0.32160804020100503,1.0864132075734418,0.002388045350483425
65,0.32663316582914576,1.0851309200215178,0.002865279720645764
66,0.3316582914572864,1.0839401059028932,0.0034258496541164085
67,0.33668341708542715,1.0828910368436475,0.004082053962641163
68,0.3417085427135678,1.0820251307546132,0.004847615915588244
69,0.34673366834170855,1.0813718334112945,0.005737782576480721
70,0.35175879396984927,1.080946225522004,0.0067694190313284395
71,0.35678391959798994,1.080747562082374,0.007961094399166924
72,0.36180904522613067,1.080758880207034,0.009333155971870122
73,0.36683417085427134,1.080947728359707,0.010907787261231872
74,0.37185929648241206,1.0812679808431678,0.012709045153906471
75,0.3768844221105528,1.0816626143816763,0.014762870813390228
76,0.38190954773869346,1.0820672465664858,0.017097068455051878
77,0.3869346733668342,1.0824141759283552,0.01974124569636193
78,0.3919597989949749,1.0826366257705644,0.02272670890008477
79,0.3969849246231156,1.0826728815260471,0.02608630684242097
80,0.4020100502512563,1.0824700244474812,0.029854216217591656
81,0.40703517587939697,1.0819870004781125,0.0340656630069478
82,0.4120603015075377,1.0811968177285123,0.03875657466706151
83,0.4170854271356784,1.0800877334176437,0.04396315949513308
84,0.4221105527638191,1.078663365402598,0.049721411466245535
85,0.4271356783919598,1.0769417389180909,0.05606654133791822
86,0.4321608040201005,1.0749533511933698,0.06303233788205452
87,0.4371859296482412,1.0727384015980537,0.07065046668727748
88,0.44221105527638194,1.0703433901741908,0.07894971797521633
89,0.4472361809045226,1.0678173306454173,0.08795521912972826
90,0.45226130653266333,1.0652078531770222,0.09768763192004892
91,0.457286432160804,1.0625574850872,0.1081623584180399
92,0.4623115577889447,1.0599003921050574,0.11938878302838417
93,0.46733668341708545,1.0572598366986723,0.13136958050521352
94,0.4723618090452261,1.0546465625501245,0.1441001209619175
95,0.47738693467336685,1.0520582463477135,0.1575680023811027
96,0.4824120603015075,1.0494800730961924,0.1717527387756841
97,0.48743718592964824,1.0468863952772918,0.18662562784702966
98,0.49246231155778897,1.0442433381015637,0.20214981580098268
99,0.49748743718592964,1.041512123119454,0.21828056916742367
100,0.5025125628140703,1.038652811277161,0.2349657544500421
101,0.507537688442211,1.0356281235087645,0.2521465167880159
102,0.5125628140703518,1.0324069887037663,0.26975813921982283
103,0.5175879396984925,1.028967497863812,0.2877310553166181
104,0.5226130653266332,1.0252990072383377,0.3059919805741333
105,0.5276381909547738,1.02140322536304,0.32446512257864146
106,0.5326633165829145,1.01729422855965,0.3430734269796969
107,0.5376884422110553,1.0129974635198076,0.3617398158786821
108,0.542713567839196,1.0085479003652373,0.38038837731832265
109,0.5477386934673367,1.0039875825223532,0.3989454688605991
110,0.5527638190954774,0.9993628712007878,0.4173407043239209
111,0.5577889447236181,0.9947216966533441,0.4355078000548676
112,0.5628140703517588,0.9901111049199223,0.4533852650272802
113,0.5678391959798995,0.9855753314091971,0.4709169270004547
114,0.5728643216080402,0.9811545496112695,0.4880522944081132
115,0.577889447236181,0.9768843456527894,0.5047467601792219
116,0.5829145728643216,0.9727958700087511,0.5209616590310353
117,0.5879396984924623,0.9689165290222146,0.5366641937770232
118,0.592964824120603,0.9652710117491079,0.551827248834457
119,0.5979899497487438,0.9618824097602138,0.5664291104762944
120,0.6030150753768845,0.9587731826707373,0.5804531136023
121,0.6080402010050251,0.9559657498404741,0.5938872341031469
122,0.6130653266331658,0.953482544388126,0.6067236444786309
123,0.6180904522613065,0.9513454416260045,0.6189582484633316
124,0.6231155778894473,0.949574560355369,0.6305902082109183
125,0.628140703517588,0.9481865214909844,0.6416214752632088
126,0.6331658291457286,0.9471923240998772,0.6520563342206792
127,0.6381909547738693,0.9465950558023482,0.6619009658412491
128,0.6432160804020101,0.946387686903819,0.6711630342953384
129,0.6482412060301508,0.9465512030555817,0.679851301540131
130,0.6532663316582915,0.9470533103197915,0.6879752702635287
131,0.6582914572864321,0.9478479026966952,0.6955448555896078
132,0.6633165829145728,0.9488754210280621,0.7025700847191154
133,0.6683417085427136,0.9500641604749906,0.7090608228798867
134,0.6733668341708543,0.951332508448566,0.7150265233553559
135,0.678391959798995,0.9525920222592269,0.7204759989167833
136,0.6834170854271356,0.9537511908948978,0.7254172116764129
137,0.6884422110552764,0.9547196717690236,0.7298570781782585
138,0.6934673366834171,0.9554127531187273,0.733801286425678
139,0.6984924623115578,0.9557557671027174,0.7372541214892109
140,0.7035175879396985,0.9556881682219455,0.7402182963274583
141,0.7085427135678392,0.9551669971875016,0.7426947844745945
142,0.7135678391959799,0.9541694728142337,0.7446826512918109
143,0.7185929648241206,0.9526944951159794,0.7461788805422188
144,0.7236180904522613,0.9507629023292704,0.7471781931305788
145,0.7286432160804021,0.9484164026798266,0.7476728549572064
146,0.7336683417085427,0.9457151957452838,0.7476524709825764
147,0.7386934673366834,0.9427344027914296,0.7471037628083135
148,0.7437185929648241,0.9395595318964045,0.7460103273827712
149,0.7487437185929648,0.9362813008512983,0.7443523748819951
150,0.7537688442211056,0.932990216210429,0.742106444463035
151,0.7587939698492463,0.9297713484657559,0.7392450975221717
152,0.7638190954773869,0.9266997418538278,0.7357365894316727
153,0.7688442211055276,0.9238368482534903,0.7315445226273437
154,0.7738693467336684,0.9212282796904664,0.7266274865750821
155,0.7788944723618091,0.9189030415292183,0.7209386938140533
156,0.7839195979899498,0.9168742529133098,0.7144256262813014
157,0.7889447236180904,0.9151412010361287,0.7070297128680165
158,0.7939698492462312,0.913692431560561,0.6986860681208962
159,0.7989949748743719,0.9125094676442843,0.6893233337323723
160,0.8040201005025126,0.911570688877959,0.6788636795458769
161,0.8090452261306533,0.9108548967356596,0.6672230397853499
162,0.8140703517587939,0.9103441448782256,0.6543116834735379
163,0.8190954773869347,0.910025513222194,0.6400352454858719
164,0.8241206030150754,0.9098916401221597,0.6242963755498581
165,0.8291457286432161,0.9099399791946697,0.6069971945137906
166,0.8341708542713568,0.9101708966729257,0.5880427759526633
167,0.8391959798994975,0.9105848534859389,0.5673458890044445
168,0.8442211055276382,0.9111790090122052,0.5448332332234866
169,0.8492462311557789,0.9119436316720297,0.5204533509071371
170,0.8542713567839196,0.9128587026128654,0.4941862941991742
171,0.8592964824120604,0.9138910565660842,0.4660549273956464
172,0.864321608040201,0.914992328012978,0.43613743565287655
173,0.8693467336683417,0.9160978747537474,0.4045801792333803
174,0.8743718592964824,0.9171267506470274,0.3716094969763633
175,0.8793969849246231,0.9179827103446858,0.33754049391353225
176,0.8844221105527639,0.9185561643914214,0.3027803836903397
177,0.8894472361809045,0.9187269714030437,0.2678238018503152
178,0.8944723618090452,0.9183679569546234,0.23323789751017565
179,0.8994974874371859,0.9173490806006283,0.19963613235643365
180,0.9045226130653267,0.915542220161203,0.16764157775709798
181,0.9095477386934674,0.9128265874101626,0.13784283067831282
182,0.914572864321608,0.9090948102809947,0.11074789201271662
183,0.9195979899497487,0.9042596938484339,0.0867427268022195
184,0.9246231155778895,0.8982615921118723,0.06606113519491362
185,0.9296482412060302,0.8910761823094248,0.04877081983731424
186,0.9346733668341709,0.8827222445357855,0.034777543246586114
187,0.9396984924623115,0.8732688382648929,0.023845896092320015
188,0.9447236180904522,0.8628410733089494,0.01563241741503818
189,0.949748743718593,0.8516235424944355,0.009725299483936745
190,0.9547738693467337,0.8398604627243088,0.005684835019158285
191,0.9597989949748744,0.8278516952087979,0.0030798082938461317
192,0.964824120603015,0.8159440993614229,0.0015166329420850386
193,0.9698492462311558,0.804518105905196,0.0006596546314946439
194,0.9748743718592965,0.7939699313035408,0.0002423165238953917
195,0.9798994974874372,0.7846904297405561,6.972449989328666e-05
196,0.9849246231155779,0.7770421056386531,1.3643579832356426e-05
197,0.9899497487437187,0.7713362012386105,1.321543143473214e-06
198,0.9949748743718593,0.767811955303509,2.299478685241496e-08
199,1.0,0.7666200539503737,0.0
