,x,y
0,0.0,5.802028284106593e-10
1,0.010101010101010102,4.668336238691685e-09
2,0.020202020202020204,3.257731682648833e-08
3,0.030303030303030304,1.973696550041554e-07
4,0.04040404040404041,1.0395795590742234e-06
5,0.05050505050505051,4.769472776169057e-06
6,0.06060606060606061,1.910946022099965e-05
7,0.07070707070707072,6.710199487496452e-05
8,0.08080808080808081,0.0002074953822488233
9,0.09090909090909091,0.0005685714743285248
10,0.10101010101010102,0.0013914350554340294
11,0.11111111111111112,0.0030690929439374
12,0.12121212121212122,0.006160798220147073
13,0.13131313131313133,0.011357448097773188
14,0.14141414141414144,0.019368948210597103
15,0.15151515151515152,0.030714695624290893
16,0.16161616161616163,0.045466143926237705
17,0.17171717171717174,0.06310801890932599
18,0.18181818181818182,0.08271871555418761
19,0.19191919191919193,0.10347836300145467
20,0.20202020202020204,0.12519475468957886
21,0.21212121212121213,0.1484356259721583
22,0.22222222222222224,0.17416870185171598
23,0.23232323232323235,0.20328144179722177
24,0.24242424242424243,0.23649124993759396
25,0.25252525252525254,0.27476343641626366
26,0.26262626262626265,0.31975717368231854
27,0.27272727272727276,0.373630908315657
28,0.2828282828282829,0.4380988059549156
29,0.29292929292929293,0.5135172798359976
30,0.30303030303030304,0.5990030753983856
31,0.31313131313131315,0.6936648782746456
32,0.32323232323232326,0.7978230405380761
33,0.33333333333333337,0.9129448736321998
34,0.3434343434343435,1.0401260594099313
35,0.3535353535353536,1.1781417123051572
36,0.36363636363636365,1.3223446152121765
37,0.37373737373737376,1.4651063818433563
38,0.38383838383838387,1.5977324818062228
39,0.393939393939394,1.7131477291794879
40,0.4040404040404041,1.8081816612785628
41,0.4141414141414142,1.8842518153384837
42,0.42424242424242425,1.946012564685432
43,0.43434343434343436,1.998840188112035
44,0.4444444444444445,2.0467741377185855
45,0.4545454545454546,2.091872381315439
46,0.4646464646464647,2.134486617597446
47,0.4747474747474748,2.1733770351937713
48,0.48484848484848486,2.205490057181741
49,0.494949494949495,2.2262822063397105
50,0.5050505050505051,2.2311996359950723
51,0.5151515151515152,2.217692193254268
52,0.5252525252525253,2.1864933371638537
53,0.5353535353535354,2.1414176916926726
54,0.5454545454545455,2.0878673518239608
55,0.5555555555555556,2.03082556477218
56,0.5656565656565657,1.9732392149762596
57,0.5757575757575758,1.9154680825992942
58,0.5858585858585859,1.8559907509766957
59,0.595959595959596,1.7930150784814807
60,0.6060606060606061,1.726289355748833
61,0.6161616161616162,1.6582655563466628
62,0.6262626262626263,1.593832177360602
63,0.6363636363636365,1.5383986550185214
64,0.6464646464646465,1.4952289591941303
65,0.6565656565656566,1.4637275537723815
66,0.6666666666666667,1.43981993992094
67,0.6767676767676768,1.4179475795226462
68,0.686868686868687,1.393148006316331
69,0.696969696969697,1.3621982393825338
70,0.7070707070707072,1.3239732066627354
71,0.7171717171717172,1.2795456592907957
72,0.7272727272727273,1.2320106862499178
73,0.7373737373737375,1.1856665180289274
74,0.7474747474747475,1.144641923060505
75,0.7575757575757577,1.1116865378872887
76,0.7676767676767677,1.0877668198524422
77,0.7777777777777778,1.0723982679546054
78,0.787878787878788,1.0640895935274024
79,0.797979797979798,1.0604226669637575
80,0.8080808080808082,1.0579344204451704
81,0.8181818181818182,1.0524231962706725
82,0.8282828282828284,1.0400552093349444
83,0.8383838383838385,1.0188517135990023
84,0.8484848484848485,0.9895615235647226
85,0.8585858585858587,0.955224878885167
86,0.8686868686868687,0.9197294277422676
87,0.8787878787878789,0.8864075725044043
88,0.888888888888889,0.8574748462466546
89,0.8989898989898991,0.8341563347855815
90,0.9090909090909092,0.8167548910132092
91,0.9191919191919192,0.804266425909289
92,0.9292929292929294,0.7938669926553047
93,0.9393939393939394,0.7807804935292052
94,0.9494949494949496,0.7586746312261035
95,0.9595959595959597,0.7205680155207116
96,0.9696969696969697,0.6604891502660744
97,0.9797979797979799,0.5760426866421052
98,0.98989898989899,0.4710085690079253
99,1.0,0.3559792772194378
