,x,y,pNG
0,0.0,2.414932485153106,0.0
1,0.005025125628140704,2.4133390062048594,0.0
2,0.010050251256281407,2.4086563224766318,0.0
3,0.01507537688442211,2.4011667650720434,0.0
4,0.020100502512562814,2.3913058907620157,0.0
5,0.02512562814070352,2.3796147911369143,0.0
6,0.03015075376884422,2.366682203896559,2.220446049250313e-16
7,0.035175879396984924,2.353083740657127,1.1102230246251563e-15
8,0.04020100502512563,2.339325700612394,7.549516567451064e-15
9,0.04522613065326633,2.3258000974433837,3.486100297322992e-14
10,0.05025125628140704,2.312755853129802,1.383337888682945e-13
11,0.05527638190954774,2.3002888773935055,4.785061236134425e-13
12,0.06030150753768844,2.2883512822952086,1.4841461393189093e-12
13,0.06532663316582915,2.2767776101160235,4.199973702156966e-12
14,0.07035175879396985,2.2653239708785216,1.0992984300628448e-11
15,0.07537688442211056,2.253714610112068,2.6898927529828146e-11
16,0.08040201005025126,2.241689777673914,6.207279135139743e-11
17,0.08542713567839195,2.229048863134354,1.3604450899151743e-10
18,0.09045226130653267,2.2156835311035574,2.8486080161371774e-10
19,0.09547738693467336,2.2015968945379556,5.726588092613838e-10
20,0.10050251256281408,2.18690643508308,1.1098912899853983e-09
21,0.10552763819095477,2.171830240392834,2.0812813694703887e-09
22,0.11055276381909548,2.156658013669235,3.7877010417020066e-09
23,0.11557788944723618,2.141710069508625,6.707588262599984e-09
24,0.12060301507537688,2.12728902006242,1.1585287951199064e-08
25,0.12562814070351758,2.113629935740114,1.955589989943718e-08
26,0.1306532663316583,2.1008552981451714,3.231887280019663e-08
27,0.135678391959799,2.088940932149846,5.237580780192985e-08
28,0.1407035175879397,2.0776982383933382,8.335175805118665e-08
29,0.1457286432160804,2.066776453636937,1.304238063104535e-07
30,0.15075376884422112,2.0556864503966974,2.0088598262635318e-07
31,0.15577889447236182,2.0438449601262074,3.048856501708386e-07
32,0.16080402010050251,2.030635367078838,4.56373452140113e-07
33,0.1658291457286432,2.0154787307048982,6.743168279310653e-07
34,0.1708542713567839,1.9979068208790862,9.84236007472994e-07
35,0.17587939698492464,1.9776280165151459,1.4201313316419828e-06
36,0.18090452261306533,1.9545771502316767,2.0268817668700483e-06
37,0.18592964824120603,1.9289418596298429,2.8632065637301807e-06
38,0.19095477386934673,1.9011606299071604,4.005295189735136e-06
39,0.19597989949748745,1.87189119471155,5.551224879773997e-06
40,0.20100502512562815,1.8419518484067907,7.626300381979868e-06
41,0.20603015075376885,1.8122419522366389,1.0389466603921704e-05
42,0.21105527638190955,1.78365090972121,1.404096181234493e-05
43,0.21608040201005024,1.756966648717799,1.8831396625285105e-05
44,0.22110552763819097,1.7327948667403203,2.5072462055297784e-05
45,0.22613065326633167,1.7114989091898942,3.314948808097462e-05
46,0.23115577889447236,1.693167362549909,4.3536092309781615e-05
47,0.23618090452261306,1.6776126963139717,5.681117585598638e-05
48,0.24120603015075376,1.6644001717598236,7.367854016515629e-05
49,0.24623115577889448,1.6529023887806948,9.498941356755886e-05
50,0.25125628140703515,1.642371826941187,0.00012176818921816324
51,0.2562814070351759,1.6320219471766007,0.0001552416859715855
52,0.2613065326633166,1.621107021798013,0.00019687224973952144
53,0.2663316582914573,1.6089917813401542,0.00024839501389539714
54,0.271356783919598,1.595203937335066,0.0003118596320621503
55,0.2763819095477387,1.5794652659791943,0.0003896767836720771
56,0.2814070351758794,1.5616997898423686,0.00048466973030514277
57,0.2864321608040201,1.5420202910960876,0.0006001311670300603
58,0.2914572864321608,1.520696648516323,0.0007398855655190718
59,0.2964824120603015,1.4981111460335328,0.0009083571420223092
60,0.30150753768844224,1.4747068843775668,0.0011106435004868411
61,0.3065326633165829,1.4509357311652837,0.001352594895956072
62,0.31155778894472363,1.427211887295839,0.0016408989323892784
63,0.3165829145728643,1.4038761625820546,0.0019831703484334273
64,0.32160804020100503,1.3811745051591195,0.002388045350483425
65,0.32663316582914576,1.359252342834711,0.002865279720645764
66,0.3316582914572864,1.3381640827547936,0.0034258496541164085
67,0.33668341708542715,1.3178949757096485,0.004082053962641163
68,0.3417085427135678,1.298390822765746,0.004847615915588244
69,0.34673366834170855,1.2795899924463485,0.005737782576480721
70,0.35175879396984927,1.261452119527148,0.0067694190313284395
71,0.35678391959798994,1.243978690119135,0.007961094399166924
72,0.36180904522613067,1.227222312606411,0.009333155971870122
73,0.36683417085427134,1.2112835127644042,0.010907787261231872
74,0.37185929648241206,1.1962959879555468,0.012709045153906471
75,0.3768844221105528,1.1824030463085564,0.014762870813390228
76,0.38190954773869346,1.1697291760479125,0.017097068455051878
77,0.3869346733668342,1.1583512078948537,0.01974124569636193
78,0.3919597989949749,1.148273357231468,0.02272670890008477
79,0.3969849246231156,1.139409679628527,0.02608630684242097
80,0.4020100502512563,1.1315763288553644,0.029854216217591656
81,0.40703517587939697,1.1244946820675608,0.0340656630069478
82,0.4120603015075377,1.1178050927815268,0.03875657466706151
83,0.4170854271356784,1.111089907624151,0.04396315949513308
84,0.4221105527638191,1.103903534561707,0.049721411466245535
85,0.4271356783919598,1.0958068048667684,0.05606654133791822
86,0.4321608040201005,1.0864025944894444,0.06303233788205452
87,0.4371859296482412,1.0753695972399921,0.07065046668727748
88,0.44221105527638194,1.0624912158147009,0.07894971797521633
89,0.4472361809045226,1.0476767461595988,0.08795521912972826
90,0.45226130653266333,1.030972423819686,0.09768763192004892
91,0.457286432160804,1.0125605636415997,0.1081623584180399
92,0.4623115577889447,0.992746028546483,0.11938878302838417
93,0.46733668341708545,0.9719306043409848,0.13136958050521352
94,0.4723618090452261,0.9505774090513933,0.1441001209619175
95,0.47738693467336685,0.9291689766311163,0.1575680023811027
96,0.4824120603015075,0.9081638025121278,0.1717527387756841
97,0.48743718592964824,0.8879566160036995,0.18662562784702966
98,0.49246231155778897,0.8688472624926905,0.20214981580098268
99,0.49748743718592964,0.8510218364856383,0.21828056916742367
100,0.5025125628140703,0.834547811277435,0.2349657544500421
101,0.507537688442211,0.8193827308285192,0.2521465167880159
102,0.5125628140703518,0.805394001401004,0.26975813921982283
103,0.5175879396984925,0.7923858392894465,0.2877310553166181
104,0.5226130653266332,0.7801287536836153,0.3059919805741333
105,0.5276381909547738,0.768387137256779,0.32446512257864146
106,0.5326633165829145,0.7569414788439535,0.3430734269796969
107,0.5376884422110553,0.7456031379967412,0.3617398158786821
108,0.542713567839196,0.7342211998239991,0.38038837731832265
109,0.5477386934673367,0.7226823447501005,0.3989454688605991
110,0.5527638190954774,0.710905685299781,0.4173407043239209
111,0.5577889447236181,0.6988350188780115,0.4355078000548676
112,0.5628140703517588,0.686430917723816,0.4533852650272802
113,0.5678391959798995,0.6736646163627967,0.4709169270004547
114,0.5728643216080402,0.6605149137572381,0.4880522944081132
115,0.577889447236181,0.6469684533802539,0.5047467601792219
116,0.5829145728643216,0.6330229397415763,0.5209616590310353
117,0.5879396984924623,0.6186922218457797,0.5366641937770232
118,0.592964824120603,0.6040118058305805,0.551827248834457
119,0.5979899497487438,0.5890432853550125,0.5664291104762944
120,0.6030150753768845,0.5738763861848244,0.5804531136023
121,0.6080402010050251,0.5586277549969894,0.5938872341031469
122,0.6130653266331658,0.5434361927648756,0.6067236444786309
123,0.6180904522613065,0.5284546333666202,0.6189582484633316
124,0.6231155778894473,0.5138396927984816,0.6305902082109183
125,0.628140703517588,0.4997399790283798,0.6416214752632088
126,0.6331658291457286,0.48628450852091887,0.6520563342206792
127,0.6381909547738693,0.47357251663441446,0.6619009658412491
128,0.6432160804020101,0.4616657081965798,0.6711630342953384
129,0.6482412060301508,0.4505836319459059,0.679851301540131
130,0.6532663316582915,0.4403024509805997,0.6879752702635287
131,0.6582914572864321,0.43075699153206654,0.6955448555896078
132,0.6633165829145728,0.4218456412478242,0.7025700847191154
133,0.6683417085427136,0.41343747122568797,0.7090608228798867
134,0.6733668341708543,0.4053808828503008,0.7150265233553559
135,0.678391959798995,0.3975131136937111,0.7204759989167833
136,0.6834170854271356,0.3896700358535019,0.7254172116764129
137,0.6884422110552764,0.38169579149786087,0.7298570781782585
138,0.6934673366834171,0.3734518834099309,0.733801286425678
139,0.6984924623115578,0.36482534377296316,0.7372541214892109
140,0.7035175879396985,0.35573554866025126,0.7402182963274583
141,0.7085427135678392,0.34613917285378204,0.7426947844745945
142,0.7135678391959799,0.33603275813346656,0.7446826512918109
143,0.7185929648241206,0.3254524639301912,0.7461788805422188
144,0.7236180904522613,0.3144708149925344,0.7471781931305788
145,0.7286432160804021,0.3031906348007058,0.7476728549572064
146,0.7336683417085427,0.29173677827931943,0.7476524709825764
147,0.7386934673366834,0.2802466408096688,0.7471037628083135
148,0.7437185929648241,0.26886061343263706,0.7460103273827712
149,0.7487437185929648,0.25771360942074606,0.7443523748819951
150,0.7537688442211056,0.24692850569549657,0.742106444463035
151,0.7587939698492463,0.23661189390182685,0.7392450975221717
152,0.7638190954773869,0.22685203748196106,0.7357365894316727
153,0.7688442211055276,0.21771850999362466,0.7315445226273437
154,0.7738693467336684,0.20926274570590397,0.7266274865750821
155,0.7788944723618091,0.20151871270274774,0.7209386938140533
156,0.7839195979899498,0.19450310839714496,0.7144256262813014
157,0.7889447236180904,0.1882148159812646,0.7070297128680165
158,0.7939698492462312,0.1826337586235568,0.6986860681208962
159,0.7989949748743719,0.1777196512587524,0.6893233337323723
160,0.8040201005025126,0.17341139461893879,0.6788636795458769
161,0.8090452261306533,0.16962792335675222,0.6672230397853499
162,0.8140703517587939,0.16627118174511937,0.6543116834735379
163,0.8190954773869347,0.16323156598144958,0.6400352454858719
164,0.8241206030150754,0.1603956924287636,0.6242963755498581
165,0.8291457286432161,0.1576558166570281,0.6069971945137906
166,0.8341708542713568,0.15491975698466584,0.5880427759526633
167,0.8391959798994975,0.15211988989996883,0.5673458890044445
168,0.8442211055276382,0.1492197756419636,0.5448332332234866
169,0.8492462311557789,0.14621727201952112,0.5204533509071371
170,0.8542713567839196,0.1431435560136815,0.4941862941991742
171,0.8592964824120604,0.1400581744138106,0.4660549273956464
172,0.864321608040201,0.13704092070317642,0.43613743565287655
173,0.8693467336683417,0.13418182199389267,0.4045801792333803
174,0.8743718592964824,0.13157070468793605,0.3716094969763633
175,0.8793969849246231,0.1292876637579089,0.33754049391353225
176,0.8844221105527639,0.1273953535987483,0.3027803836903397
177,0.8894472361809045,0.12593348399654075,0.2678238018503152
178,0.8944723618090452,0.12491540534974269,0.23323789751017565
179,0.8994974874371859,0.12432634262491847,0.19963613235643365
180,0.9045226130653267,0.12412276534006655,0.16764157775709798
181,0.9095477386934674,0.12423255865341186,0.13784283067831282
182,0.914572864321608,0.12455601165135086,0.11074789201271662
183,0.9195979899497487,0.12496803717350745,0.0867427268022195
184,0.9246231155778895,0.1253223421873049,0.06606113519491362
185,0.9296482412060302,0.12545835741257527,0.04877081983731424
186,0.9346733668341709,0.12521153472798227,0.034777543246586114
187,0.9396984924623115,0.12442711980444025,0.023845896092320015
188,0.9447236180904522,0.1229767650748112,0.01563241741503818
189,0.949748743718593,0.12077649135897545,0.009725299483936745
190,0.9547738693467337,0.1178037138619364,0.005684835019158285
191,0.9597989949748744,0.11411052199472074,0.0030798082938461317
192,0.964824120603015,0.10983032751449091,0.0015166329420850386
193,0.9698492462311558,0.10517549207458189,0.0006596546314946439
194,0.9748743718592965,0.10042462521019158,0.0002423165238953917
195,0.9798994974874372,0.09589978468907218,6.972449989328666e-05
196,0.9849246231155779,0.09193556133890175,1.3643579832356426e-05
197,0.9899497487437187,0.08884364994077823,1.321543143473214e-06
198,0.9949748743718593,0.08687764021724478,2.299478685241496e-08
199,1.0,0.0862031212022585,0.0
