,x,y,pNG
0,0.0,0.9781263626489843,0.12533111851005752
1,0.005025125628140704,0.9780877995144485,0.12515540962561222
2,0.010050251256281407,0.9779668478292205,0.1249781500566417
3,0.01507537688442211,0.9777484373582241,0.12479932818649064
4,0.020100502512562814,0.9774097581294893,0.12461893296737915
5,0.02512562814070352,0.976923443642787,0.12443695397445895
6,0.03015075376884422,0.9762615016037512,0.12425338145851585
7,0.035175879396984924,0.9753995323048086,0.12406820639699535
8,0.04020100502512563,0.9743207321821261,0.12388142054303285
9,0.04522613065326633,0.9730191943555495,0.12369301647220945
10,0.05025125628140704,0.9715020904469547,0.12350298762673405
11,0.05527638190954774,0.9697904432552071,0.12331132835682103
12,0.06030150753768844,0.96791836543558,0.1231180339589969
13,0.06532663316582915,0.9659308262775425,0.12292310071116595
14,0.07035175879396985,0.9638801935644513,0.12272652590422704
15,0.07537688442211056,0.9618219553552522,0.12252830787009028
16,0.08040201005025126,0.9598101345413961,0.12232844600604753
17,0.08542713567839195,0.9578929503836654,0.12212694079534304
18,0.09045226130653267,0.9561092482961793,0.1219237938239991
19,0.09547738693467336,0.9544861153386641,0.12171900779393485
20,0.10050251256281408,0.9530379386750105,0.12151258653245768
21,0.10552763819095477,0.951766971171277,0.12130453499835248
22,0.11055276381909548,0.950665271133728,0.1210948592848652
23,0.11557788944723618,0.9497177111353899,0.12088356661995835
24,0.12060301507537688,0.9489056285324193,0.12067066536440985
25,0.12562814070351758,0.9482106333842313,0.12045616500843292
26,0.1306532663316583,0.94761810247327,0.1202400761677177
27,0.135678391959799,0.9471199637241946,0.12002241057999675
28,0.1407035175879397,0.9467164965713144,0.11980318110348898
29,0.1457286432160804,0.9464170177402665,0.1195824017189202
30,0.15075376884422112,0.9462394642081783,0.11936008753706615
31,0.15577889447236182,0.9462090048266596,0.1191362548142778
32,0.16080402010050251,0.9463558951971042,0.1189109209787792
33,0.1658291457286432,0.9467128316204028,0.11868410467114188
34,0.1708542713567839,0.9473120626472289,0.11845582580279435
35,0.17587939698492464,0.948182490875843,0.1182261056371522
36,0.18090452261306533,0.9493469564918453,0.1179949668986211
37,0.18592964824120603,0.9508198506855593,0.11776243391542572
38,0.19095477386934673,0.9526051712287439,0.11752853280320265
39,0.19597989949748745,0.9546951085786864,0.11729329169701475
40,0.20100502512562815,0.9570692376948354,0.11705674104058085
41,0.20603015075376885,0.9596943825710836,0.11681891394243205
42,0.21105527638190955,0.9625252092828982,0.11657984660985075
43,0.21608040201005024,0.9655055814790203,0.1163395788725864
44,0.22110552763819097,0.9685706748834711,0.11609815480945407
45,0.22613065326633167,0.9716497941041536,0.1158556234922622
46,0.23115577889447236,0.9746697703134324,0.1156120398625594
47,0.23618090452261306,0.9775587507133823,0.1153674657580489
48,0.24120603015075376,0.9802501310358106,0.1151219711066208
49,0.24623115577889448,0.9826863417088104,0.11487563530711398
50,0.25125628140703515,0.9848221856987998,0.11462854881696805
51,0.2562814070351759,0.9866274464777097,0.11438081496789175
52,0.2613065326633166,0.9880885382372283,0.11413255203147656
53,0.2663316582914573,0.9892090525275204,0.11388389555729815
54,0.271356783919598,0.9900091567982849,0.11363500100649936
55,0.2763819095477387,0.9905239088008151,0.11338604670395536
56,0.2814070351758794,0.9908006532248842,0.1131372371320074
57,0.2864321608040201,0.9908957506949266,0.11288880658817445
58,0.2914572864321608,0.990870944064139,0.11264102322838533
59,0.2964824120603015,0.9907896862080046,0.11239419351578904
60,0.30150753768844224,0.990713735137784,0.11214866709333073
61,0.3065326633165829,0.9907002689705724,0.11190484209570706
62,0.31155778894472363,0.9907996924164316,0.11166317091314236
63,0.3165829145728643,0.9910542090115786,0.11142416641552877
64,0.32160804020100503,0.9914971327442288,0.11118840864076962
65,0.32663316582914576,0.9921528230052067,0.11095655194568088
66,0.3316582914572864,0.9930370606133808,0.1107293326113018
67,0.33668341708542715,0.9941576494213319,0.11050757688713576
68,0.3417085427135678,0.995515032275376,0.11029220945039253
69,0.34673366834170855,0.9971027507124758,0.11008426224684564
70,0.35175879396984927,0.9989076477274991,0.10988488366936576
71,0.35678391959798994,1.0009098003138415,0.10969534801851323
72,0.36180904522613067,1.0030822581893353,0.10951706517674598
73,0.36683417085427134,1.0053907413596845,0.10935159041393172
74,0.37185929648241206,1.0077934980764212,0.10920063422684534
75,0.3768844221105528,1.010241536843624,0.10906607209932496
76,0.38190954773869346,1.0126794180946808,0.10894995405287576
77,0.3869346733668342,1.015046726530173,0.1088545138397854
78,0.3919597989949749,1.0172802537361085,0.10878217761253528
79,0.3969849246231156,1.0193168170709508,0.10873557188463034
80,0.4020100502512563,1.0210965414645843,0.10871753057917456
81,0.40703517587939697,1.0225663513755572,0.10873110094304883
82,0.4120603015075377,1.023683372746373,0.10877954808671796
83,0.4170854271356784,1.0244179358026324,0.10886635789297183
84,0.4221105527638191,1.024755898908835,0.10899523802302813
85,0.4271356783919598,1.0247000753134539,0.10917011673571808
86,0.4321608040201005,1.0242706278980256,0.10939513922597832
87,0.4371859296482412,1.0235043892399787,0.1096746611831072
88,0.44221105527638194,1.0224531530423087,0.1100132392681622
89,0.4472361809045226,1.0211810584837484,0.11041561821425283
90,0.45226130653266333,1.0197612454485727,0.11088671426440078
91,0.457286432160804,1.0182719943169913,0.11143159467965902
92,0.4623115577889447,1.0167925810057932,0.11205545307647324
93,0.46733668341708545,1.0153990803539645,0.1127635803874426
94,0.4723618090452261,1.014160343288808,0.11356133128421694
95,0.47738693467336685,1.0131343589727975,0.11445408595608042
96,0.4824120603015075,1.0123651938708569,0.11544720720254242
97,0.48743718592964824,1.0118806749344602,0.11654599287345345
98,0.49246231155778897,1.0116909520887751,0.117755623774926
99,0.49748743718592964,1.0117880340012946,0.11908110725319955
100,0.5025125628140703,1.012146339922699,0.12052721677006205
101,0.507537688442211,1.0127242505725238,0.12209842789098245
102,0.5125628140703518,1.013466576465914,0.12379885121833545
103,0.5175879396984925,1.0143077987795501,0.12563216291441948
104,0.5226130653266332,1.0151758830310726,0.12760153356923798
105,0.5276381909547738,1.0159964264365535,0.12970955627252634
106,0.5326633165829145,1.0166968810403187,0.13195817484470873
107,0.5376884422110553,1.0172105989408158,0.13434861326305114
108,0.542713567839196,1.01748047210323,0.1368813073834806
109,0.5477386934673367,1.017461983022723,0.13955584010144073
110,0.5527638190954774,1.0171255371094443,0.1423708811131864
111,0.5577889447236181,1.0164580052082282,0.1453241324295086
112,0.5628140703517588,1.015463457618765,0.14841228075456006
113,0.5678391959798995,1.0141631135870177,0.15163095777250968
114,0.5728643216080402,1.0125945594782448,0.1549747092838224
115,0.577889447236181,1.0108103048369321,0.15843697400270595
116,0.5829145728643216,1.0088757512770958,0.16201007266985767
117,0.5879396984924623,1.006866649623772,0.16568520795418973
118,0.592964824120603,1.0048661216689572,0.1694524754185429
119,0.5979899497487438,1.0029613293278632,0.17330088561364154
120,0.6030150753768845,1.0012398888869154,0.17721839714846155
121,0.6080402010050251,0.9997861515178158,0.1811919603710369
122,0.6130653266331658,0.9986775001997433,0.18520757108933072
123,0.6180904522613065,0.9979808417962059,0.1892503335740391
124,0.6231155778894473,0.9977494937546529,0.19330453192140215
125,0.628140703517588,0.99802067011276,0.19735370872003188
126,0.6331658291457286,0.9988137551958922,0.20138074986659396
127,0.6381909547738693,1.000129512722072,0.20536797431433074
128,0.6432160804020101,1.0019503142852628,0.2092972275184716
129,0.6482412060301508,1.0042413900125755,0.21314997736388666
130,0.6532663316582915,1.0069530149163315,0.21690741142250247
131,0.6582914572864321,1.0100234586519397,0.22055053448866524
132,0.6633165829145728,1.0133824558766047,0.22406026547646585
133,0.6683417085427136,1.0169549092079855,0.22741753292995426
134,0.6733668341708543,1.020664523352502,0.2306033685893444
135,0.678391959798995,1.0244370890875634,0.233598998668879
136,0.6834170854271356,1.028203186333821,0.23638593272802666
137,0.6884422110552764,1.0319001492275446,0.23894605025154825
138,0.6934673366834171,1.0354732227776948,0.2412616852891576
139,0.6984924623115578,1.038875929202601,0.2433157097357681
140,0.7035175879396985,1.042069741955005,0.24509161605291385
141,0.7085427135678392,1.0450232284665637,0.2465736004344138
142,0.7135678391959799,1.0477108634415506,0.24774664759887066
143,0.7185929648241206,1.0501117309118817,0.2485966185414891
144,0.7236180904522613,1.052208325818481,0.24911034269116986
145,0.7286432160804021,1.05398563728821,0.2492757159882157
146,0.7336683417085427,1.05543065007046,0.2490818064137271
147,0.7386934673366834,1.0565323425893967,0.24851896845498844
148,0.7437185929648241,1.0572821950033577,0.2475789678683956
149,0.7487437185929648,1.0576751541235203,0.24625511789090335
150,0.7537688442211056,1.057710939931935,0.2445424277363064
151,0.7587939698492463,1.0573955268608803,0.24243776377850726
152,0.7638190954773869,1.0567425978894407,0.2399400232529377
153,0.7688442211055276,1.05577475596639,0.2370503195834825
154,0.7738693467336684,1.0545242885990953,0.2337721775514936
155,0.7788944723618091,1.0530333182741172,0.2301117354564768
156,0.7839195979899498,1.0513532309367761,0.22607795017285534
157,0.7889447236180904,1.0495433507707563,0.22168279959380788
158,0.7939698492462312,1.0476689127139105,0.21694147539682795
159,0.7989949748743719,1.045798463484594,0.2118725574130479
160,0.8040201005025126,1.0440008862710255,0.2064981592052149
161,0.8090452261306533,1.0423422843488197,0.2008440328596801
162,0.8140703517587939,1.040882968844837,0.194939619610122
163,0.8190954773869347,1.039674774206977,0.1888180319019902
164,0.8241206030150754,1.0387588748854437,0.1825159520720826
165,0.8291457286432161,1.038164205578645,0.17607343317081306
166,0.8341708542713568,1.037906505291269,0.1695335888117271
167,0.8391959798994975,1.0379879238100227,0.16294216148824936
168,0.8442211055276382,1.038397059135609,0.15634696269461812
169,0.8492462311557789,1.0391092454222783,0.1497971834834172
170,0.8542713567839196,1.040086890092375,0.1433425807208546
171,0.8592964824120604,1.0412796701011708,0.13703255204532394
172,0.864321608040201,1.0426244418191055,0.13091512100491332
173,0.8693467336683417,1.0440447945303803,0.12503586248435938
174,0.8743718592964824,1.0454502787710362,0.11943680662398724
175,0.8793969849246231,1.0467354589797928,0.11415536618348955
176,0.8844221105527639,1.0477790631568324,0.10922333690199904
177,0.8894472361809045,1.0484436151763112,0.10466602213240496
178,0.8944723618090452,1.0485760203728176,0.10050153135718733
179,0.8994974874371859,1.0480096133139833,0.09674029688777784
180,0.9045226130653267,1.0465681508418863,0.09338484422211757
181,0.9095477386934674,1.0440721302724394,0.09042983966160399
182,0.914572864321608,1.0403476262750846,0.08786242466728755
183,0.9195979899497487,1.0352375750314355,0.08566283109420503
184,0.9246231155778895,1.0286151079231483,0.0838052560069793
185,0.9296482412060302,1.020398179429566,0.08225896032641611
186,0.9346733668341709,1.0105643868919123,0.08098954298003336
187,0.9396984924623115,0.9991645928743526,0.07996033214943754
188,0.9447236180904522,0.9863337854034651,0.07913382793555679
189,0.949748743718593,0.9722975930610559,0.07847312634076997
190,0.9547738693467337,0.957373042507989,0.07794325277116987
191,0.9597989949748744,0.9419625159085036,0.07751233416656977
192,0.964824120603015,0.9265404185402318,0.0771525424385342
193,0.9698492462311558,0.9116327576533089,0.07684074860983857
194,0.9748743718592965,0.897790591415649,0.07655883797161889
195,0.9798994974874372,0.8855590419017105,0.07629365352868599
196,0.9849246231155779,0.8754441816579835,0.07603656066154085
197,0.9899497487437187,0.8678805093587829,0.07578266386546995
198,0.9949748743718593,0.8632018577263438,0.07552976114480614
199,1.0,0.8616183911608347,0.07527719885202377
