,x,y,pNG
0,0.0,1.4860456621716562,0.12533111851005752
1,0.005025125628140704,1.4857724787749846,0.12515540962561222
2,0.010050251256281407,1.484982477288549,0.1249781500566417
3,0.01507537688442211,1.4837612045844493,0.12479932818649064
4,0.020100502512562814,1.48224125776591,0.12461893296737915
5,0.02512562814070352,1.4805884932318618,0.12443695397445895
6,0.03015075376884422,1.4789849290786943,0.12425338145851585
7,0.035175879396984924,1.477610217152917,0.12406820639699535
8,0.04020100502512563,1.4766236702345161,0.12388142054303285
9,0.04522613065326633,1.4761486991791528,0.12369301647220945
10,0.05025125628140704,1.4762611683072426,0.12350298762673405
11,0.05527638190954774,1.4769826686031162,0.12331132835682103
12,0.06030150753768844,1.4782791127261627,0.1231180339589969
13,0.06532663316582915,1.4800644583322353,0.12292310071116595
14,0.07035175879396985,1.4822088471346375,0.12272652590422704
15,0.07537688442211056,1.4845500690357383,0.12252830787009028
16,0.08040201005025126,1.4869070583937634,0.12232844600604753
17,0.08542713567839195,1.489094105998864,0.12212694079534304
18,0.09045226130653267,1.4909345988835048,0.1219237938239991
19,0.09547738693467336,1.4922733323305013,0.12171900779393485
20,0.10050251256281408,1.4929867163196364,0.12151258653245768
21,0.10552763819095477,1.4929904673703418,0.12130453499835248
22,0.11055276381909548,1.4922445957685178,0.1210948592848652
23,0.11557788944723618,1.4907556480432493,0.12088356661995835
24,0.12060301507537688,1.4885762481989222,0.12067066536440985
25,0.12562814070351758,1.485802019930167,0.12045616500843292
26,0.1306532663316583,1.4825659976130112,0.1202400761677177
27,0.135678391959799,1.4790306786887046,0.12002241057999675
28,0.1407035175879397,1.475377957925096,0.11980318110348898
29,0.1457286432160804,1.4717973234470374,0.1195824017189202
30,0.15075376884422112,1.4684728758042382,0.11936008753706615
31,0.15577889447236182,1.465569928603765,0.1191362548142778
32,0.16080402010050251,1.4632221250237336,0.1189109209787792
33,0.1658291457286432,1.4615201179161905,0.11868410467114188
34,0.1708542713567839,1.460502876121416,0.11845582580279435
35,0.17587939698492464,1.460152572306305,0.1182261056371522
36,0.18090452261306533,1.4603937718953808,0.1179949668986211
37,0.18592964824120603,1.4610972919674465,0.11776243391542572
38,0.19095477386934673,1.462088665465247,0.11752853280320265
39,0.19597989949748745,1.4631606765977898,0.11729329169701475
40,0.20100502512562815,1.464088983592257,0.11705674104058085
41,0.20603015075376885,1.4646494722793448,0.11681891394243205
42,0.21105527638190955,1.4646357397845746,0.11657984660985075
43,0.21608040201005024,1.4638750303172177,0.1163395788725864
44,0.22110552763819097,1.462241054395848,0.11609815480945407
45,0.22613065326633167,1.4596624158198903,0.1158556234922622
46,0.23115577889447236,1.4561258202472551,0.1156120398625594
47,0.23618090452261306,1.4516737960575739,0.1153674657580489
48,0.24120603015075376,1.4463972558420566,0.1151219711066208
49,0.24623115577889448,1.4404237901083148,0.11487563530711398
50,0.25125628140703515,1.433903040085396,0.11462854881696805
51,0.2562814070351759,1.4269907833644435,0.11438081496789175
52,0.2613065326633166,1.419833447154231,0.11413255203147656
53,0.2663316582914573,1.4125546317927047,0.11388389555729815
54,0.271356783919598,1.40524490637391,0.11363500100649936
55,0.2763819095477387,1.3979556815860972,0.11338604670395536
56,0.2814070351758794,1.3906974437974533,0.1131372371320074
57,0.2864321608040201,1.383442126942835,0.11288880658817445
58,0.2914572864321608,1.3761289749449706,0.11264102322838533
59,0.2964824120603015,1.3686729573710061,0.11239419351578904
60,0.30150753768844224,1.3609746672495593,0.11214866709333073
61,0.3065326633165829,1.352930645703957,0.11190484209570706
62,0.31155778894472363,1.3444432121097545,0.11166317091314236
63,0.3165829145728643,1.335429084982802,0.11142416641552877
64,0.32160804020100503,1.3258263092904283,0.11118840864076962
65,0.32663316582914576,1.3155992205793485,0.11095655194568088
66,0.3316582914572864,1.3047413517190782,0.1107293326113018
67,0.33668341708542715,1.2932763190116783,0.11050757688713576
68,0.3417085427135678,1.2812568206087118,0.11029220945039253
69,0.34673366834170855,1.2687619585053849,0.11008426224684564
70,0.35175879396984927,1.2558931708845429,0.10988488366936576
71,0.35678391959798994,1.242769139934608,0.10969534801851323
72,0.36180904522613067,1.2295201143051038,0.10951706517674598
73,0.36683417085427134,1.2162821367470489,0.10935159041393172
74,0.37185929648241206,1.2031916729112437,0.10920063422684534
75,0.3768844221105528,1.1903810772454135,0.10906607209932496
76,0.38190954773869346,1.177975199226125,0.10894995405287576
77,0.3869346733668342,1.1660892382627632,0.1088545138397854
78,0.3919597989949749,1.154827727206377,0.10878217761253528
79,0.3969849246231156,1.1442843045671052,0.10873557188463034
80,0.4020100502512563,1.134541770784717,0.10871753057917456
81,0.40703517587939697,1.125671854233064,0.10873110094304883
82,0.4120603015075377,1.1177341616667167,0.10877954808671796
83,0.4170854271356784,1.1107739561466239,0.10886635789297183
84,0.4221105527638191,1.1048186692060196,0.10899523802302813
85,0.4271356783919598,1.099873368540504,0.10917011673571808
86,0.4321608040201005,1.0959157108065185,0.10939513922597832
87,0.4371859296482412,1.0928911525914715,0.1096746611831072
88,0.44221105527638194,1.0907093222098778,0.1100132392681622
89,0.4472361809045226,1.0892424402923595,0.11041561821425283
90,0.45226130653266333,1.0883265119552288,0.11088671426440078
91,0.457286432160804,1.087765716654031,0.11143159467965902
92,0.4623115577889447,1.087340034431197,0.11205545307647324
93,0.46733668341708545,1.0868157248548456,0.1127635803874426
94,0.4723618090452261,1.0859578790687698,0.11356133128421694
95,0.47738693467336685,1.084543953958704,0.11445408595608042
96,0.4824120603015075,1.082377016327148,0.11544720720254242
97,0.48743718592964824,1.0792974016620935,0.11654599287345345
98,0.49246231155778897,1.0751916323502035,0.117755623774926
99,0.49748743718592964,1.069997727653134,0.11908110725319955
100,0.5025125628140703,1.0637064363153923,0.12052721677006205
101,0.507537688442211,1.0563583810946953,0.12209842789098245
102,0.5125628140703518,1.0480375629224423,0.12379885121833545
103,0.5175879396984925,1.0388620698039372,0.12563216291441948
104,0.5226130653266332,1.0289731178768715,0.12760153356923798
105,0.5276381909547738,1.0185236798943256,0.12970955627252634
106,0.5326633165829145,1.0076679116700908,0.13195817484470873
107,0.5376884422110553,0.9965523770149397,0.13434861326305114
108,0.542713567839196,0.9853097297316208,0.1368813073834806
109,0.5477386934673367,0.9740550929611912,0.13955584010144073
110,0.5527638190954774,0.9628849513492823,0.1423708811131864
111,0.5577889447236181,0.9518780122581266,0.1453241324295086
112,0.5628140703517588,0.9410972596892072,0.14841228075456006
113,0.5678391959798995,0.9305923564416038,0.15163095777250968
114,0.5728643216080402,0.9204016523263608,0.1549747092838224
115,0.577889447236181,0.9105533011686548,0.15843697400270595
116,0.5829145728643216,0.9010653203422986,0.16201007266985767
117,0.5879396984924623,0.8919447701402738,0.16568520795418973
118,0.592964824120603,0.883186511515813,0.1694524754185429
119,0.5979899497487438,0.8747721596802518,0.17330088561364154
120,0.6030150753768845,0.8666698556200256,0.17721839714846155
121,0.6080402010050251,0.858835330131101,0.1811919603710369
122,0.6130653266331658,0.8512144709583614,0.18520757108933072
123,0.6180904522613065,0.8437472830482868,0.1892503335740391
124,0.6231155778894473,0.8363728253779019,0.19330453192140215
125,0.628140703517588,0.829034480860211,0.19735370872003188
126,0.6331658291457286,0.8216848150689804,0.20138074986659396
127,0.6381909547738693,0.8142893235867211,0.20536797431433074
128,0.6432160804020101,0.8068285446636786,0.2092972275184716
129,0.6482412060301508,0.7992982849893406,0.21314997736388666
130,0.6532663316582915,0.7917080158268633,0.21690741142250247
131,0.6582914572864321,0.7840777836142575,0.22055053448866524
132,0.6633165829145728,0.7764341899259642,0.22406026547646585
133,0.6683417085427136,0.7688060946276211,0.22741753292995426
134,0.6733668341708543,0.7612206711164418,0.2306033685893444
135,0.678391959798995,0.7537003065049417,0.233598998668879
136,0.6834170854271356,0.7462606262287749,0.23638593272802666
137,0.6884422110552764,0.7389096788469708,0.23894605025154825
138,0.6934673366834171,0.7316480931207935,0.2412616852891576
139,0.6984924623115578,0.7244698594339654,0.2433157097357681
140,0.7035175879396985,0.7173633197973468,0.24509161605291385
141,0.7085427135678392,0.710311983456497,0.2465736004344138
142,0.7135678391959799,0.7032949058225135,0.24774664759887066
143,0.7185929648241206,0.6962865466575511,0.2485966185414891
144,0.7236180904522613,0.6892562177672172,0.24911034269116986
145,0.7286432160804021,0.6821673972932967,0.2492757159882157
146,0.7336683417085427,0.6749772902811789,0.2490818064137271
147,0.7386934673366834,0.6676370309153968,0.24851896845498844
148,0.7437185929648241,0.6600928465234946,0.2475789678683956
149,0.7487437185929648,0.6522883518122773,0.24625511789090335
150,0.7537688442211056,0.6441679438017469,0.2445424277363064
151,0.7587939698492463,0.6356810623152689,0.24243776377850726
152,0.7638190954773869,0.626786907091843,0.2399400232529377
153,0.7688442211055276,0.6174590927830317,0.2370503195834825
154,0.7738693467336684,0.6076896961314591,0.2337721775514936
155,0.7788944723618091,0.5974922079758299,0.2301117354564768
156,0.7839195979899498,0.5869030329565748,0.22607795017285534
157,0.7889447236180904,0.5759813562499104,0.22168279959380788
158,0.7939698492462312,0.5648073873747453,0.21694147539682795
159,0.7989949748743719,0.5534791645882879,0.2118725574130479
160,0.8040201005025126,0.5421082346513469,0.2064981592052149
161,0.8090452261306533,0.5308145975698849,0.2008440328596801
162,0.8140703517587939,0.5197213223194684,0.194939619610122
163,0.8190954773869347,0.5089492065460173,0.1888180319019902
164,0.8241206030150754,0.49861178731915884,0.1825159520720826
165,0.8291457286432161,0.48881093043222523,0.17607343317081306
166,0.8341708542713568,0.47963314963629955,0.1695335888117271
167,0.8391959798994975,0.4711467458647719,0.16294216148824936
168,0.8442211055276382,0.46339981356725307,0.15634696269461812
169,0.8492462311557789,0.4564191330513912,0.1497971834834172
170,0.8542713567839196,0.45020994563657013,0.1433425807208546
171,0.8592964824120604,0.44475658260558043,0.13703255204532394
172,0.864321608040201,0.44002388220732175,0.13091512100491332
173,0.8693467336683417,0.4359592798845062,0.12503586248435938
174,0.8743718592964824,0.4324954012341981,0.11943680662398724
175,0.8793969849246231,0.4295529372068523,0.11415536618348955
176,0.8844221105527639,0.4270435526986673,0.10922333690199904
177,0.8894472361809045,0.4248725884768627,0.10466602213240496
178,0.8944723618090452,0.42294137250362734,0.10050153135718733
179,0.8994974874371859,0.4211490609379576,0.09674029688777784
180,0.9045226130653267,0.41939407015552965,0.09338484422211757
181,0.9095477386934674,0.41757531574385426,0.09042983966160399
182,0.914572864321608,0.4155936100149799,0.08786242466728755
183,0.9195979899497487,0.4133536496741126,0.08566283109420503
184,0.9246231155778895,0.4107670169632154,0.0838052560069793
185,0.9296482412060302,0.4077564996407001,0.08225896032641611
186,0.9346733668341709,0.404261805408217,0.08098954298003336
187,0.9396984924623115,0.40024642657547016,0.07996033214943754
188,0.9447236180904522,0.3957050470878112,0.07913382793555679
189,0.949748743718593,0.3906705426057205,0.07847312634076997
190,0.9547738693467337,0.3852193809628024,0.07794325277116987
191,0.9597989949748744,0.37947415621496444,0.07751233416656977
192,0.964824120603015,0.37360213477461646,0.0771525424385342
193,0.9698492462311558,0.3678090711069014,0.07684074860983857
194,0.9748743718592965,0.3623281322195739,0.07655883797161889
195,0.9798994974874372,0.3574044778394663,0.07629365352868599
196,0.9849246231155779,0.353276763608512,0.07603656066154085
197,0.9899497487437187,0.35015743777342795,0.07578266386546995
198,0.9949748743718593,0.3482140662659795,0.07552976114480614
199,1.0,0.34755396047811704,0.07527719885202377
