,x,y,pNG
0,0.0,0.002044827546524362,0.0
1,0.005025125628140704,0.002173982703026435,0.0
2,0.010050251256281407,0.0025495488299495375,0.0
3,0.01507537688442211,0.0031372031965526646,0.0
4,0.020100502512562814,0.003884407414554897,0.0
5,0.02512562814070352,0.004727389444144705,0.0
6,0.03015075376884422,0.0056000882448462245,2.220446049250313e-16
7,0.035175879396984924,0.006443218747072999,1.1102230246251563e-15
8,0.04020100502512563,0.007211088067187351,7.549516567451064e-15
9,0.04522613065326633,0.00787437734674138,3.486100297322992e-14
10,0.05025125628140704,0.008418675998301432,1.383337888682945e-13
11,0.05527638190954774,0.008840254748633026,4.785061236134425e-13
12,0.06030150753768844,0.009141379748644174,1.4841461393189093e-12
13,0.06532663316582915,0.00932699753301636,4.199973702156966e-12
14,0.07035175879396985,0.00940336333139232,1.0992984300628448e-11
15,0.07537688442211056,0.009378127945542531,2.6898927529828146e-11
16,0.08040201005025126,0.009261189989792903,6.207279135139743e-11
17,0.08542713567839195,0.00906606385388874,1.3604450899151743e-10
18,0.09045226130653267,0.008811817068059944,2.8486080161371774e-10
19,0.09547738693467336,0.008525203056141566,5.726588092613838e-10
20,0.10050251256281408,0.008241693776429141,1.1098912899853983e-09
21,0.10552763819095477,0.008003635656839439,2.0812813694703887e-09
22,0.11055276381909548,0.007854530431149724,3.7877010417020066e-09
23,0.11557788944723618,0.00783037848679136,6.707588262599984e-09
24,0.12060301507537688,0.007951004628083458,1.1585287951199064e-08
25,0.12562814070351758,0.008214942773221363,1.955589989943718e-08
26,0.1306532663316583,0.00860017986305358,3.231887280019663e-08
27,0.135678391959799,0.009070515434339342,5.237580780192985e-08
28,0.1407035175879397,0.009585006114267448,8.335175805118665e-08
29,0.1457286432160804,0.010107267118282184,1.304238063104535e-07
30,0.15075376884422112,0.010612507624736655,2.0088598262635318e-07
31,0.15577889447236182,0.011092040129288248,3.048856501708386e-07
32,0.16080402010050251,0.011556103792714307,4.56373452140113e-07
33,0.1658291457286432,0.012035328218011723,6.743168279310653e-07
34,0.1708542713567839,0.01257955409234623,9.84236007472994e-07
35,0.17587939698492464,0.013251608751024832,1.4201313316419828e-06
36,0.18090452261306533,0.014114525025543629,2.0268817668700483e-06
37,0.18592964824120603,0.0152138124739438,2.8632065637301807e-06
38,0.19095477386934673,0.01656024148256304,4.005295189735136e-06
39,0.19597989949748745,0.018120721819614435,5.551224879773997e-06
40,0.20100502512562815,0.01982336233019317,7.626300381979868e-06
41,0.20603015075376885,0.021577708212749208,1.0389466603921704e-05
42,0.21105527638190955,0.02330461176696061,1.404096181234493e-05
43,0.21608040201005024,0.02496537711523504,1.8831396625285105e-05
44,0.22110552763819097,0.026579195337432325,2.5072462055297784e-05
45,0.22613065326633167,0.028221897032575292,3.314948808097462e-05
46,0.23115577889447236,0.0300059654433609,4.3536092309781615e-05
47,0.23618090452261306,0.032048641488854876,5.681117585598638e-05
48,0.24120603015075376,0.03443908154244295,7.367854016515629e-05
49,0.24623115577889448,0.03721545829346041,9.498941356755886e-05
50,0.25125628140703515,0.040358857880217196,0.00012176818921816324
51,0.2562814070351759,0.04380446585913316,0.0001552416859715855
52,0.2613065326633166,0.047464238024495134,0.00019687224973952144
53,0.2663316582914573,0.05125132250238636,0.00024839501389539714
54,0.271356783919598,0.055096368778500084,0.0003118596320621503
55,0.2763819095477387,0.05894957661405647,0.0003896767836720771
56,0.2814070351758794,0.06276854149882616,0.00048466973030514277
57,0.2864321608040201,0.06649836040228882,0.0006001311670300603
58,0.2914572864321608,0.07005466806794741,0.0007398855655190718
59,0.2964824120603015,0.07332054908729763,0.0009083571420223092
60,0.30150753768844224,0.07616412349081512,0.0011106435004868411
61,0.3065326633165829,0.07847604486934337,0.001352594895956072
62,0.31155778894472363,0.08021758723935357,0.0016408989323892784
63,0.3165829145728643,0.08146362824925969,0.0019831703484334273
64,0.32160804020100503,0.08242352430058013,0.002388045350483425
65,0.32663316582914576,0.0834278369960563,0.002865279720645764
66,0.3316582914572864,0.08487887820655778,0.0034258496541164085
67,0.33668341708542715,0.08717468338343234,0.004082053962641163
68,0.3417085427135678,0.09062506381053115,0.004847615915588244
69,0.34673366834170855,0.09538154411837393,0.005737782576480721
70,0.35175879396984927,0.10139925690287935,0.0067694190313284395
71,0.35678391959798994,0.10843981866850179,0.007961094399166924
72,0.36180904522613067,0.1161132353483552,0.009333155971870122
73,0.36683417085427134,0.12394770808134097,0.010907787261231872
74,0.37185929648241206,0.13147136878160806,0.012709045153906471
75,0.3768844221105528,0.13828990571211452,0.014762870813390228
76,0.38190954773869346,0.1441472462733316,0.017097068455051878
77,0.3869346733668342,0.14896071408690795,0.01974124569636193
78,0.3919597989949749,0.15282590703063098,0.02272670890008477
79,0.3969849246231156,0.15599008417041937,0.02608630684242097
80,0.4020100502512563,0.15879734846701093,0.029854216217591656
81,0.40703517587939697,0.1616151996733747,0.0340656630069478
82,0.4120603015075377,0.16475901376858404,0.03875657466706151
83,0.4170854271356784,0.16843539493287257,0.04396315949513308
84,0.4221105527638191,0.17272318905264852,0.049721411466245535
85,0.4271356783919598,0.17760030677695263,0.05606654133791822
86,0.4321608040201005,0.18300767919697938,0.06303233788205452
87,0.4371859296482412,0.18892524313651635,0.07065046668727748
88,0.44221105527638194,0.1954269566836781,0.07894971797521633
89,0.4472361809045226,0.20268781390760357,0.08795521912972826
90,0.45226130653266333,0.21093471684477325,0.09768763192004892
91,0.457286432160804,0.22035729984077432,0.1081623584180399
92,0.4623115577889447,0.23101350600648188,0.11938878302838417
93,0.46733668341708545,0.24276905012219183,0.13136958050521352
94,0.4723618090452261,0.25529757818582716,0.1441001209619175
95,0.47738693467336685,0.26814485017549233,0.1575680023811027
96,0.4824120603015075,0.28083621252260366,0.1717527387756841
97,0.48743718592964824,0.2929923820105821,0.18662562784702966
98,0.49246231155778897,0.30441921196116734,0.20214981580098268
99,0.49748743718592964,0.3151502034819043,0.21828056916742367
100,0.5025125628140703,0.32543805544423565,0.2349657544500421
101,0.507537688442211,0.33570499428912554,0.2521465167880159
102,0.5125628140703518,0.3464668668159469,0.26975813921982283
103,0.5175879396984925,0.35824485659661637,0.2877310553166181
104,0.5226130653266332,0.37147629961621714,0.3059919805741333
105,0.5276381909547738,0.3864361209219169,0.32446512257864146
106,0.5326633165829145,0.4031823058712031,0.3430734269796969
107,0.5376884422110553,0.42153876055076606,0.3617398158786821
108,0.542713567839196,0.4411236623947671,0.38038837731832265
109,0.5477386934673367,0.46142131303644024,0.3989454688605991
110,0.5527638190954774,0.4818843875032603,0.4173407043239209
111,0.5577889447236181,0.502045720406615,0.4355078000548676
112,0.5628140703517588,0.5216165275427604,0.4533852650272802
113,0.5678391959798995,0.5405506161370511,0.4709169270004547
114,0.5728643216080402,0.5590600050985857,0.4880522944081132
115,0.577889447236181,0.5775755373349678,0.5047467601792219
116,0.5829145728643216,0.5966564930496714,0.5209616590310353
117,0.5879396984924623,0.6168652806202279,0.5366641937770232
118,0.592964824120603,0.6386343698975124,0.551827248834457
119,0.5979899497487438,0.6621584482912802,0.5664291104762944
120,0.6030150753768845,0.6873414523813705,0.5804531136023
121,0.6080402010050251,0.7138146560121126,0.5938872341031469
122,0.6130653266331658,0.7410214438219915,0.6067236444786309
123,0.6180904522613065,0.7683432182229062,0.6189582484633316
124,0.6231155778894473,0.7952267997694077,0.6305902082109183
125,0.628140703517588,0.8212729227873953,0.6416214752632088
126,0.6331658291457286,0.8462600681198925,0.6520563342206792
127,0.6381909547738693,0.8701040082847543,0.6619009658412491
128,0.6432160804020101,0.892781400736376,0.6711630342953384
129,0.6482412060301508,0.9142632414819885,0.679851301540131
130,0.6532663316582915,0.9345015294427921,0.6879752702635287
131,0.6582914572864321,0.9534888909049164,0.6955448555896078
132,0.6633165829145728,0.9713751841195594,0.7025700847191154
133,0.6683417085427136,0.9885930955138995,0.7090608228798867
134,0.6733668341708543,1.005931675045619,0.7150265233553559
135,0.678391959798995,1.0245096262471136,0.7204759989167833
136,0.6834170854271356,1.0456342006867012,0.7254172116764129
137,0.6884422110552764,1.07057270798315,0.7298570781782585
138,0.6934673366834171,1.1002955592854302,0.733801286425678
139,0.6984924623115578,1.1352611235861927,0.7372541214892109
140,0.7035175879396985,1.1753013177581875,0.7402182963274583
141,0.7085427135678392,1.219638781011959,0.7426947844745945
142,0.7135678391959799,1.2670316019909142,0.7446826512918109
143,0.7185929648241206,1.3160093753118083,0.7461788805422188
144,0.7236180904522613,1.3651421153596903,0.7471781931305788
145,0.7286432160804021,1.413276446759887,0.7476728549572064
146,0.7336683417085427,1.4596845153952722,0.7476524709825764
147,0.7386934673366834,1.504098972442344,0.7471037628083135
148,0.7437185929648241,1.5466442992359675,0.7460103273827712
149,0.7487437185929648,1.587706915324394,0.7443523748819951
150,0.7537688442211056,1.6278000073774883,0.742106444463035
151,0.7587939698492463,1.6674676934809574,0.7392450975221717
152,0.7638190954773869,1.7072433571782462,0.7357365894316727
153,0.7688442211055276,1.7476449684102973,0.7315445226273437
154,0.7738693467336684,1.789173106712193,0.7266274865750821
155,0.7788944723618091,1.8322836237400448,0.7209386938140533
156,0.7839195979899498,1.8773315624918547,0.7144256262813014
157,0.7889447236180904,1.924510920148342,0.7070297128680165
158,0.7939698492462312,1.9738290223039336,0.6986860681208962
159,0.7989949748743719,2.0251449329454387,0.6893233337323723
160,0.8040201005025126,2.0782716259245393,0.6788636795458769
161,0.8090452261306533,2.133106711453414,0.6672230397853499
162,0.8140703517587939,2.189735857532801,0.6543116834735379
163,0.8190954773869347,2.248459657427771,0.6400352454858719
164,0.8241206030150754,2.3097267244979776,0.6242963755498581
165,0.8291457286432161,2.373996594415692,0.6069971945137906
166,0.8341708542713568,2.4415837090393357,0.5880427759526633
167,0.8391959798994975,2.512534927928825,0.5673458890044445
168,0.8442211055276382,2.5865711484973133,0.5448332332234866
169,0.8492462311557789,2.6630958757465546,0.5204533509071371
170,0.8542713567839196,2.7412578382023973,0.4941862941991742
171,0.8592964824120604,2.8200564344941235,0.4660549273956464
172,0.864321608040201,2.898487666253823,0.43613743565287655
173,0.8693467336683417,2.9757275974338917,0.4045801792333803
174,0.8743718592964824,3.0513318930695066,0.3716094969763633
175,0.8793969849246231,3.125402279095922,0.33754049391353225
176,0.8844221105527639,3.198655201528025,0.3027803836903397
177,0.8894472361809045,3.27234372372365,0.2678238018503152
178,0.8944723618090452,3.348032383289766,0.23323789751017565
179,0.8994974874371859,3.4272853832756964,0.19963613235643365
180,0.9045226130653267,3.5113674337726777,0.16764157775709798
181,0.9095477386934674,3.6010469608981164,0.13784283067831282
182,0.914572864321608,3.696530962074487,0.11074789201271662
183,0.9195979899497487,3.7974762334881325,0.0867427268022195
184,0.9246231155778895,3.9029565692223507,0.06606113519491362
185,0.9296482412060302,4.011258427600112,0.04877081983731424
186,0.9346733668341709,4.119443961510218,0.034777543246586114
187,0.9396984924623115,4.222747404030998,0.023845896092320015
188,0.9447236180904522,4.314023731091434,0.01563241741503818
189,0.949748743718593,4.383598327150873,0.009725299483936745
190,0.9547738693467337,4.419913427830894,0.005684835019158285
191,0.9597989949748744,4.411267076164432,0.0030798082938461317
192,0.964824120603015,4.348648250456319,0.0015166329420850386
193,0.9698492462311558,4.229208801558619,0.0006596546314946439
194,0.9748743718592965,4.05941071283191,0.0002423165238953917
195,0.9798994974874372,3.8565831849361345,6.972449989328666e-05
196,0.9849246231155779,3.647769950087866,1.3643579832356426e-05
197,0.9899497487437187,3.4654542117053233,1.321543143473214e-06
198,0.9949748743718593,3.3408559467973844,2.299478685241496e-08
199,1.0,3.296572560496763,0.0
