,x,y,pNG
0,0.0,1.537985804710714,0.0
1,0.005025125628140704,1.5379518737445357,0.0
2,0.010050251256281407,1.5378642829195472,0.0
3,0.01507537688442211,1.537764455988076,0.0
4,0.020100502512562814,1.537717553891953,0.0
5,0.02512562814070352,1.537806882000125,0.0
6,0.03015075376884422,1.5381265252101362,2.220446049250313e-16
7,0.035175879396984924,1.5387726984001624,1.1102230246251563e-15
8,0.04020100502512563,1.5398344458078488,7.549516567451064e-15
9,0.04522613065326633,1.5413844396101803,3.486100297322992e-14
10,0.05025125628140704,1.543470686802835,1.383337888682945e-13
11,0.05527638190954774,1.5461099294081126,4.785061236134425e-13
12,0.06030150753768844,1.549283402339406,1.4841461393189093e-12
13,0.06532663316582915,1.5529353990044126,4.199973702156966e-12
14,0.07035175879396985,1.5569748085562876,1.0992984300628448e-11
15,0.07537688442211056,1.5612794680851618,2.6898927529828146e-11
16,0.08040201005025126,1.5657028649440488,6.207279135139743e-11
17,0.08542713567839195,1.5700824766161134,1.3604450899151743e-10
18,0.09045226130653267,1.5742488876589127,2.8486080161371774e-10
19,0.09547738693467336,1.5780347991147647,5.726588092613838e-10
20,0.10050251256281408,1.581283148560682,1.1098912899853983e-09
21,0.10552763819095477,1.583853770059798,2.0812813694703887e-09
22,0.11055276381909548,1.5856283047891062,3.7877010417020066e-09
23,0.11557788944723618,1.5865133739673354,6.707588262599984e-09
24,0.12060301507537688,1.5864422903159818,1.1585287951199064e-08
25,0.12562814070351758,1.5853757626963647,1.955589989943718e-08
26,0.1306532663316583,1.5833021062629726,3.231887280019663e-08
27,0.135678391959799,1.5802373960175693,5.237580780192985e-08
28,0.1407035175879397,1.576225810338319,8.335175805118665e-08
29,0.1457286432160804,1.5713401433862468,1.304238063104535e-07
30,0.15075376884422112,1.5656821800401612,2.0088598262635318e-07
31,0.15577889447236182,1.5593823900152775,3.048856501708386e-07
32,0.16080402010050251,1.5525982686212274,4.56373452140113e-07
33,0.1658291457286432,1.5455106708714623,6.743168279310653e-07
34,0.1708542713567839,1.5383176661073075,9.84236007472994e-07
35,0.17587939698492464,1.5312257632566744,1.4201313316419828e-06
36,0.18090452261306533,1.5244387748861459,2.0268817668700483e-06
37,0.18592964824120603,1.5181450333127084,2.8632065637301807e-06
38,0.19095477386934673,1.5125040673643506,4.005295189735136e-06
39,0.19597989949748745,1.5076341212452886,5.551224879773997e-06
40,0.20100502512562815,1.5036019909055767,7.626300381979868e-06
41,0.20603015075376885,1.5004165374305354,1.0389466603921704e-05
42,0.21105527638190955,1.498026911512632,1.404096181234493e-05
43,0.21608040201005024,1.4963260208691667,1.8831396625285105e-05
44,0.22110552763819097,1.4951591559059692,2.5072462055297784e-05
45,0.22613065326633167,1.4943370426147349,3.314948808097462e-05
46,0.23115577889447236,1.4936520111511142,4.3536092309781615e-05
47,0.23618090452261306,1.4928955457817175,5.681117585598638e-05
48,0.24120603015075376,1.4918752896104805,7.367854016515629e-05
49,0.24623115577889448,1.490429654530963,9.498941356755886e-05
50,0.25125628140703515,1.488438528042149,0.00012176818921816324
51,0.2562814070351759,1.4858291221193793,0.0001552416859715855
52,0.2613065326633166,1.4825766836111225,0.00019687224973952144
53,0.2663316582914573,1.4787004652352451,0.00024839501389539714
54,0.271356783919598,1.4742559248452625,0.0003118596320621503
55,0.2763819095477387,1.4693244856508725,0.0003896767836720771
56,0.2814070351758794,1.4640023032229368,0.00048466973030514277
57,0.2864321608040201,1.4583893531138208,0.0006001311670300603
58,0.2914572864321608,1.4525798349175731,0.0007398855655190718
59,0.2964824120603015,1.446654480182812,0.0009083571420223092
60,0.30150753768844224,1.4406749592642827,0.0011106435004868411
61,0.3065326633165829,1.4346802949042585,0.001352594895956072
62,0.31155778894472363,1.4286850561671574,0.0016408989323892784
63,0.3165829145728643,1.422679121174781,0.0019831703484334273
64,0.32160804020100503,1.4166289086291415,0.002388045350483425
65,0.32663316582914576,1.4104801044963569,0.002865279720645764
66,0.3316582914572864,1.4041619675720305,0.0034258496541164085
67,0.33668341708542715,1.3975932283180803,0.004082053962641163
68,0.3417085427135678,1.3906893882668554,0.004847615915588244
69,0.34673366834170855,1.3833709238032257,0.005737782576480721
70,0.35175879396984927,1.375571581615954,0.0067694190313284395
71,0.35678391959798994,1.3672457249819594,0.007961094399166924
72,0.36180904522613067,1.358373639529811,0.009333155971870122
73,0.36683417085427134,1.3489638835885003,0.010907787261231872
74,0.37185929648241206,1.3390521642775628,0.012709045153906471
75,0.3768844221105528,1.3286967707081379,0.014762870813390228
76,0.38190954773869346,1.3179711911446979,0.017097068455051878
77,0.3869346733668342,1.3069550555310645,0.01974124569636193
78,0.3919597989949749,1.2957248654475622,0.02272670890008477
79,0.3969849246231156,1.2843460273688851,0.02608630684242097
80,0.4020100502512563,1.2728674755450329,0.029854216217591656
81,0.40703517587939697,1.2613197006336956,0.0340656630069478
82,0.4120603015075377,1.2497163805327796,0.03875657466706151
83,0.4170854271356784,1.2380591596021644,0.04396315949513308
84,0.4221105527638191,1.2263445630621905,0.049721411466245535
85,0.4271356783919598,1.2145716648696685,0.05606654133791822
86,0.4321608040201005,1.2027490106639642,0.06303233788205452
87,0.4371859296482412,1.1908994452620976,0.07065046668727748
88,0.44221105527638194,1.1790618722125947,0.07894971797521633
89,0.4472361809045226,1.1672895085474777,0.08795521912972826
90,0.45226130653266333,1.155644795460056,0.09768763192004892
91,0.457286432160804,1.1441916841010067,0.1081623584180399
92,0.4623115577889447,1.1329864456535332,0.11938878302838417
93,0.46733668341708545,1.1220683926067423,0.13136958050521352
94,0.4723618090452261,1.1114519144655488,0.1441001209619175
95,0.47738693467336685,1.1011210339131916,0.1575680023811027
96,0.4824120603015075,1.0910273201057632,0.1717527387756841
97,0.48743718592964824,1.08109152029184,0.18662562784702966
98,0.49246231155778897,1.071208767193938,0.20214981580098268
99,0.49748743718592964,1.0612567634388175,0.21828056916742367
100,0.5025125628140703,1.0511059970905965,0.2349657544500421
101,0.507537688442211,1.0406308419068364,0.2521465167880159
102,0.5125628140703518,1.029720353175983,0.26975813921982283
103,0.5175879396984925,1.0182876708222925,0.2877310553166181
104,0.5226130653266332,1.0062771535360853,0.3059919805741333
105,0.5276381909547738,0.9936686496281182,0.32446512257864146
106,0.5326633165829145,0.9804786208936392,0.3430734269796969
107,0.5376884422110553,0.9667581407061546,0.3617398158786821
108,0.542713567839196,0.9525880624948981,0.38038837731832265
109,0.5477386934673367,0.9380718845668683,0.3989454688605991
110,0.5527638190954774,0.9233270128084932,0.4173407043239209
111,0.5577889447236181,0.9084752373947386,0.4355078000548676
112,0.5628140703517588,0.8936332866541058,0.4533852650272802
113,0.5678391959798995,0.8789042946395808,0.4709169270004547
114,0.5728643216080402,0.8643709160396124,0.4880522944081132
115,0.577889447236181,0.850090647401174,0.5047467601792219
116,0.5829145728643216,0.8360936821337783,0.5209616590310353
117,0.5879396984924623,0.8223833640861424,0.5366641937770232
118,0.592964824120603,0.8089390439758776,0.551827248834457
119,0.5979899497487438,0.795720919461491,0.5664291104762944
120,0.6030150753768845,0.7826762819810744,0.5804531136023
121,0.6080402010050251,0.7697465177750785,0.5938872341031469
122,0.6130653266331658,0.7568742167033208,0.6067236444786309
123,0.6180904522613065,0.744009815163161,0.6189582484633316
124,0.6231155778894473,0.73111731293555,0.6305902082109183
125,0.628140703517588,0.7181787298966884,0.6416214752632088
126,0.6331658291457286,0.7051970844358342,0.6520563342206792
127,0.6381909547738693,0.6921977694781367,0.6619009658412491
128,0.6432160804020101,0.6792282754688386,0.6711630342953384
129,0.6482412060301508,0.6663562739112939,0.679851301540131
130,0.6532663316582915,0.6536661454208013,0.6879752702635287
131,0.6582914572864321,0.6412541246513624,0.6955448555896078
132,0.6633165829145728,0.6292223431458391,0.7025700847191154
133,0.6683417085427136,0.6176721700390422,0.7090608228798867
134,0.6733668341708543,0.6066973586964959,0.7150265233553559
135,0.678391959798995,0.5963775785721989,0.7204759989167833
136,0.6834170854271356,0.5867729219073962,0.7254172116764129
137,0.6884422110552764,0.5779199101714043,0.7298570781782585
138,0.6934673366834171,0.5698293857612943,0.733801286425678
139,0.6984924623115578,0.5624864763681748,0.7372541214892109
140,0.7035175879396985,0.5558525909327454,0.7402182963274583
141,0.7085427135678392,0.5498691818411091,0.7426947844745945
142,0.7135678391959799,0.544462821446558,0.7446826512918109
143,0.7185929648241206,0.5395510180098266,0.7461788805422188
144,0.7236180904522613,0.5350481507658096,0.7471781931305788
145,0.7286432160804021,0.5308709370240932,0.7476728549572064
146,0.7336683417085427,0.5269429454028478,0.7476524709825764
147,0.7386934673366834,0.5231978196437127,0.7471037628083135
148,0.7437185929648241,0.5195810539078883,0.7460103273827712
149,0.7487437185929648,0.516050339523907,0.7443523748819951
150,0.7537688442211056,0.5125746638701476,0.742106444463035
151,0.7587939698492463,0.5091324679149964,0.7392450975221717
152,0.7638190954773869,0.5057092488914088,0.7357365894316727
153,0.7688442211055276,0.5022950234659763,0.7315445226273437
154,0.7738693467336684,0.49888204498769495,0.7266274865750821
155,0.7788944723618091,0.4954631012830523,0.7209386938140533
156,0.7839195979899498,0.49203061617128996,0.7144256262813014
157,0.7889447236180904,0.48857665018860025,0.7070297128680165
158,0.7939698492462312,0.48509375714398373,0.6986860681208962
159,0.7989949748743719,0.4815765168221545,0.6893233337323723
160,0.8040201005025126,0.47802344416619635,0.6788636795458769
161,0.8090452261306533,0.4744388851596203,0.6672230397853499
162,0.8140703517587939,0.47083446235905474,0.6543116834735379
163,0.8190954773869347,0.4672296400922322,0.6400352454858719
164,0.8241206030150754,0.4636510489227187,0.6242963755498581
165,0.8291457286432161,0.460130343346486,0.6069971945137906
166,0.8341708542713568,0.4567005592159491,0.5880427759526633
167,0.8391959798994975,0.4533911703958488,0.5673458890044445
168,0.8442211055276382,0.4502222885086687,0.5448332332234866
169,0.8492462311557789,0.4471986671422459,0.5204533509071371
170,0.8542713567839196,0.44430432075325904,0.4941862941991742
171,0.8592964824120604,0.4414986110991133,0.4660549273956464
172,0.864321608040201,0.4387145657447606,0.43613743565287655
173,0.8693467336683417,0.4358599700531946,0.4045801792333803
174,0.8743718592964824,0.43282143718652777,0.3716094969763633
175,0.8793969849246231,0.42947125572846084,0.33754049391353225
176,0.8844221105527639,0.4256764058886041,0.3027803836903397
177,0.8894472361809045,0.42130879483730194,0.2678238018503152
178,0.8944723618090452,0.41625555526359015,0.23323789751017565
179,0.8994974874371859,0.4104282241027902,0.19963613235643365
180,0.9045226130653267,0.40376978440657596,0.16764157775709798
181,0.9095477386934674,0.3962588895412639,0.13784283067831282
182,0.914572864321608,0.3879110375854509,0.11074789201271662
183,0.9195979899497487,0.37877694226274033,0.0867427268022195
184,0.9246231155778895,0.36893876311626805,0.06606113519491362
185,0.9296482412060302,0.3585051296421879,0.04877081983731424
186,0.9346733668341709,0.3476059669042674,0.034777543246586114
187,0.9396984924623115,0.33638798918537555,0.023845896092320015
188,0.9447236180904522,0.3250114039798291,0.01563241741503818
189,0.949748743718593,0.3136479318257952,0.009725299483936745
190,0.9547738693467337,0.3024797952703228,0.005684835019158285
191,0.9597989949748744,0.2916989659688928,0.0030798082938461317
192,0.964824120603015,0.28150576951544604,0.0015166329420850386
193,0.9698492462311558,0.27210598381426815,0.0006596546314946439
194,0.9748743718592965,0.26370583045916435,0.0002423165238953917
195,0.9798994974874372,0.2565047002871639,6.972449989328666e-05
196,0.9849246231155779,0.2506859825479176,1.3643579832356426e-05
197,0.9899497487437187,0.24640686741067744,1.321543143473214e-06
198,0.9949748743718593,0.24378835111739622,2.299478685241496e-08
199,1.0,0.24290680655009478,0.0
