,x,y
0,0.0,3.3940990931486824e-12
1,0.010101010101010102,4.085446895372991e-11
2,0.020202020202020204,4.1969821675364406e-10
3,0.030303030303030304,3.6854346607432295e-09
4,0.04040404040404041,2.771904576408043e-08
5,0.05050505050505051,1.7904629714828666e-07
6,0.06060606060606061,9.966714702351054e-07
7,0.07070707070707072,4.802159735241129e-06
8,0.08080808080808081,2.0133622254771142e-05
9,0.09090909090909091,7.389811480594167e-05
10,0.10101010101010102,0.00023894893174579424
11,0.11111111111111112,0.0006845985306576373
12,0.12121212121212122,0.0017454270624018906
13,0.13131313131313133,0.003969092802359058
14,0.14141414141414144,0.008052507348907783
15,0.15151515151515152,0.014562895060391743
16,0.16161616161616163,0.02346288156750779
17,0.17171717171717174,0.03372291079757099
18,0.18181818181818182,0.04346412667662643
19,0.19191919191919193,0.050795275897432754
20,0.20202020202020204,0.05488599496133861
21,0.21212121212121213,0.05650940722996857
22,0.22222222222222224,0.05771310156202542
23,0.23232323232323235,0.06096281656809171
24,0.24242424242424243,0.06829780227463164
25,0.25252525252525254,0.08075542673314755
26,0.26262626262626265,0.09813905039658158
27,0.27272727272727276,0.11925431774827573
28,0.2828282828282829,0.14263111920385116
29,0.29292929292929293,0.16737426991525198
30,0.30303030303030304,0.19358725945529873
31,0.31313131313131315,0.22210849107704558
32,0.32323232323232326,0.2538167679717539
33,0.33333333333333337,0.2890352961082203
34,0.3434343434343435,0.3274427248431024
35,0.3535353535353536,0.36852352163702845
36,0.36363636363636365,0.4121726152852354
37,0.37373737373737376,0.4588836226348376
38,0.38383838383838387,0.5092307538177505
39,0.393939393939394,0.5629993743800397
40,0.4040404040404041,0.6187819811651257
41,0.4141414141414142,0.6745689504078111
42,0.42424242424242425,0.7289232389965812
43,0.43434343434343436,0.7816125549074526
44,0.4444444444444445,0.8329426810188192
45,0.4545454545454546,0.8823724461123298
46,0.4646464646464647,0.9280523976428134
47,0.4747474747474748,0.9683605053961155
48,0.48484848484848486,1.0044282074246873
49,0.494949494949495,1.0411257154277933
50,0.5050505050505051,1.0850080513183735
51,0.5151515151515152,1.1405730373324854
52,0.5252525252525253,1.2078368827440153
53,0.5353535353535354,1.2829710565305243
54,0.5454545454545455,1.3610540953005248
55,0.5555555555555556,1.4384987745811886
56,0.5656565656565657,1.513407812190993
57,0.5757575757575758,1.584033475641048
58,0.5858585858585859,1.6470935692869948
59,0.595959595959596,1.6978553735577533
60,0.6060606060606061,1.7325127542867904
61,0.6161616161616162,1.751298400039704
62,0.6262626262626263,1.7596049513168697
63,0.6363636363636365,1.7655590261754426
64,0.6464646464646465,1.775478067750616
65,0.6565656565656566,1.7906724271449348
66,0.6666666666666667,1.8079472519189828
67,0.6767676767676768,1.8230186613452426
68,0.686868686868687,1.8339438700869497
69,0.696969696969697,1.8421792721480772
70,0.7070707070707072,1.8510821075636825
71,0.7171717171717172,1.8635228700471278
72,0.7272727272727273,1.8804260085699747
73,0.7373737373737375,1.9007736499264143
74,0.7474747474747475,1.9223384811930277
75,0.7575757575757577,1.9422738836450604
76,0.7676767676767677,1.9574615259546533
77,0.7777777777777778,1.9651148898864992
78,0.787878787878788,1.9638342606153107
79,0.797979797979798,1.954486472509538
80,0.8080808080808082,1.9400280292033611
81,0.8181818181818182,1.9242003657983777
82,0.8282828282828284,1.9100677842538174
83,0.8383838383838385,1.899392670890066
84,0.8484848484848485,1.8927462149237937
85,0.8585858585858587,1.88938542217419
86,0.8686868686868687,1.88659231865589
87,0.8787878787878789,1.8797005637987159
88,0.888888888888889,1.8640812862853875
89,0.8989898989898991,1.8381444197156107
90,0.9090909090909092,1.8045818126777247
91,0.9191919191919192,1.7682986970175356
92,0.9292929292929294,1.7323728704160477
93,0.9393939393939394,1.6945195700745634
94,0.9494949494949496,1.645408752258381
95,0.9595959595959597,1.5693225648748141
96,0.9696969696969697,1.4482393068276933
97,0.9797979797979799,1.270155679908374
98,0.98989898989899,1.0389250822328793
99,1.0,0.7785953699331343
