,x,y,pNG
0,0.0,0.5111010236837146,0.12533111851005752
1,0.005025125628140704,0.5115966510586896,0.12515540962561222
2,0.010050251256281407,0.5130771011882936,0.1249781500566417
3,0.01507537688442211,0.5155229806978525,0.12479932818649064
4,0.020100502512562814,0.518901690502012,0.12461893296737915
5,0.02512562814070352,0.5231671661623071,0.12443695397445895
6,0.03015075376884422,0.5282597856088239,0.12425338145851585
7,0.035175879396984924,0.5341066322193092,0.12406820639699535
8,0.04020100502512563,0.5406222589137792,0.12388142054303285
9,0.04522613065326633,0.5477100185326612,0.12369301647220945
10,0.05025125628140704,0.5552639261573206,0.12350298762673405
11,0.05527638190954774,0.5631709237773334,0.12331132835682103
12,0.06030150753768844,0.5713133494895016,0.1231180339589969
13,0.06532663316582915,0.5795713886144755,0.12292310071116595
14,0.07035175879396985,0.5878253089312706,0.12272652590422704
15,0.07537688442211056,0.5959573511940703,0.12252830787009028
16,0.08040201005025126,0.6038532433694022,0.12232844600604753
17,0.08542713567839195,0.6114034100929464,0.12212694079534304
18,0.09045226130653267,0.6185040336926392,0.1219237938239991
19,0.09547738693467336,0.6250581697414092,0.12171900779393485
20,0.10050251256281408,0.6309771169096076,0.12151258653245768
21,0.10552763819095477,0.636182187183946,0.12130453499835248
22,0.11055276381909548,0.6406069284259636,0.1210948592848652
23,0.11557788944723618,0.644199735246619,0.12088356661995835
24,0.12060301507537688,0.6469266689560041,0.12067066536440985
25,0.12562814070351758,0.6487742149121198,0.12045616500843292
26,0.1306532663316583,0.6497516528280345,0.1202400761677177
27,0.135678391959799,0.6498927112286499,0.12002241057999675
28,0.1407035175879397,0.6492562207533741,0.11980318110348898
29,0.1457286432160804,0.6479255635535616,0.1195824017189202
30,0.15075376884422112,0.6460068230939758,0.11936008753706615
31,0.15577889447236182,0.6436256534688892,0.1191362548142778
32,0.16080402010050251,0.6409229944123895,0.1189109209787792
33,0.1658291457286432,0.638049846086859,0.11868410467114188
34,0.1708542713567839,0.6351613805308246,0.11845582580279435
35,0.17587939698492464,0.6324107038391251,0.1182261056371522
36,0.18090452261306533,0.6299425983447823,0.1179949668986211
37,0.18592964824120603,0.6278875728280522,0.11776243391542572
38,0.19095477386934673,0.626356536259588,0.11752853280320265
39,0.19597989949748745,0.6254363896814699,0.11729329169701475
40,0.20100502512562815,0.625186801220962,0.11705674104058085
41,0.20603015075376885,0.6256383876242015,0.11681891394243205
42,0.21105527638190955,0.6267924671770352,0.11657984660985075
43,0.21608040201005024,0.6286224690323441,0.1163395788725864
44,0.22110552763819097,0.6310769812065806,0.11609815480945407
45,0.22613065326633167,0.6340842970369452,0.1158556234922622
46,0.23115577889447236,0.6375581866522533,0.1156120398625594
47,0.23618090452261306,0.641404490365952,0.1153674657580489
48,0.24120603015075376,0.6455280228765817,0.1151219711066208
49,0.24623115577889448,0.6498392095500589,0.11487563530711398
50,0.25125628140703515,0.6542598648646556,0.11462854881696805
51,0.2562814070351759,0.6587275780664437,0.11438081496789175
52,0.2613065326633166,0.6631982930239031,0.11413255203147656
53,0.2663316582914573,0.6676468488356647,0.11388389555729815
54,0.271356783919598,0.6720654659744425,0.11363500100649936
55,0.2763819095477387,0.676460393407476,0.11338604670395536
56,0.2814070351758794,0.6808471454696048,0.1131372371320074
57,0.2864321608040201,0.6852449245298937,0.11288880658817445
58,0.2914572864321608,0.6896709234071221,0.11264102322838533
59,0.2964824120603015,0.6941352158485272,0.11239419351578904
60,0.30150753768844224,0.6986368711999796,0.11214866709333073
61,0.3065326633165829,0.7031617792324429,0.11190484209570706
62,0.31155778894472363,0.7076824616642109,0.11166317091314236
63,0.3165829145728643,0.7121599042656772,0.11142416641552877
64,0.32160804020100503,0.7165471972256287,0.11118840864076962
65,0.32663316582914576,0.7207945511052649,0.11095655194568088
66,0.3316582914572864,0.7248550868096094,0.1107293326113018
67,0.33668341708542715,0.7286906995848165,0.11050757688713576
68,0.3417085427135678,0.7322772797594888,0.11029220945039253
69,0.34673366834170855,0.7356086383170632,0.11008426224684564
70,0.35175879396984927,0.7386986259862974,0.10988488366936576
71,0.35678391959798994,0.7415811349362492,0.10969534801851323
72,0.36180904522613067,0.7443079105192114,0.10951706517674598
73,0.36683417085427134,0.7469443506958218,0.10935159041393172
74,0.37185929648241206,0.749563704942836,0.10920063422684534
75,0.3768844221105528,0.7522402758478343,0.10906607209932496
76,0.38190954773869346,0.7550423525637968,0.10894995405287576
77,0.3869346733668342,0.7580256499784943,0.1088545138397854
78,0.3919597989949749,0.7612279840086962,0.10878217761253528
79,0.3969849246231156,0.764665785280657,0.10873557188463034
80,0.4020100502512563,0.7683328542960445,0.10871753057917456
81,0.40703517587939697,0.7722015135840935,0.10873110094304883
82,0.4120603015075377,0.7762260450933152,0.10877954808671796
83,0.4170854271356784,0.7803480455381763,0.10886635789297183
84,0.4221105527638191,0.7845031184472587,0.10899523802302813
85,0.4271356783919598,0.7886281737516025,0.10917011673571808
86,0.4321608040201005,0.7926685399794302,0.10939513922597832
87,0.4371859296482412,0.796584116366354,0.1096746611831072
88,0.44221105527638194,0.8003538978684817,0.1100132392681622
89,0.4472361809045226,0.8039783813204427,0.11041561821425283
90,0.45226130653266333,0.8074795850013643,0.11088671426440078
91,0.457286432160804,0.8108986618882643,0.11143159467965902
92,0.4623115577889447,0.8142913332660764,0.11205545307647324
93,0.46733668341708545,0.8177215903970138,0.1127635803874426
94,0.4723618090452261,0.8212542878476663,0.11356133128421694
95,0.47738693467336685,0.8249473682384312,0.11445408595608042
96,0.4824120603015075,0.828844505719069,0.11544720720254242
97,0.48743718592964824,0.8329689311716141,0.11654599287345345
98,0.49246231155778897,0.8373191081810287,0.117755623774926
99,0.49748743718592964,0.8418667724322951,0.11908110725319955
100,0.5025125628140703,0.8465576403448294,0.12052721677006205
101,0.507537688442211,0.8513148517090237,0.12209842789098245
102,0.5125628140703518,0.8560449557831592,0.12379885121833545
103,0.5175879396984925,0.86064600324234,0.12563216291441948
104,0.5226130653266332,0.8650170909320021,0.12760153356923798
105,0.5276381909547738,0.8690685445982287,0.12970955627252634
106,0.5326633165829145,0.8727318347749222,0.13195817484470873
107,0.5376884422110553,0.8759683145593671,0.13434861326305114
108,0.542713567839196,0.8787759485729816,0.1368813073834806
109,0.5477386934673367,0.8811933642529877,0.13955584010144073
110,0.5527638190954774,0.8833007851437294,0.1423708811131864
111,0.5577889447236181,0.8852176791472721,0.1453241324295086
112,0.5628140703517588,0.8870972461232858,0.14841228075456006
113,0.5678391959798995,0.8891181505748205,0.15163095777250968
114,0.5728643216080402,0.8914741497495609,0.1549747092838224
115,0.577889447236181,0.894362452900285,0.15843697400270595
116,0.5829145728643216,0.8979717574256222,0.16201007266985767
117,0.5879396984924623,0.9024709331032513,0.16568520795418973
118,0.592964824120603,0.9079992650370369,0.1694524754185429
119,0.5979899497487438,0.9146590247830622,0.17330088561364154
120,0.6030150753768845,0.9225109293238004,0.17721839714846155
121,0.6080402010050251,0.9315727865644996,0.1811919603710369
122,0.6130653266331658,0.9418213357616265,0.18520757108933072
123,0.6180904522613065,0.9531969969595865,0.1892503335740391
124,0.6231155778894473,0.9656109720601777,0.19330453192140215
125,0.628140703517588,0.9789539183499599,0.19735370872003188
126,0.6331658291457286,0.9931052673960994,0.20138074986659396
127,0.6381909547738693,1.0079422072123267,0.20536797431433074
128,0.6432160804020101,1.023347394595776,0.2092972275184716
129,0.6482412060301508,1.0392146183650808,0.21314997736388666
130,0.6532663316582915,1.0554518818975906,0.21690741142250247
131,0.6582914572864321,1.0719816917780822,0.22055053448866524
132,0.6633165829145728,1.0887386946591544,0.22406026547646585
133,0.6683417085427136,1.1056651549765897,0.22741753292995426
134,0.6733668341708543,1.122705067228814,0.2306033685893444
135,0.678391959798995,1.1397979060469023,0.233598998668879
136,0.6834170854271356,1.1568731020344731,0.23638593272802666
137,0.6884422110552764,1.1738462726387078,0.23894605025154825
138,0.6934673366834171,1.1906180350223083,0.2412616852891576
139,0.6984924623115578,1.2070759021662698,0.2433157097357681
140,0.7035175879396985,1.2230993531417291,0.24509161605291385
141,0.7085427135678392,1.2385677267089221,0.2465736004344138
142,0.7135678391959799,1.2533701740907086,0.24774664759887066
143,0.7185929648241206,1.2674165799256585,0.2485966185414891
144,0.7236180904522613,1.280648167119529,0.24911034269116986
145,0.7286432160804021,1.2930464703051725,0.2492757159882157
146,0.7336683417085427,1.304639499696695,0.2490818064137271
147,0.7386934673366834,1.3155042043856084,0.24851896845498844
148,0.7437185929648241,1.3257647430862973,0.2475789678683956
149,0.7487437185929648,1.3355865282832804,0.24625511789090335
150,0.7537688442211056,1.345166468096193,0.2445424277363064
151,0.7587939698492463,1.3547202332858252,0.24243776377850726
152,0.7638190954773869,1.3644676794868056,0.2399400232529377
153,0.7688442211055276,1.374617727464344,0.2370503195834825
154,0.7738693467336684,1.3853540353879867,0.2337721775514936
155,0.7788944723618091,1.3968226924963754,0.2301117354564768
156,0.7839195979899498,1.4091229431161525,0.22607795017285534
157,0.7889447236180904,1.4223016438157527,0.22168279959380788
158,0.7939698492462312,1.4363517998640958,0.21694147539682795
159,0.7989949748743719,1.4512151565037479,0.2118725574130479
160,0.8040201005025126,1.4667884698676978,0.2064981592052149
161,0.8090452261306533,1.4829327809437878,0.2008440328596801
162,0.8140703517587939,1.4994847867843766,0.194939619610122
163,0.8190954773869347,1.5162692618745166,0.1888180319019902
164,0.8241206030150754,1.533111437066926,0.1825159520720826
165,0.8291457286432161,1.5498482935001188,0.17607343317081306
166,0.8341708542713568,1.566337866121908,0.1695335888117271
167,0.8391959798994975,1.5824658600985597,0.16294216148824936
168,0.8442211055276382,1.598149141648494,0.15634696269461812
169,0.8492462311557789,1.6133359468640562,0.1497971834834172
170,0.8542713567839196,1.6280029308820474,0.1433425807208546
171,0.8592964824120604,1.6421494303978088,0.13703255204532394
172,0.864321608040201,1.6557895152691255,0.13091512100491332
173,0.8693467336683417,1.668942547824806,0.12503586248435938
174,0.8743718592964824,1.6816230485103478,0.11943680662398724
175,0.8793969849246231,1.6938306894213027,0.11415536618348955
176,0.8844221105527639,1.7055412154777232,0.10922333690199904
177,0.8894472361809045,1.7166990418261658,0.10466602213240496
178,0.8944723618090452,1.727212209167735,0.10050153135718733
179,0.8994974874371859,1.7369503033799767,0.09674029688777784
180,0.9045226130653267,1.7457458594383939,0.09338484422211757
181,0.9095477386934674,1.753399658709262,0.09042983966160399
182,0.914572864321608,1.7596901708942636,0.08786242466728755
183,0.9195979899497487,1.7643871620388998,0.08566283109420503
184,0.9246231155778895,1.7672691686507276,0.0838052560069793
185,0.9296482412060302,1.768144121562772,0.08225896032641611
186,0.9346733668341709,1.766871912977924,0.08098954298003336
187,0.9396984924623115,1.7633871871641718,0.07996033214943754
188,0.9447236180904522,1.7577201788185974,0.07913382793555679
189,0.949748743718593,1.7500131213230867,0.07847312634076997
190,0.9547738693467337,1.7405297000669537,0.07794325277116987
191,0.9597989949748744,1.7296553137650286,0.07751233416656977
192,0.964824120603015,1.7178865665370298,0.0771525424385342
193,0.9698492462311558,1.7058094219174402,0.07684074860983857
194,0.9748743718592965,1.6940667145464972,0.07655883797161889
195,0.9798994974874372,1.683317080457366,0.07629365352868599
196,0.9849246231155779,1.6741886341014438,0.07603656066154085
197,0.9899497487437187,1.6672316805318856,0.07578266386546995
198,0.9949748743718593,1.6628752237562898,0.07552976114480614
199,1.0,1.6613919018898191,0.07527719885202377
