,x,y,pNG
0,0.0,1.1971781933178167,0.12533111851005752
1,0.005025125628140704,1.1974781902173939,0.12515540962561222
2,0.010050251256281407,1.1983659672318991,0.1249781500566417
3,0.01507537688442211,1.19980578652822,0.12479932818649064
4,0.020100502512562814,1.2017410063282876,0.12461893296737915
5,0.02512562814070352,1.2040981586035278,0.12443695397445895
6,0.03015075376884422,1.2067920809085002,0.12425338145851585
7,0.035175879396984924,1.2097315971529066,0.12406820639699535
8,0.04020100502512563,1.2128251950965667,0.12388142054303285
9,0.04522613065326633,1.2159861640399705,0.12369301647220945
10,0.05025125628140704,1.219136735422817,0.12350298762673405
11,0.05527638190954774,1.2222109041507614,0.12331132835682103
12,0.06030150753768844,1.2251557829395117,0.1231180339589969
13,0.06532663316582915,1.227931531912054,0.12292310071116595
14,0.07035175879396985,1.2305100831344733,0.12272652590422704
15,0.07537688442211056,1.2328730173502105,0.12252830787009028
16,0.08040201005025126,1.2350090262922073,0.12232844600604753
17,0.08542713567839195,1.2369113973798895,0.12212694079534304
18,0.09045226130653267,1.238575890189865,0.1219237938239991
19,0.09547738693467336,1.23999925090472,0.12171900779393485
20,0.10050251256281408,1.2411784576317044,0.12151258653245768
21,0.10552763819095477,1.2421106371870587,0.12130453499835248
22,0.11055276381909548,1.2427934729110015,0.1210948592848652
23,0.11557788944723618,1.2432258562708802,0.12088356661995835
24,0.12060301507537688,1.2434085331492282,0.12067066536440985
25,0.12562814070351758,1.243344554894417,0.12045616500843292
26,0.1306532663316583,1.243039446686376,0.1202400761677177
27,0.135678391959799,1.2425011238074264,0.12002241057999675
28,0.1407035175879397,1.2417396884930179,0.11980318110348898
29,0.1457286432160804,1.2407672981272886,0.1195824017189202
30,0.15075376884422112,1.2395982918204633,0.11936008753706615
31,0.15577889447236182,1.2382496939759007,0.1191362548142778
32,0.16080402010050251,1.2367420938925993,0.1189109209787792
33,0.1658291457286432,1.2351007575495547,0.11868410467114188
34,0.1708542713567839,1.2333566977955057,0.11845582580279435
35,0.17587939698492464,1.2315473489240274,0.1182261056371522
36,0.18090452261306533,1.2297164893003028,0.1179949668986211
37,0.18592964824120603,1.227913143551992,0.11776243391542572
38,0.19095477386934673,1.2261893656405118,0.11752853280320265
39,0.19597989949748745,1.2245970272597373,0.11729329169701475
40,0.20100502512562815,1.2231839681717183,0.11705674104058085
41,0.20603015075376885,1.2219900550862932,0.11681891394243205
42,0.21105527638190955,1.2210437964377772,0.11657984660985075
43,0.21608040201005024,1.22036013981878,0.1163395788725864
44,0.22110552763819097,1.21993992807445,0.11609815480945407
45,0.22613065326633167,1.2197712272307146,0.1158556234922622
46,0.23115577889447236,1.2198324075241405,0.1156120398625594
47,0.23618090452261306,1.2200965182619166,0.1153674657580489
48,0.24120603015075376,1.2205362144762602,0.1151219711066208
49,0.24623115577889448,1.2211283275458278,0.11487563530711398
50,0.25125628140703515,1.2218571630038955,0.11462854881696805
51,0.2562814070351759,1.2227157686135677,0.11438081496789175
52,0.2613065326633166,1.2237047253216284,0.11413255203147656
53,0.2663316582914573,1.2248284253997237,0.11388389555729815
54,0.271356783919598,1.2260892482355692,0.11363500100649936
55,0.2763819095477387,1.2274804488822433,0.11338604670395536
56,0.2814070351758794,1.2289788667914467,0.1131372371320074
57,0.2864321608040201,1.2305386888704133,0.11288880658817445
58,0.2914572864321608,1.2320874355236804,0.11264102322838533
59,0.2964824120603015,1.2335250852117716,0.11239419351578904
60,0.30150753768844224,1.2347268470580242,0.11214866709333073
61,0.3065326633165829,1.2355495913491183,0.11190484209570706
62,0.31155778894472363,1.2358414283926231,0.11166317091314236
63,0.3165829145728643,1.235453464237064,0.11142416641552877
64,0.32160804020100503,1.2342524256853693,0.11118840864076962
65,0.32663316582914576,1.2321326865224826,0.11095655194568088
66,0.3316582914572864,1.2290262658347013,0.1107293326113018
67,0.33668341708542715,1.2249096028345705,0.11050757688713576
68,0.3417085427135678,1.2198063082485802,0.11029220945039253
69,0.34673366834170855,1.2137855950865772,0.11008426224684564
70,0.35175879396984927,1.2069566320322984,0.10988488366936576
71,0.35678391959798994,1.1994595666701846,0.10969534801851323
72,0.36180904522613067,1.1914543647800306,0.10951706517674598
73,0.36683417085427134,1.1831088523529345,0.10935159041393172
74,0.37185929648241206,1.1745873972356136,0.10920063422684534
75,0.3768844221105528,1.1660415220673772,0.10906607209932496
76,0.38190954773869346,1.1576034210458088,0.10894995405287576
77,0.3869346733668342,1.1493829056994092,0.1088545138397854
78,0.3919597989949749,1.1414677928283083,0.10878217761253528
79,0.3969849246231156,1.13392724393982,0.10873557188463034
80,0.4020100502512563,1.1268171419101252,0.10871753057917456
81,0.40703517587939697,1.1201863083329275,0.10873110094304883
82,0.4120603015075377,1.1140822653025724,0.10877954808671796
83,0.4170854271356784,1.108555343311491,0.10886635789297183
84,0.4221105527638191,1.103660218820398,0.10899523802302813
85,0.4271356783919598,1.099454389928198,0.10917011673571808
86,0.4321608040201005,1.0959936038888336,0.10939513922597832
87,0.4371859296482412,1.0933247609517982,0.1096746611831072
88,0.44221105527638194,1.0914772587703025,0.1100132392681622
89,0.4472361809045226,1.0904540442705193,0.11041561821425283
90,0.45226130653266333,1.0902237595353486,0.11088671426440078
91,0.457286432160804,1.0907152862826963,0.11143159467965902
92,0.4623115577889447,1.091815721190693,0.11205545307647324
93,0.46733668341708545,1.0933723908755044,0.1127635803874426
94,0.4723618090452261,1.0951990017031095,0.11356133128421694
95,0.47738693467336685,1.0970854890191772,0.11445408595608042
96,0.4824120603015075,1.0988106572033165,0.11544720720254242
97,0.48743718592964824,1.1001563508376753,0.11654599287345345
98,0.49246231155778897,1.1009217139540932,0.117755623774926
99,0.49748743718592964,1.1009360995285054,0.11908110725319955
100,0.5025125628140703,1.1000693786374598,0.12052721677006205
101,0.507537688442211,1.0982387360727675,0.12209842789098245
102,0.5125628140703518,1.0954114748688202,0.12379885121833545
103,0.5175879396984925,1.091603822576394,0.12563216291441948
104,0.5226130653266332,1.0868761717570203,0.12760153356923798
105,0.5276381909547738,1.0813255385528533,0.12970955627252634
106,0.5326633165829145,1.075076245108734,0.13195817484470873
107,0.5376884422110553,1.0682699047728652,0.13434861326305114
108,0.542713567839196,1.061055717784259,0.1368813073834806
109,0.5477386934673367,1.0535818954744591,0.13955584010144073
110,0.5527638190954774,1.0459887644428845,0.1423708811131864
111,0.5577889447236181,1.038403807662123,0.1453241324295086
112,0.5628140703517588,1.0309386242555119,0.14841228075456006
113,0.5678391959798995,1.023687571190761,0.15163095777250968
114,0.5728643216080402,1.0167277105235568,0.1549747092838224
115,0.577889447236181,1.0101196301569375,0.15843697400270595
116,0.5829145728643216,1.003908724095394,0.16201007266985767
117,0.5879396984924623,0.9981265890265597,0.16568520795418973
118,0.592964824120603,0.9927922925671878,0.1694524754185429
119,0.5979899497487438,0.9879133712099446,0.17330088561364154
120,0.6030150753768845,0.9834865056885097,0.17721839714846155
121,0.6080402010050251,0.9794978892224323,0.1811919603710369
122,0.6130653266331658,0.9759233488135989,0.18520757108933072
123,0.6180904522613065,0.9727283057780903,0.1892503335740391
124,0.6231155778894473,0.9698676755220716,0.19330453192140215
125,0.628140703517588,0.9672858139121026,0.19735370872003188
126,0.6331658291457286,0.9649166214838093,0.20138074986659396
127,0.6381909547738693,0.9626839171376165,0.20536797431433074
128,0.6432160804020101,0.9605021876446984,0.2092972275184716
129,0.6482412060301508,0.9582778053465305,0.21314997736388666
130,0.6532663316582915,0.9559107818992177,0.21690741142250247
131,0.6582914572864321,0.9532970906821611,0.22055053448866524
132,0.6633165829145728,0.9503315464739974,0.22406026547646585
133,0.6683417085427136,0.9469111815895388,0.22741753292995426
134,0.6733668341708543,0.9429390068923486,0.2306033685893444
135,0.678391959798995,0.9383279978897245,0.233598998668879
136,0.6834170854271356,0.9330051040673273,0.23638593272802666
137,0.6884422110552764,0.9269150471596225,0.23894605025154825
138,0.6934673366834171,0.9200236548563725,0.2412616852891576
139,0.6984924623115578,0.9123204746617611,0.2433157097357681
140,0.7035175879396985,0.903820432515215,0.24509161605291385
141,0.7085427135678392,0.8945643456868374,0.2465736004344138
142,0.7135678391959799,0.8846181702165046,0.24774664759887066
143,0.7185929648241206,0.8740709565556338,0.2485966185414891
144,0.7236180904522613,0.8630315948926762,0.24911034269116986
145,0.7286432160804021,0.8516245410102617,0.2492757159882157
146,0.7336683417085427,0.8399848086185825,0.2490818064137271
147,0.7386934673366834,0.8282525792022547,0.24851896845498844
148,0.7437185929648241,0.8165678034463307,0.2475789678683956
149,0.7487437185929648,0.8050651441021581,0.24625511789090335
150,0.7537688442211056,0.7938695423250297,0.2445424277363064
151,0.7587939698492463,0.7830925903327478,0.24243776377850726
152,0.7638190954773869,0.772829781359861,0.2399400232529377
153,0.7688442211055276,0.7631586044028783,0.2370503195834825
154,0.7738693467336684,0.7541373749538512,0.2337721775514936
155,0.7788944723618091,0.7458046560044431,0.2301117354564768
156,0.7839195979899498,0.7381791289432902,0.22607795017285534
157,0.7889447236180904,0.7312598146255228,0.22168279959380788
158,0.7939698492462312,0.7250266060135346,0.21694147539682795
159,0.7989949748743719,0.7194411363957084,0.2118725574130479
160,0.8040201005025126,0.7144480528839662,0.2064981592052149
161,0.8090452261306533,0.7099767802594826,0.2008440328596801
162,0.8140703517587939,0.7059438398979224,0.194939619610122
163,0.8190954773869347,0.7022557360655267,0.1888180319019902
164,0.8241206030150754,0.6988123486487213,0.1825159520720826
165,0.8291457286432161,0.695510693289732,0.17607343317081306
166,0.8341708542713568,0.6922488434482246,0.1695335888117271
167,0.8391959798994975,0.6889297672491461,0.16294216148824936
168,0.8442211055276382,0.6854648221140908,0.15634696269461812
169,0.8492462311557789,0.6817766719279551,0.1497971834834172
170,0.8542713567839196,0.6778014383999476,0.1433425807208546
171,0.8592964824120604,0.6734899600675365,0.13703255204532394
172,0.864321608040201,0.6688080982789666,0.13091512100491332
173,0.8693467336683417,0.6637360913174987,0.12503586248435938
174,0.8743718592964824,0.6582670121542531,0.11943680662398724
175,0.8793969849246231,0.6524044338263927,0.11415536618348955
176,0.8844221105527639,0.6461594545611551,0.10922333690199904
177,0.8894472361809045,0.6395472888044057,0.10466602213240496
178,0.8944723618090452,0.6325836938791135,0.10050153135718733
179,0.8994974874371859,0.6252815727769617,0.09674029688777784
180,0.9045226130653267,0.6176481614218857,0.09338484422211757
181,0.9095477386934674,0.6096832558548634,0.09042983966160399
182,0.914572864321608,0.601378938419771,0.08786242466728755
183,0.9195979899497487,0.5927211993265046,0.08566283109420503
184,0.9246231155778895,0.5836937042612046,0.0838052560069793
185,0.9296482412060302,0.5742837259340124,0.08225896032641611
186,0.9346733668341709,0.5644899511264561,0.08098954298003336
187,0.9396984924623115,0.5543315281118041,0.07996033214943754
188,0.9447236180904522,0.5438573831401526,0.07913382793555679
189,0.949748743718593,0.5331545710928082,0.07847312634076997
190,0.9547738693467337,0.5223542973249617,0.07794325277116987
191,0.9597989949748744,0.5116343060767857,0.07751233416656977
192,0.964824120603015,0.5012166018792995,0.0771525424385342
193,0.9698492462311558,0.49135994581329384,0.07684074860983857
194,0.9748743718592965,0.48234720125738106,0.07655883797161889
195,0.9798994974874372,0.47446831138657874,0.07629365352868599
196,0.9849246231155779,0.46800036636561865,0.07603656066154085
197,0.9899497487437187,0.463186748485402,0.07578266386546995
198,0.9949748743718593,0.46021762936445304,0.07552976114480614
199,1.0,0.4592140702641184,0.07527719885202377
