,x,y,pNG
0,0.0,1.7719044678636968,0.0
1,0.005025125628140704,1.7709669646827986,0.0
2,0.010050251256281407,1.7681709233779364,0.0
3,0.01507537688442211,1.7635660987295696,0.0
4,0.020100502512562814,1.7572363923681968,0.0
5,0.02512562814070352,1.7493006911094202,0.0
6,0.03015075376884422,1.739912914791308,2.220446049250313e-16
7,0.035175879396984924,1.7292604252978234,1.1102230246251563e-15
8,0.04020100502512563,1.7175600492438075,7.549516567451064e-15
9,0.04522613065326633,1.705051241801408,3.486100297322992e-14
10,0.05025125628140704,1.6919863323222737,1.383337888682945e-13
11,0.05527638190954774,1.6786182830653262,4.785061236134425e-13
12,0.06030150753768844,1.6651868834742476,1.4841461393189093e-12
13,0.06532663316582915,1.6519047113943406,4.199973702156966e-12
14,0.07035175879396985,1.6389444429845104,1.0992984300628448e-11
15,0.07537688442211056,1.6264291269287618,2.6898927529828146e-11
16,0.08040201005025126,1.6144268273680427,6.207279135139743e-11
17,0.08542713567839195,1.6029505926451306,1.3604450899151743e-10
18,0.09045226130653267,1.5919640726290074,2.8486080161371774e-10
19,0.09547738693467336,1.581392371551379,5.726588092613838e-10
20,0.10050251256281408,1.5711369963822932,1.1098912899853983e-09
21,0.10552763819095477,1.561093160436267,2.0812813694703887e-09
22,0.11055276381909548,1.5511673317797496,3.7877010417020066e-09
23,0.11557788944723618,1.5412928454367192,6.707588262599984e-09
24,0.12060301507537688,1.5314416475593127,1.1585287951199064e-08
25,0.12562814070351758,1.5216307740708264,1.955589989943718e-08
26,0.1306532663316583,1.5119229016378508,3.231887280019663e-08
27,0.135678391959799,1.5024211265189595,5.237580780192985e-08
28,0.1407035175879397,1.4932588954960886,8.335175805118665e-08
29,0.1457286432160804,1.4845866125132006,1.304238063104535e-07
30,0.15075376884422112,1.476556786902443,2.0088598262635318e-07
31,0.15577889447236182,1.4693096329358861,3.048856501708386e-07
32,0.16080402010050251,1.4629607867185142,4.56373452140113e-07
33,0.1658291457286432,1.4575923338922046,6.743168279310653e-07
34,0.1708542713567839,1.4532477345758608,9.84236007472994e-07
35,0.17587939698492464,1.4499306022368128,1.4201313316419828e-06
36,0.18090452261306533,1.4476067495344818,2.0268817668700483e-06
37,0.18592964824120603,1.4462085429300289,2.8632065637301807e-06
38,0.19095477386934673,1.4456404580561808,4.005295189735136e-06
39,0.19597989949748745,1.4457848036696825,5.551224879773997e-06
40,0.20100502512562815,1.446506843990281,7.626300381979868e-06
41,0.20603015075376885,1.4476589241449187,1.0389466603921704e-05
42,0.21105527638190955,1.4490836009687404,1.404096181234493e-05
43,0.21608040201005024,1.4506161140037626,1.8831396625285105e-05
44,0.22110552763819097,1.452086732946919,2.5072462055297784e-05
45,0.22613065326633167,1.4533235561268953,3.314948808097462e-05
46,0.23115577889447236,1.4541562166828903,4.3536092309781615e-05
47,0.23618090452261306,1.454420719646941,5.681117585598638e-05
48,0.24120603015075376,1.4539653459537114,7.367854016515629e-05
49,0.24623115577889448,1.4526572849429908,9.498941356755886e-05
50,0.25125628140703515,1.4503894501943848,0.00012176818921816324
51,0.2562814070351759,1.447086826983708,0.0001552416859715855
52,0.2613065326633166,1.442711699347139,0.00019687224973952144
53,0.2663316582914573,1.4372671940908648,0.00024839501389539714
54,0.271356783919598,1.4307987280021188,0.0003118596320621503
55,0.2763819095477387,1.4233931204931791,0.0003896767836720771
56,0.2814070351758794,1.4151753113040217,0.00048466973030514277
57,0.2864321608040201,1.4063027877041359,0.0006001311670300603
58,0.2914572864321608,1.3969579749017718,0.0007398855655190718
59,0.2964824120603015,1.387338980215592,0.0009083571420223092
60,0.30150753768844224,1.377649208449846,0.0011106435004868411
61,0.3065326633165829,1.3680864789614369,0.001352594895956072
62,0.31155778894472363,1.3588323616340192,0.0016408989323892784
63,0.3165829145728643,1.3500424903239916,0.0019831703484334273
64,0.32160804020100503,1.3418385883225947,0.002388045350483425
65,0.32663316582914576,1.334302837286684,0.002865279720645764
66,0.3316582914572864,1.3274750378154436,0.0034258496541164085
67,0.33668341708542715,1.3213527610391953,0.004082053962641163
68,0.3417085427135678,1.3158944055135775,0.004847615915588244
69,0.34673366834170855,1.3110247910990727,0.005737782576480721
70,0.35175879396984927,1.306642681675813,0.0067694190313284395
71,0.35678391959798994,1.302629465144469,0.007961094399166924
72,0.36180904522613067,1.2988581525892808,0.009333155971870122
73,0.36683417085427134,1.2952018926120734,0.010907787261231872
74,0.37185929648241206,1.2915413196365555,0.012709045153906471
75,0.3768844221105528,1.2877702423215112,0.014762870813390228
76,0.38190954773869346,1.2837993997316417,0.017097068455051878
77,0.3869346733668342,1.279558237964498,0.01974124569636193
78,0.3919597989949749,1.274994862388363,0.02272670890008477
79,0.3969849246231156,1.2700744815579497,0.02608630684242097
80,0.4020100502512563,1.2647767670193621,0.029854216217591656
81,0.40703517587939697,1.2590926041659438,0.0340656630069478
82,0.4120603015075377,1.2530207039465935,0.03875657466706151
83,0.4170854271356784,1.2465644885695142,0.04396315949513308
84,0.4221105527638191,1.239729565045043,0.049721411466245535
85,0.4271356783919598,1.2325219708619686,0.05606654133791822
86,0.4321608040201005,1.224947232478439,0.06303233788205452
87,0.4371859296482412,1.217010138949379,0.07065046668727748
88,0.44221105527638194,1.2087150204699122,0.07894971797521633
89,0.4472361809045226,1.2000662535469249,0.08795521912972826
90,0.45226130653266333,1.191068703845372,0.09768763192004892
91,0.457286432160804,1.1817278680968113,0.1081623584180399
92,0.4623115577889447,1.1720495799089137,0.11938878302838417
93,0.46733668341708545,1.1620392815455094,0.13136958050521352
94,0.4723618090452261,1.151701006730376,0.1441001209619175
95,0.47738693467336685,1.1410363366404819,0.1575680023811027
96,0.4824120603015075,1.1300436537925884,0.1717527387756841
97,0.48743718592964824,1.1187180072736127,0.18662562784702966
98,0.49246231155778897,1.1070518130622193,0.20214981580098268
99,0.49748743718592964,1.0950364572260152,0.21828056916742367
100,0.5025125628140703,1.082664675352309,0.2349657544500421
101,0.507537688442211,1.0699333872980774,0.2521465167880159
102,0.5125628140703518,1.0568465141720402,0.26975813921982283
103,0.5175879396984925,1.0434172309283463,0.2877310553166181
104,0.5226130653266332,1.0296691360977714,0.3059919805741333
105,0.5276381909547738,1.0156359539235158,0.32446512257864146
106,0.5326633165829145,1.0013596064991928,0.3430734269796969
107,0.5376884422110553,0.9868867690552401,0.3617398158786821
108,0.542713567839196,0.9722643030193888,0.38038837731832265
109,0.5477386934673367,0.9575341986240231,0.3989454688605991
110,0.5527638190954774,0.9427288078832394,0.4173407043239209
111,0.5577889447236181,0.9278671804082123,0.4355078000548676
112,0.5628140703517588,0.9129532187723709,0.4533852650272802
113,0.5678391959798995,0.8979761573121471,0.4709169270004547
114,0.5728643216080402,0.8829135664402563,0.4880522944081132
115,0.577889447236181,0.8677367344705721,0.5047467601792219
116,0.5829145728643216,0.8524179276566248,0.5209616590310353
117,0.5879396984924623,0.8369387238650979,0.5366641937770232
118,0.592964824120603,0.8212983981797233,0.551827248834457
119,0.5979899497487438,0.8055212425791297,0.5664291104762944
120,0.6030150753768845,0.7896617467006855,0.5804531136023
121,0.6080402010050251,0.7738067569181948,0.5938872341031469
122,0.6130653266331658,0.7580740527970272,0.6067236444786309
123,0.6180904522613065,0.7426072006106558,0.6189582484633316
124,0.6231155778894473,0.727567012394085,0.6305902082109183
125,0.628140703517588,0.7131203923191937,0.6416214752632088
126,0.6331658291457286,0.6994277218131734,0.6520563342206792
127,0.6381909547738693,0.686630159537112,0.6619009658412491
128,0.6432160804020101,0.6748382700783473,0.6711630342953384
129,0.6482412060301508,0.6641232334566485,0.679851301540131
130,0.6532663316582915,0.6545115483648147,0.6879752702635287
131,0.6582914572864321,0.6459836800283566,0.6955448555896078
132,0.6633165829145728,0.6384765961183759,0.7025700847191154
133,0.6683417085427136,0.6318896662047199,0.7090608228798867
134,0.6733668341708543,0.6260930465595486,0.7150265233553559
135,0.678391959798995,0.6209374818450875,0.7204759989167833
136,0.6834170854271356,0.616264442482783,0.7254172116764129
137,0.6884422110552764,0.6119156595961396,0.7298570781782585
138,0.6934673366834171,0.6077413685136513,0.733801286425678
139,0.6984924623115578,0.603606862947481,0.7372541214892109
140,0.7035175879396985,0.5993972333483397,0.7402182963274583
141,0.7085427135678392,0.5950203691518337,0.7426947844745945
142,0.7135678391959799,0.5904084250085815,0.7446826512918109
143,0.7185929648241206,0.585517990574852,0.7461788805422188
144,0.7236180904522613,0.5803291863879146,0.7471781931305788
145,0.7286432160804021,0.5748438677764921,0.7476728549572064
146,0.7336683417085427,0.5690830846452186,0.7476524709825764
147,0.7386934673366834,0.5630839352341493,0.7471037628083135
148,0.7437185929648241,0.5568959685021065,0.7460103273827712
149,0.7487437185929648,0.5505773203952649,0.7443523748819951
150,0.7537688442211056,0.5441907940868469,0.742106444463035
151,0.7587939698492463,0.5378000944315913,0.7392450975221717
152,0.7638190954773869,0.5314663921936791,0.7357365894316727
153,0.7688442211055276,0.525245326940613,0.7315445226273437
154,0.7738693467336684,0.5191844744118557,0.7266274865750821
155,0.7788944723618091,0.5133212281840938,0.7209386938140533
156,0.7839195979899498,0.5076810005032211,0.7144256262813014
157,0.7889447236180904,0.5022756497255041,0.7070297128680165
158,0.7939698492462312,0.4971020951977758,0.6986860681208962
159,0.7989949748743719,0.4921411728100537,0.6893233337323723
160,0.8040201005025126,0.48735689149409184,0.6788636795458769
161,0.8090452261306533,0.48269634178223275,0.6672230397853499
162,0.8140703517587939,0.4780905528291735,0.6543116834735379
163,0.8190954773869347,0.47345657367302285,0.6400352454858719
164,0.8241206030150754,0.46870096167899766,0.6242963755498581
165,0.8291457286432161,0.4637247053081503,0.6069971945137906
166,0.8341708542713568,0.45842941210979576,0.5880427759526633
167,0.8391959798994975,0.45272438694398387,0.5673458890044445
168,0.8442211055276382,0.44653404273210934,0.5448332332234866
169,0.8492462311557789,0.43980495558700927,0.5204533509071371
170,0.8542713567839196,0.4325118191594635,0.4941862941991742
171,0.8592964824120604,0.42466158070821597,0.4660549273956464
172,0.864321608040201,0.4162951549629084,0.43613743565287655
173,0.8693467336683417,0.40748630352395054,0.4045801792333803
174,0.8743718592964824,0.39833752200783795,0.3716094969763633
175,0.8793969849246231,0.3889730728595957,0.33754049391353225
176,0.8844221105527639,0.37952961208621677,0.3027803836903397
177,0.8894472361809045,0.3701451526559486,0.2678238018503152
178,0.8944723618090452,0.3609473535137256,0.23323789751017565
179,0.8994974874371859,0.35204228940213556,0.19963613235643365
180,0.9045226130653267,0.3435049156200687,0.16764157775709798
181,0.9095477386934674,0.33537237448566753,0.13784283067831282
182,0.914572864321608,0.3276410895157618,0.11074789201271662
183,0.9195979899497487,0.3202682665615685,0.0867427268022195
184,0.9246231155778895,0.3131779910809169,0.06606113519491362
185,0.9296482412060302,0.30627161458837476,0.04877081983731424
186,0.9346733668341709,0.2994416102410611,0.034777543246586114
187,0.9396984924623115,0.2925876045887327,0.023845896092320015
188,0.9447236180904522,0.2856329196527694,0.01563241741503818
189,0.949748743718593,0.27853974319808394,0.009725299483936745
190,0.9547738693467337,0.27132103122769946,0.005684835019158285
191,0.9597989949748744,0.26404746289725883,0.0030798082938461317
192,0.964824120603015,0.25684821589181217,0.0015166329420850386
193,0.9698492462311558,0.24990497993183228,0.0006596546314946439
194,0.9748743718592965,0.24343941399897723,0.0002423165238953917
195,0.9798994974874372,0.23769508557538058,6.972449989328666e-05
196,0.9849246231155779,0.2329156942538364,1.3643579832356426e-05
197,0.9899497487437187,0.22932196046480066,1.321543143473214e-06
198,0.9949748743718593,0.2270898522795907,2.299478685241496e-08
199,1.0,0.2263327654495943,0.0
