,x,y
0,0.0,3.3115734165958506e-22
1,0.010101010101010102,2.320940081686288e-20
2,0.020202020202020204,1.3075400886612551e-18
3,0.030303030303030304,5.922237440616147e-17
4,0.04040404040404041,2.156948116910822e-15
5,0.05050505050505051,6.318372185311592e-14
6,0.06060606060606061,1.4889364154082312e-12
7,0.07070707070707072,2.823267495139698e-11
8,0.08080808080808081,4.3086282682257437e-10
9,0.09090909090909091,5.293614878959093e-09
10,0.10101010101010102,5.237461114500041e-08
11,0.11111111111111112,4.1744164344750306e-07
12,0.12121212121212122,2.6814359889818145e-06
13,0.13131313131313133,1.3889754664400756e-05
14,0.14141414141414144,5.8070820570983854e-05
15,0.15151515151515152,0.00019622610959525152
16,0.16161616161616163,0.0005371376893527522
17,0.17171717171717174,0.0011958350744469821
18,0.18181818181818182,0.0021810152011963314
19,0.19191919191919193,0.0033047745731960006
20,0.20202020202020204,0.00428365945718634
21,0.21212121212121213,0.005056588827163709
22,0.22222222222222224,0.00609565176482875
23,0.23232323232323235,0.008434129731202073
24,0.24242424242424243,0.013259675266943279
25,0.25252525252525254,0.021077947878986838
26,0.26262626262626265,0.030867086170362247
27,0.27272727272727276,0.04017691074372341
28,0.2828282828282829,0.046707725361441216
29,0.29292929292929293,0.050253510875236496
30,0.30303030303030304,0.05301620343821176
31,0.31313131313131315,0.05787808161777257
32,0.32323232323232326,0.06636973207743192
33,0.33333333333333337,0.07799783696824102
34,0.3434343434343435,0.09108453809491149
35,0.3535353535353536,0.10442611794209479
36,0.36363636363636365,0.11862669482774707
37,0.37373737373737376,0.13576129578731558
38,0.38383838383838387,0.15743462160819938
39,0.393939393939394,0.18332286692843527
40,0.4040404040404041,0.21197031692164614
41,0.4141414141414142,0.24306270590799164
42,0.42424242424242425,0.2786220747536428
43,0.43434343434343436,0.32148877236877454
44,0.4444444444444445,0.3723604673364133
45,0.4545454545454546,0.4286090016332742
46,0.4646464646464647,0.4863673990750706
47,0.4747474747474748,0.5435592200457622
48,0.48484848484848486,0.6006900731120836
49,0.494949494949495,0.6594793960814199
50,0.5050505050505051,0.72159586492254
51,0.5151515151515152,0.7879659851322406
52,0.5252525252525253,0.8576810622386077
53,0.5353535353535354,0.9272795211834709
54,0.5454545454545455,0.9919956667781463
55,0.5555555555555556,1.0482430858976561
56,0.5656565656565657,1.0953714594490835
57,0.5757575757575758,1.136119484016537
58,0.5858585858585859,1.1758041573210085
59,0.595959595959596,1.220256832182312
60,0.6060606060606061,1.27372756158324
61,0.6161616161616162,1.3380696459855388
62,0.6262626262626263,1.4128026186866691
63,0.6363636363636365,1.4955154796855956
64,0.6464646464646465,1.5830738706355783
65,0.6565656565656566,1.673131154885741
66,0.6666666666666667,1.7641351376018075
67,0.6767676767676768,1.8537284951527444
68,0.686868686868687,1.93812408734801
69,0.696969696969697,2.013750442556229
70,0.7070707070707072,2.0786311032356117
71,0.7171717171717172,2.13157152364892
72,0.7272727272727273,2.1716130458758953
73,0.7373737373737375,2.1997328851193214
74,0.7474747474747475,2.219735559565822
75,0.7575757575757577,2.2355238888815014
76,0.7676767676767677,2.2478537206711495
77,0.7777777777777778,2.255056351207587
78,0.787878787878788,2.2568271894696825
79,0.797979797979798,2.2566049932762464
80,0.8080808080808082,2.2603021907295595
81,0.8181818181818182,2.2727486492033306
82,0.8282828282828284,2.2947377894135834
83,0.8383838383838385,2.3227682738482756
84,0.8484848484848485,2.350939935456891
85,0.8585858585858587,2.372893462094091
86,0.8686868686868687,2.383303603393991
87,0.8787878787878789,2.379750973913576
88,0.888888888888889,2.3642793549282923
89,0.8989898989898991,2.3431405323118955
90,0.9090909090909092,2.324676876105891
91,0.9191919191919192,2.315913876533972
92,0.9292929292929294,2.3183215083436575
93,0.9393939393939394,2.32413341414179
94,0.9494949494949496,2.314630125248265
95,0.9595959595959597,2.260638728255351
96,0.9696969696969697,2.1267959298167027
97,0.9797979797979799,1.8840708204762127
98,0.98989898989899,1.531343186044532
99,1.0,1.1122514266061214
