,x,y,pNG
0,0.0,1.9221883349077922e-278,
1,0.6030150753768844,3.1799900478859006e-267,
2,1.2060301507537687,3.0620028533205333e-256,
3,1.809045226130653,1.7160890034493272e-245,
4,2.4120603015075375,5.5980012660497424e-235,
5,3.015075376884422,1.062893932968438e-224,
6,3.618090452261306,1.1746692853823113e-214,
7,4.221105527638191,7.556405661961627e-205,
8,4.824120603015075,2.8293998556098773e-195,
9,5.427135678391959,6.166780350312887e-186,0.0
10,6.030150753768844,7.823726292785739e-177,0.0
11,6.633165829145728,5.777846699158601e-168,0.0
12,7.236180904522612,2.4838309256289235e-159,0.0
13,7.839195979899497,6.21567692602996e-151,0.0
14,8.442211055276381,9.05466253613148e-143,0.0
15,9.045226130653266,7.678580076383164e-135,0.0
16,9.64824120603015,3.790723665648207e-127,0.0
17,10.251256281407034,1.0894418526840906e-119,0.002585978907965081
18,10.854271356783919,1.82278452940509e-112,0.013500177316229768
19,11.457286432160803,1.775518239315949e-105,0.0339219475192768
20,12.060301507537687,1.0068929249476246e-98,0.08226461533642426
21,12.663316582914572,3.324454443753903e-92,0.18418044839459854
22,13.266331658291456,6.390693313865344e-86,0.3192006451881578
23,13.86934673366834,7.15284453623323e-80,0.3684109576405018
24,14.472361809045225,4.661514259754198e-74,0.3605660589044857
25,15.07537688442211,1.7689222526037445e-68,0.3520987329421602
26,15.678391959798994,3.9087909199287153e-63,0.3438358482797802
27,16.281407035175878,5.0297877375903944e-58,0.3358285822525192
28,16.884422110552762,3.7692586962905684e-53,0.3281231460832621
29,17.487437185929647,1.645099058615612e-48,0.3208209068187877
30,18.09045226130653,4.182110758735138e-44,0.3143186594439993
31,18.693467336683415,6.193167692347809e-40,0.30892682649333697
32,19.2964824120603,5.343209173529444e-36,0.3050302149174896
33,19.899497487437184,2.6861929697892314e-32,0.3015362444012054
34,20.50251256281407,7.870676481934371e-29,0.2969878490934831
35,21.105527638190953,1.344460269631053e-25,0.2896708418122551
36,21.708542713567837,1.339375078014915e-22,0.2783271426515802
37,22.31155778894472,7.78538645709366e-20,0.2635294068171098
38,22.914572864321606,2.642117248743653e-17,0.24702024562481886
39,23.51758793969849,5.239346462641507e-15,0.22992760889191746
40,24.120603015075375,6.077721288216008e-13,0.2132596679617066
41,24.72361809045226,4.130661245557621e-11,0.19729327143164388
42,25.326633165829143,1.6485726354344527e-09,0.1819333553905496
43,25.929648241206028,3.877926996558451e-08,0.1670245988181004
44,26.532663316582912,5.412021905833813e-07,0.15267749466664882
45,27.135678391959797,4.541526534562599e-06,0.13884866635146975
46,27.73869346733668,2.3602439971447043e-05,0.12579082469666036
47,28.341708542713565,8.106012107593433e-05,0.1136895223277362
48,28.94472361809045,0.00020751559747043776,0.10268306038132002
49,29.547738693467334,0.00045784755141833536,0.09284806176755178
50,30.15075376884422,0.0009437991322842823,0.0843358969516429
51,30.753768844221103,0.0018411742762926531,0.07712171866661753
52,31.356783919597987,0.0033807531475952657,0.07134755190352893
53,31.95979899497487,0.005751561120090958,0.06718080061879195
54,32.562814070351756,0.009043827398835578,0.06466491059792245
55,33.16582914572864,0.013427706729445143,0.06384844133919376
56,33.768844221105525,0.01905985403572484,0.06480094726227825
57,34.37185929648241,0.025606129504078864,0.06751261973709377
58,34.97487437185929,0.03247618244189414,0.07202041613581311
59,35.577889447236174,0.03935363754630822,0.07852724613247153
60,36.18090452261306,0.04580229301665929,0.0873614688297466
61,36.78391959798995,0.051202357442211174,0.09825118343759842
62,37.38693467336683,0.05573183566407153,0.111998208856793
63,37.98994974874371,0.06009831808696725,0.1285521381644471
64,38.5929648241206,0.06420172559261768,0.14870244801206545
65,39.19597989949749,0.06751030392697684,0.17234963992201147
66,39.79899497487437,0.06995339103494673,0.20072277591210508
67,40.40201005025125,0.07142944114923759,0.2326339262303724
68,41.00502512562814,0.07169630561818906,0.2676376011139616
69,41.608040201005025,0.07089500526178515,0.3047715148036787
70,42.211055276381906,0.0694206858103956,0.3435786099219493
71,42.81407035175879,0.06746097581890485,0.3853344221166149
72,43.417085427135675,0.06496700751588344,0.4268248674511882
73,44.02010050251256,0.06203220417279543,0.4698677793086414
74,44.62311557788944,0.05905118048214608,0.5154895314171577
75,45.226130653266324,0.056370932763140875,0.5575343020990238
76,45.82914572864321,0.05369096630272744,0.5990551468049039
77,46.4321608040201,0.05054202842338182,0.6373216969278366
78,47.03517587939698,0.04705851199421832,0.6751374039059331
79,47.63819095477386,0.04336716607407129,0.7121530786733851
80,48.24120603015075,0.03931608312154538,0.7459151192511393
81,48.84422110552764,0.03502194761882205,0.7774558144066097
82,49.44723618090452,0.030797095442303368,0.806520935173375
83,50.0502512562814,0.026913634229554347,0.8326942302538363
84,50.65326633165829,0.02346914760233519,0.8576555893841482
85,51.256281407035175,0.020443465401113387,0.8796588219362034
86,51.859296482412056,0.017889979590784994,0.8988453301127746
87,52.46231155778894,0.015772631609642446,0.9154264301414432
88,53.065326633165824,0.014015588520708788,0.9285890504258892
89,53.66834170854271,0.012472744022700854,0.9407791462948659
90,54.27135678391959,0.010857917515413215,0.9511279838786804
91,54.874371859296474,0.00914585899470599,0.960536157003672
92,55.47738693467336,0.007541021924798922,0.966558707380048
93,56.08040201005025,0.0061515983380053775,0.9728791287385014
94,56.68341708542713,0.005051462926059842,0.977472188126228
95,57.28643216080401,0.004196761401106063,0.9818743700105974
96,57.8894472361809,0.003476239384779647,0.9849552157848732
97,58.49246231155779,0.0029326785913361157,0.9876708106632632
98,59.09547738693467,0.0025785146327835834,0.9896342780618672
99,59.69849246231155,0.0023107425947329896,0.991462220054917
100,60.30150753768844,0.0020227698736641044,0.9929802293963674
101,60.904522613065325,0.0016495128814335725,0.9940370486403466
102,61.507537688442206,0.00122836961669997,0.9947934741266024
103,62.110552763819086,0.0008692475651307269,0.9955967443114208
104,62.713567839195974,0.0006508832463337248,0.9963721774570484
105,63.31658291457286,0.000571096457046923,0.9969213245255326
106,63.91959798994974,0.0005614684320275643,0.9973122737599529
107,64.52261306532662,0.0005670357364740388,0.9976626783842416
108,65.12562814070351,0.0005571635494056202,0.9980050667826634
109,65.7286432160804,0.0005051968243616679,0.9983363374735588
110,66.33165829145727,0.0004308681887765121,0.9985897121555004
111,66.93467336683416,0.0003644641759162086,0.9988126300677572
112,67.53768844221105,0.0003166849487843729,0.9989245979026278
113,68.14070351758794,0.0002938691966939469,0.9991566724801842
114,68.74371859296483,0.00029255819293161827,0.999277713695395
115,69.3467336683417,0.0003286850543755677,0.9993867034894122
116,69.94974874371859,0.00041479252870491837,0.9994516302587084
117,70.55276381909547,0.000494855757425479,0.9995181835825536
118,71.15577889447235,0.000493371053086523,0.999542518911558
119,71.75879396984924,0.0004016750272137626,0.9996022874241656
120,72.36180904522612,0.0002739702654375623,0.9996066758244726
121,72.96482412060301,0.0001621641465164572,0.9996336787104304
122,73.5678391959799,8.993538857248532e-05,0.9996447217671668
123,74.17085427135677,6.244660310380989e-05,0.9996498167775171
124,74.77386934673366,5.964960154679079e-05,0.9996538596004352
125,75.37688442211055,5.634526750653833e-05,0.9996845597269745
126,75.97989949748742,4.8117092304583865e-05,0.9996929732001444
127,76.58291457286431,3.6781418123952114e-05,0.9996954881189823
128,77.1859296482412,2.1481338272344394e-05,0.9997556550970618
129,77.78894472361809,8.184545552867913e-06,0.9999130981292907
130,78.39195979899498,1.887568836257772e-06,0.9999180487738458
131,78.99497487437185,2.565859145670394e-07,0.9999219837765814
132,79.59798994974874,2.038052714696872e-08,0.9999402271325668
133,80.20100502512562,9.432791517490926e-10,0.99994741776928
134,80.8040201005025,2.5416631237773243e-11,0.9999512070627551
135,81.40703517587939,3.985868448412608e-13,0.9999619245442796
136,82.01005025125627,3.637595780123262e-15,0.9999658301204141
137,82.61306532663316,1.9318758063781547e-17,0.9999694853981256
138,83.21608040201005,5.970531130690522e-20,0.9999726886782132
139,83.81909547738692,1.073777581102257e-22,0.9999756790217249
140,84.42211055276381,1.123784002522333e-25,0.9999782778252146
141,85.0251256281407,6.844131717222539e-29,0.9999828363536494
142,85.62814070351757,2.425609166163575e-32,0.9999850611555962
143,86.23115577889446,5.00253606150487e-36,0.999987106445656
144,86.83417085427135,6.00380478504023e-40,0.9999888573670892
145,87.43718592964824,4.19304793561634e-44,0.9999904221105668
146,88.04020100502512,1.704119404286691e-48,0.9999918489461
147,88.643216080402,4.0302978728984897e-53,0.9999930459869476
148,89.24623115577889,5.546783287618017e-58,0.9999940767140856
149,89.84924623115577,4.4423439477379384e-63,0.9999949986651075
150,90.45226130653265,2.070380136511049e-68,0.9999958278429184
151,91.05527638190954,5.615066878073503e-74,0.9999965102603317
152,91.65829145728642,8.861897112650575e-80,0.9999971092090366
153,92.26130653266331,8.138894201826709e-86,0.9999976109291896
154,92.8643216080402,4.349817457708066e-92,0.9999980506482068
155,93.46733668341707,1.352831135795234e-98,0.9999984070194944
156,94.07035175879396,2.448403984475168e-105,0.9999986966522272
157,94.67336683417085,2.5786327513820976e-112,0.9999989401579188
158,95.27638190954772,1.5803847869867874e-119,0.9999991376472176
159,95.87939698492461,5.636416996449128e-127,0.9999993038652076
160,96.4824120603015,1.169796507799321e-134,0.99999944299943
161,97.08542713567839,1.4128122586514344e-142,0.9999995570450008
162,97.68844221105527,9.929457420919615e-151,0.9999996476800244
163,98.29145728643215,4.0610048712480893e-159,0.9999997214058484
164,98.89447236180904,9.665146301695104e-168,0.9999997797164736
165,99.49748743718592,1.3385983445196256e-176,0.9999998269564752
166,100.1005025125628,1.0788450272058697e-185,0.9999998641329392
167,100.70351758793969,5.059816581234865e-195,0.9999998936517678
168,101.30653266331657,1.380948278692952e-204,0.9999999170475808
169,101.90954773869346,2.1932441592844287e-214,0.9999999355245344
170,102.51256281407035,2.027045416221721e-224,0.9999999502145228
171,103.11557788944722,1.090201828949621e-234,0.9999999615823068
172,103.71859296482411,3.412064738561065e-245,0.9999999705524596
173,104.321608040201,6.214333382433601e-256,0.999999977408596
174,104.92462311557787,6.586258366276595e-267,0.9999999828515836
175,105.52763819095476,4.0620934240365906e-278,0.9999999869956138
176,106.13065326633165,1.4579008228906052e-289,0.9999999903002158
177,106.73366834170854,3.04489964788597e-301,0.9999999926281664
178,107.33668341708542,3.70070882824e-313,0.9999999944901076
179,107.9396984924623,0.0,0.9999999958829449
180,108.54271356783919,0.0,0.999999996908535
181,109.14572864321607,0.0,0.9999999976648252
182,109.74874371859295,0.0,0.9999999982937936
183,110.35175879396984,0.0,0.999999998745475
184,110.95477386934672,0.0,0.9999999991010828
185,111.55778894472361,0.0,0.9999999993469078
186,112.1608040201005,0.0,0.9999999995178009
187,112.76381909547737,0.0,0.9999999996524364
188,113.36683417085426,0.0,0.9999999997522412
189,113.96984924623115,0.0,0.9999999998203628
190,114.57286432160802,0.0,0.9999999998694008
191,115.17587939698491,0.0,0.9999999999072636
192,115.7788944723618,0.0,0.9999999999335344
193,116.38190954773869,0.0,0.9999999999531044
194,116.98492462311557,0.0,0.9999999999664094
195,117.58793969849245,0.0,0.99999999997658
196,118.19095477386934,0.0,0.9999999999837672
197,118.79396984924622,0.0,0.999999999988682
198,119.3969849246231,0.0,0.99999999999207
199,120.0,0.0,0.9999999999944272
