,x,y,pNG
0,0.0,1.0923742939455572,0.0
1,0.005025125628140704,1.0924875721246912,0.0
2,0.010050251256281407,1.0928441122238366,0.0
3,0.01507537688442211,1.0934906393655486,0.0
4,0.020100502512562814,1.094494455463535,0.0
5,0.02512562814070352,1.095929978396354,0.0
6,0.03015075376884422,1.0978641477781461,2.220446049250313e-16
7,0.035175879396984924,1.1003438020117728,1.1102230246251563e-15
8,0.04020100502512563,1.1033876857041516,7.549516567451064e-15
9,0.04522613065326633,1.1069847544842295,3.486100297322992e-14
10,0.05025125628140704,1.1110991449353456,1.383337888682945e-13
11,0.05527638190954774,1.1156808653256614,4.785061236134425e-13
12,0.06030150753768844,1.120680210928355,1.4841461393189093e-12
13,0.06532663316582915,1.1260633006585714,4.199973702156966e-12
14,0.07035175879396985,1.1318260308462837,1.0992984300628448e-11
15,0.07537688442211056,1.1380040902670014,2.6898927529828146e-11
16,0.08040201005025126,1.144677342269422,6.207279135139743e-11
17,0.08542713567839195,1.1519676956857146,1.3604450899151743e-10
18,0.09045226130653267,1.160030422102998,2.8486080161371774e-10
19,0.09547738693467336,1.169039649146948,5.726588092613838e-10
20,0.10050251256281408,1.1791694306307892,1.1098912899853983e-09
21,0.10552763819095477,1.190572350777281,2.0812813694703887e-09
22,0.11055276381909548,1.2033580417232501,3.7877010417020066e-09
23,0.11557788944723618,1.2175742378417374,6.707588262599984e-09
24,0.12060301507537688,1.2331929902900762,1.1585287951199064e-08
25,0.12562814070351758,1.2501043489293298,1.955589989943718e-08
26,0.1306532663316583,1.2681191391003783,3.231887280019663e-08
27,0.135678391959799,1.2869814248328573,5.237580780192985e-08
28,0.1407035175879397,1.3063899407334894,8.335175805118665e-08
29,0.1457286432160804,1.3260263562920542,1.304238063104535e-07
30,0.15075376884422112,1.3455869403335794,2.0088598262635318e-07
31,0.15577889447236182,1.3648132839896037,3.048856501708386e-07
32,0.16080402010050251,1.3835174611968795,4.56373452140113e-07
33,0.1658291457286432,1.4015975155785425,6.743168279310653e-07
34,0.1708542713567839,1.4190404781151436,9.84236007472994e-07
35,0.17587939698492464,1.4359120800070158,1.4201313316419828e-06
36,0.18090452261306533,1.4523345966338757,2.0268817668700483e-06
37,0.18592964824120603,1.4684563928105294,2.8632065637301807e-06
38,0.19095477386934673,1.484418271441466,4.005295189735136e-06
39,0.19597989949748745,1.5003222953659057,5.551224879773997e-06
40,0.20100502512562815,1.516208202962752,7.626300381979868e-06
41,0.20603015075376885,1.5320409847220802,1.0389466603921704e-05
42,0.21105527638190955,1.5477109921689045,1.404096181234493e-05
43,0.21608040201005024,1.5630456319739998,1.8831396625285105e-05
44,0.22110552763819097,1.577829792837366,2.5072462055297784e-05
45,0.22613065326633167,1.5918310628452015,3.314948808097462e-05
46,0.23115577889447236,1.6048256774289849,4.3536092309781615e-05
47,0.23618090452261306,1.6166218693945713,5.681117585598638e-05
48,0.24120603015075376,1.6270785221540578,7.367854016515629e-05
49,0.24623115577889448,1.6361183020948087,9.498941356755886e-05
50,0.25125628140703515,1.6437353646707884,0.00012176818921816324
51,0.2562814070351759,1.649998074171776,0.0001552416859715855
52,0.2613065326633166,1.6550469812670696,0.00019687224973952144
53,0.2663316582914573,1.6590878223379444,0.00024839501389539714
54,0.271356783919598,1.662378917540634,0.0003118596320621503
55,0.2763819095477387,1.6652123996080386,0.0003896767836720771
56,0.2814070351758794,1.6678893839541435,0.00048466973030514277
57,0.2864321608040201,1.6706904248979275,0.0006001311670300603
58,0.2914572864321608,1.6738440823914178,0.0007398855655190718
59,0.2964824120603015,1.6774976892402058,0.0009083571420223092
60,0.30150753768844224,1.6816950019932457,0.0011106435004868411
61,0.3065326633165829,1.6863650369012342,0.001352594895956072
62,0.31155778894472363,1.6913249966140265,0.0016408989323892784
63,0.3165829145728643,1.696298031872796,0.0019831703484334273
64,0.32160804020100503,1.700944122733238,0.002388045350483425
65,0.32663316582914576,1.7049001557793173,0.002865279720645764
66,0.3316582914572864,1.7078237910718077,0.0034258496541164085
67,0.33668341708542715,1.7094352243689996,0.004082053962641163
68,0.3417085427135678,1.7095514638135147,0.004847615915588244
69,0.34673366834170855,1.7081090299067008,0.005737782576480721
70,0.35175879396984927,1.705172692428372,0.0067694190313284395
71,0.35678391959798994,1.700929610554119,0.007961094399166924
72,0.36180904522613067,1.69566977810342,0.009333155971870122
73,0.36683417085427134,1.6897548849319808,0.010907787261231872
74,0.37185929648241206,1.6835786144514258,0.012709045153906471
75,0.3768844221105528,1.6775220947962937,0.014762870813390228
76,0.38190954773869346,1.6719087671897976,0.017097068455051878
77,0.3869346733668342,1.6669632969554762,0.01974124569636193
78,0.3919597989949749,1.6627791991301981,0.02272670890008477
79,0.3969849246231156,1.659299407128705,0.02608630684242097
80,0.4020100502512563,1.656312952820614,0.029854216217591656
81,0.40703517587939697,1.6534692561851116,0.0340656630069478
82,0.4120603015075377,1.650309419998775,0.03875657466706151
83,0.4170854271356784,1.646311709937903,0.04396315949513308
84,0.4221105527638191,1.6409464508882514,0.049721411466245535
85,0.4271356783919598,1.6337342158216643,0.05606654133791822
86,0.4321608040201005,1.6243006223368777,0.06303233788205452
87,0.4371859296482412,1.6124213202248934,0.07065046668727748
88,0.44221105527638194,1.5980517540111678,0.07894971797521633
89,0.4472361809045226,1.581337850416691,0.08795521912972826
90,0.45226130653266333,1.5626057382416607,0.09768763192004892
91,0.457286432160804,1.5423308069097783,0.1081623584180399
92,0.4623115577889447,1.5210887102777277,0.11938878302838417
93,0.46733668341708545,1.4994931554731623,0.13136958050521352
94,0.4723618090452261,1.4781272484677277,0.1441001209619175
95,0.47738693467336685,1.4574764994042637,0.1575680023811027
96,0.4824120603015075,1.4378720060025425,0.1717527387756841
97,0.48743718592964824,1.4194515897800872,0.18662562784702966
98,0.49246231155778897,1.402144683510481,0.20214981580098268
99,0.49748743718592964,1.3856837215769822,0.21828056916742367
100,0.5025125628140703,1.3696410749546273,0.2349657544500421
101,0.507537688442211,1.3534867933254149,0.2521465167880159
102,0.5125628140703518,1.3366592351859303,0.26975813921982283
103,0.5175879396984925,1.318638682059579,0.2877310553166181
104,0.5226130653266332,1.2990136434754973,0.3059919805741333
105,0.5276381909547738,1.2775308681178024,0.32446512257864146
106,0.5326633165829145,1.2541228572666687,0.3430734269796969
107,0.5376884422110553,1.2289104108206053,0.3617398158786821
108,0.542713567839196,1.202181715100149,0.38038837731832265
109,0.5477386934673367,1.174352954408351,0.3989454688605991
110,0.5527638190954774,1.1459177642039715,0.4173407043239209
111,0.5577889447236181,1.1173936706860972,0.4355078000548676
112,0.5628140703517588,1.0892729457636716,0.4533852650272802
113,0.5678391959798995,1.0619833501068467,0.4709169270004547
114,0.5728643216080402,1.0358615936455648,0.4880522944081132
115,0.577889447236181,1.0111396706800535,0.5047467601792219
116,0.5829145728643216,0.9879421207615952,0.5209616590310353
117,0.5879396984924623,0.9662911149649706,0.5366641937770232
118,0.592964824120603,0.9461161702789118,0.551827248834457
119,0.5979899497487438,0.9272660648822768,0.5664291104762944
120,0.6030150753768845,0.909521765481931,0.5804531136023
121,0.6080402010050251,0.892610403270655,0.5938872341031469
122,0.6130653266331658,0.8762211242020569,0.6067236444786309
123,0.6180904522613065,0.8600237422789584,0.6189582484633316
124,0.6231155778894473,0.8436905249880616,0.6305902082109183
125,0.628140703517588,0.8269203473055452,0.6416214752632088
126,0.6331658291457286,0.8094632302139537,0.6520563342206792
127,0.6381909547738693,0.7911423418326906,0.6619009658412491
128,0.6432160804020101,0.771870218755596,0.6711630342953384
129,0.6482412060301508,0.7516564234246699,0.679851301540131
130,0.6532663316582915,0.7306050311220806,0.6879752702635287
131,0.6582914572864321,0.7089019737652871,0.6955448555896078
132,0.6633165829145728,0.6867939644928347,0.7025700847191154
133,0.6683417085427136,0.6645620783115085,0.7090608228798867
134,0.6733668341708543,0.642493761640001,0.7150265233553559
135,0.678391959798995,0.6208569642846276,0.7204759989167833
136,0.6834170854271356,0.5998793193827765,0.7254172116764129
137,0.6884422110552764,0.5797341001824791,0.7298570781782585
138,0.6934673366834171,0.5605333984166441,0.733801286425678
139,0.6984924623115578,0.5423279097255752,0.7372541214892109
140,0.7035175879396985,0.5251120685304391,0.7402182963274583
141,0.7085427135678392,0.508833075455046,0.7426947844745945
142,0.7135678391959799,0.49340248569914963,0.7446826512918109
143,0.7185929648241206,0.47870927823672504,0.7461788805422188
144,0.7236180904522613,0.4646335145891446,0.7471781931305788
145,0.7286432160804021,0.4510597190583214,0.7476728549572064
146,0.7336683417085427,0.4378889870411886,0.7476524709825764
147,0.7386934673366834,0.42504867517660827,0.7471037628083135
148,0.7437185929648241,0.41249851135001897,0.7460103273827712
149,0.7487437185929648,0.4002322160014087,0.7443523748819951
150,0.7537688442211056,0.3882742847446248,0.742106444463035
151,0.7587939698492463,0.37667236050273556,0.7392450975221717
152,0.7638190954773869,0.3654864356573265,0.7357365894316727
153,0.7688442211055276,0.354776745512123,0.7315445226273437
154,0.7738693467336684,0.34459245442092407,0.7266274865750821
155,0.7788944723618091,0.3349630079158445,0.7209386938140533
156,0.7839195979899498,0.32589337516421985,0.7144256262813014
157,0.7889447236180904,0.31736350629160587,0.7070297128680165
158,0.7939698492462312,0.30933142119900403,0.6986860681208962
159,0.7989949748743719,0.30173867216859884,0.6893233337323723
160,0.8040201005025126,0.2945166496957493,0.6788636795458769
161,0.8090452261306533,0.2875923741101635,0.6672230397853499
162,0.8140703517587939,0.2808929445408236,0.6543116834735379
163,0.8190954773869347,0.2743485073951711,0.6400352454858719
164,0.8241206030150754,0.2678942231154234,0.6242963755498581
165,0.8291457286432161,0.26147205079338626,0.6069971945137906
166,0.8341708542713568,0.25503313136556865,0.5880427759526633
167,0.8391959798994975,0.2485411573962626,0.5673458890044445
168,0.8442211055276382,0.24197651576246154,0.5448332332234866
169,0.8492462311557789,0.23534039321693445,0.5204533509071371
170,0.8542713567839196,0.2286576560164581,0.4941862941991742
171,0.8592964824120604,0.2219772943910885,0.4660549273956464
172,0.864321608040201,0.2153695864069009,0.43613743565287655
173,0.8693467336683417,0.20891979002837802,0.4045801792333803
174,0.8743718592964824,0.20271893772910504,0.3716094969763633
175,0.8793969849246231,0.19685297884194142,0.33754049391353225
176,0.8844221105527639,0.1913919202760483,0.3027803836903397
177,0.8894472361809045,0.1863806660879942,0.2678238018503152
178,0.8944723618090452,0.18183295738472374,0.23323789751017565
179,0.8994974874371859,0.17772925643109264,0.19963613235643365
180,0.9045226130653267,0.17401874254167518,0.16764157775709798
181,0.9095477386934674,0.1706249411066372,0.13784283067831282
182,0.914572864321608,0.16745401352654934,0.11074789201271662
183,0.9195979899497487,0.16440446956072888,0.0867427268022195
184,0.9246231155778895,0.16137704405029155,0.06606113519491362
185,0.9296482412060302,0.15828367556971817,0.04877081983731424
186,0.9346733668341709,0.1550548642551942,0.034777543246586114
187,0.9396984924623115,0.15164507541739183,0.023845896092320015
188,0.9447236180904522,0.14803619608013413,0.01563241741503818
189,0.949748743718593,0.14423926250253283,0.009725299483936745
190,0.9547738693467337,0.14029471633938614,0.005684835019158285
191,0.9597989949748744,0.136271328146232,0.0030798082938461317
192,0.964824120603015,0.13226371882828067,0.0015166329420850386
193,0.9698492462311558,0.12838822193161967,0.0006596546314946439
194,0.9748743718592965,0.12477677777540358,0.0002423165238953917
195,0.9798994974874372,0.12156871216288864,6.972449989328666e-05
196,0.9849246231155779,0.11890063114566105,1.3643579832356426e-05
197,0.9899497487437187,0.11689517398610916,1.321543143473214e-06
198,0.9949748743718593,0.11564985455048239,2.299478685241496e-08
199,1.0,0.11522751213273126,0.0
