,x,y,pNG
0,0.0,1.0583186960005615,0.12533111851005752
1,0.005025125628140704,1.0582077156283376,0.12515540962561222
2,0.010050251256281407,1.057881705517528,0.1249781500566417
3,0.01507537688442211,1.0573609878110577,0.12479932818649064
4,0.020100502512562814,1.0566779075512676,0.12461893296737915
5,0.02512562814070352,1.0558746947344508,0.12443695397445895
6,0.03015075376884422,1.055000751827181,0.12425338145851585
7,0.035175879396984924,1.0541096055963297,0.12406820639699535
8,0.04020100502512563,1.053255777187667,0.12388142054303285
9,0.04522613065326633,1.0524918101067686,0.12369301647220945
10,0.05025125628140704,1.0518656554916463,0.12350298762673405
11,0.05527638190954774,1.0514185548688455,0.12331132835682103
12,0.06030150753768844,1.0511834921296743,0.1231180339589969
13,0.06532663316582915,1.0511842195359586,0.12292310071116595
14,0.07035175879396985,1.0514348073023991,0.12272652590422704
15,0.07537688442211056,1.0519396304589688,0.12252830787009028
16,0.08040201005025126,1.052693694237375,0.12232844600604753
17,0.08542713567839195,1.0536832095503461,0.12212694079534304
18,0.09045226130653267,1.0548863581080272,0.1219237938239991
19,0.09547738693467336,1.0562742236015572,0.12171900779393485
20,0.10050251256281408,1.0578119005285904,0.12151258653245768
21,0.10552763819095477,1.059459815270356,0.12130453499835248
22,0.11055276381909548,1.0611752971352602,0.1210948592848652
23,0.11557788944723618,1.062914416850143,0.12088356661995835
24,0.12060301507537688,1.0646340684293214,0.12067066536440985
25,0.12562814070351758,1.0662942148206542,0.12045616500843292
26,0.1306532663316583,1.0678601595744002,0.1202400761677177
27,0.135678391959799,1.0693046591079727,0.12002241057999675
28,0.1407035175879397,1.0706096650089645,0.11980318110348898
29,0.1457286432160804,1.071767491554921,0.1195824017189202
30,0.15075376884422112,1.072781242832102,0.11936008753706615
31,0.15577889447236182,1.0736644025937052,0.1191362548142778
32,0.16080402010050251,1.074439578498969,0.1189109209787792
33,0.1658291457286432,1.075136486816358,0.11868410467114188
34,0.1708542713567839,1.0757893490510038,0.11845582580279435
35,0.17587939698492464,1.07643393506725,0.1182261056371522
36,0.18090452261306533,1.0771045192902668,0.1179949668986211
37,0.18592964824120603,1.0778310145435543,0.11776243391542572
38,0.19095477386934673,1.0786365151454318,0.11752853280320265
39,0.19597989949748745,1.0795354251030103,0.11729329169701475
40,0.20100502512562815,1.0805322794603422,0.11705674104058085
41,0.20603015075376885,1.0816212981687319,0.11681891394243205
42,0.21105527638190955,1.0827866512566398,0.11657984660985075
43,0.21608040201005024,1.084003366934638,0.1163395788725864
44,0.22110552763819097,1.0852387818174751,0.11609815480945407
45,0.22613065326633167,1.086454412457635,0.1158556234922622
46,0.23115577889447236,1.0876081156945026,0.1156120398625594
47,0.23618090452261306,1.0886563977057617,0.1153674657580489
48,0.24120603015075376,1.0895567255394512,0.1151219711066208
49,0.24623115577889448,1.0902696904638915,0.11487563530711398
50,0.25125628140703515,1.0907608726737468,0.11462854881696805
51,0.2562814070351759,1.0910022666347532,0.11438081496789175
52,0.2613065326633166,1.090973150805999,0.11413255203147656
53,0.2663316582914573,1.0906603281080074,0.11388389555729815
54,0.271356783919598,1.0900577242909986,0.11363500100649936
55,0.2763819095477387,1.089165405761467,0.11338604670395536
56,0.2814070351758794,1.0879881573881773,0.1131372371320074
57,0.2864321608040201,1.0865338319265414,0.11288880658817445
58,0.2914572864321608,1.0848117323729745,0.11264102322838533
59,0.2964824120603015,1.0828313047169569,0.11239419351578904
60,0.30150753768844224,1.0806013933791139,0.11214866709333073
61,0.3065326633165829,1.0781302436579323,0.11190484209570706
62,0.31155778894472363,1.075426330699846,0.11166317091314236
63,0.3165829145728643,1.0724999658316594,0.11142416641552877
64,0.32160804020100503,1.0693654968162138,0.11118840864076962
65,0.32663316582914576,1.0660437994284813,0.11095655194568088
66,0.3316582914572864,1.0625646734458736,0.1107293326113018
67,0.33668341708542715,1.058968722103234,0.11050757688713576
68,0.3417085427135678,1.0553083186319292,0.11029220945039253
69,0.34673366834170855,1.0516473464471576,0.11008426224684564
70,0.35175879396984927,1.0480595319133905,0.10988488366936576
71,0.35678391959798994,1.0446253540190455,0.10969534801851323
72,0.36180904522613067,1.0414276923444135,0.10951706517674598
73,0.36683417085427134,1.0385465401732938,0.10935159041393172
74,0.37185929648241206,1.0360532417185382,0.10920063422684534
75,0.3768844221105528,1.034004793917758,0.10906607209932496
76,0.38190954773869346,1.0324387735491878,0.10894995405287576
77,0.3869346733668342,1.0313694069283534,0.1088545138397854
78,0.3919597989949749,1.0307851976676368,0.10878217761253528
79,0.3969849246231156,1.0306483805525815,0.10873557188463034
80,0.4020100502512563,1.0308962944573152,0.10871753057917456
81,0.40703517587939697,1.0314445851887604,0.10873110094304883
82,0.4120603015075377,1.0321919811251403,0.10877954808671796
83,0.4170854271356784,1.0330262488236797,0.10886635789297183
84,0.4221105527638191,1.0338308458788859,0.10899523802302813
85,0.4271356783919598,1.0344917512499996,0.10917011673571808
86,0.4321608040201005,1.0349039690257495,0.10939513922597832
87,0.4371859296482412,1.0349772635039722,0.1096746611831072
88,0.44221105527638194,1.034640779641768,0.1100132392681622
89,0.4472361809045226,1.0338463184010847,0.11041561821425283
90,0.45226130653266333,1.0325701557416431,0.11088671426440078
91,0.457286432160804,1.0308134033710394,0.11143159467965902
92,0.4623115577889447,1.0286009990703484,0.11205545307647324
93,0.46733668341708545,1.0259794796196073,0.1127635803874426
94,0.4723618090452261,1.0230137301769142,0.11356133128421694
95,0.47738693467336685,1.0197829246017025,0.11445408595608042
96,0.4824120603015075,1.0163758782736512,0.11544720720254242
97,0.48743718592964824,1.0128860355546219,0.11654599287345345
98,0.49246231155778897,1.0094063139752465,0.117755623774926
99,0.49748743718592964,1.0060240297021805,0.11908110725319955
100,0.5025125628140703,1.0028161338977575,0.12052721677006205
101,0.507537688442211,0.9998449943140076,0.12209842789098245
102,0.5125628140703518,0.9971549558667877,0.12379885121833545
103,0.5175879396984925,0.9947699021578452,0.12563216291441948
104,0.5226130653266332,0.9926920115903334,0.12760153356923798
105,0.5276381909547738,0.9909018531872973,0.12970955627252634
106,0.5326633165829145,0.9893598973904841,0.13195817484470873
107,0.5376884422110553,0.9880094280006178,0.13434861326305114
108,0.542713567839196,0.9867807382421396,0.1368813073834806
109,0.5477386934673367,0.9855963848703284,0.13955584010144073
110,0.5527638190954774,0.9843771697957829,0.1423708811131864
111,0.5577889447236181,0.9830484307608142,0.1453241324295086
112,0.5628140703517588,0.981546163110819,0.14841228075456006
113,0.5678391959798995,0.9798224741108501,0.15163095777250968
114,0.5728643216080402,0.9778498968298458,0.1549747092838224
115,0.577889447236181,0.9756241648865174,0.15843697400270595
116,0.5829145728643216,0.9731651690086356,0.16201007266985767
117,0.5879396984924623,0.9705159718821855,0.16568520795418973
118,0.592964824120603,0.9677399340383642,0.1694524754185429
119,0.5979899497487438,0.9649161814422409,0.17330088561364154
120,0.6030150753768845,0.9621338043887627,0.17721839714846155
121,0.6080402010050251,0.959485298075002,0.1811919603710369
122,0.6130653266331658,0.9570598229034043,0.18520757108933072
123,0.6180904522613065,0.9549368688954153,0.1892503335740391
124,0.6231155778894473,0.953180853192719,0.19330453192140215
125,0.628140703517588,0.9518370700929795,0.19735370872003188
126,0.6331658291457286,0.9509292637798781,0.20138074986659396
127,0.6381909547738693,0.9504589238211677,0.20536797431433074
128,0.6432160804020101,0.9504062333949754,0.2092972275184716
129,0.6482412060301508,0.9507324497758688,0.21314997736388666
130,0.6532663316582915,0.9513833819940939,0.21690741142250247
131,0.6582914572864321,0.9522935624620663,0.22055053448866524
132,0.6633165829145728,0.9533906920051278,0.22406026547646585
133,0.6683417085427136,0.9545999688790624,0.22741753292995426
134,0.6733668341708543,0.9558479839250452,0.2306033685893444
135,0.678391959798995,0.957065963439152,0.233598998668879
136,0.6834170854271356,0.9581922533452651,0.23638593272802666
137,0.6884422110552764,0.9591740468708726,0.23894605025154825
138,0.6934673366834171,0.9599684484614364,0.2412616852891576
139,0.6984924623115578,0.9605430276142334,0.2433157097357681
140,0.7035175879396985,0.9608760407827522,0.24509161605291385
141,0.7085427135678392,0.9609564861644606,0.2465736004344138
142,0.7135678391959799,0.9607841094825562,0.24774664759887066
143,0.7185929648241206,0.9603694084633598,0.2485966185414891
144,0.7236180904522613,0.9597336031468634,0.24911034269116986
145,0.7286432160804021,0.9589084639283054,0.2492757159882157
146,0.7336683417085427,0.9579358343649318,0.2490818064137271
147,0.7386934673366834,0.9568666635056906,0.24851896845498844
148,0.7437185929648241,0.9557593800816359,0.2475789678683956
149,0.7487437185929648,0.9546774992413849,0.24625511789090335
150,0.7537688442211056,0.9536864457048101,0.2445424277363064
151,0.7587939698492463,0.9528496930897802,0.24243776377850726
152,0.7638190954773869,0.9522244410027433,0.2399400232529377
153,0.7688442211055276,0.9518571604036146,0.2370503195834825
154,0.7738693467336684,0.9517794156389162,0.2337721775514936
155,0.7788944723618091,0.9520044038805681,0.2301117354564768
156,0.7839195979899498,0.9525246309869069,0.22607795017285534
157,0.7889447236180904,0.953311065931619,0.22168279959380788
158,0.7939698492462312,0.9543139905912618,0.21694147539682795
159,0.7989949748743719,0.9554656013644363,0.2118725574130479
160,0.8040201005025126,0.9566842422460453,0.2064981592052149
161,0.8090452261306533,0.9578799762892048,0.2008440328596801
162,0.8140703517587939,0.9589610538999525,0.194939619610122
163,0.8190954773869347,0.959840728857143,0.1888180319019902
164,0.8241206030150754,0.9604438177410151,0.1825159520720826
165,0.8291457286432161,0.9607124005995987,0.17607343317081306
166,0.8341708542713568,0.9606101187447128,0.1695335888117271
167,0.8391959798994975,0.9601246325240355,0.16294216148824936
168,0.8442211055276382,0.9592679466668185,0.15634696269461812
169,0.8492462311557789,0.9580744799933638,0.1497971834834172
170,0.8542713567839196,0.956596936050681,0.1433425807208546
171,0.8592964824120604,0.9549002086289466,0.13703255204532394
172,0.864321608040201,0.9530537199485368,0.13091512100491332
173,0.8693467336683417,0.9511227305227825,0.12503586248435938
174,0.8743718592964824,0.949159271201031,0.11943680662398724
175,0.8793969849246231,0.9471934240882667,0.11415536618348955
176,0.8844221105527639,0.9452257152576825,0.10922333690199904
177,0.8894472361809045,0.9432213741896466,0.10466602213240496
178,0.8944723618090452,0.9411071586413878,0.10050153135718733
179,0.8994974874371859,0.9387713354733991,0.09674029688777784
180,0.9045226130653267,0.9360672450976705,0.09338484422211757
181,0.9095477386934674,0.9328206590600836,0.09042983966160399
182,0.914572864321608,0.928840869942768,0.08786242466728755
183,0.9195979899497487,0.9239351389985898,0.08566283109420503
184,0.9246231155778895,0.9179257858387738,0.0838052560069793
185,0.9296482412060302,0.9106688608280594,0.08225896032641611
186,0.9346733668341709,0.902073027967205,0.08098954298003336
187,0.9396984924623115,0.8921170442017387,0.07996033214943754
188,0.9447236180904522,0.8808640935144983,0.07913382793555679
189,0.949748743718593,0.8684712610667068,0.07847312634076997
190,0.9547738693467337,0.8551926437837726,0.07794325277116987
191,0.9597989949748744,0.8413750005291885,0.07751233416656977
192,0.964824120603015,0.8274454338179358,0.0771525424385342
193,0.9698492462311558,0.8138913237901412,0.07684074860983857
194,0.9748743718592965,0.8012335341611144,0.07655883797161889
195,0.9798994974874372,0.7899946879203256,0.07629365352868599
196,0.9849246231155779,0.7806649663545,0.07603656066154085
197,0.9899497487437187,0.773668321974553,0.07578266386546995
198,0.9949748743718593,0.7693321384980727,0.07552976114480614
199,1.0,0.7678631787541156,0.07527719885202377
