,x,y,pNG
0,0.0,6.078191896768823e-227,
1,0.6030150753768844,1.5362744663393215e-211,
2,1.2060301507537687,1.0841438122594143e-196,
3,1.809045226130653,2.136135412550546e-182,
4,2.4120603015075375,1.1751536789163387e-168,
5,3.015075376884422,1.805031854770813e-155,
6,3.618090452261306,7.741050762584598e-143,
7,4.221105527638191,9.26916541523662e-131,
8,4.824120603015075,3.098905736619363e-119,
9,5.427135678391959,2.8927125620702012e-108,0.11653302654971055
10,6.030150753768844,7.53936675653966e-98,0.1139059902165791
11,6.633165829145728,5.486593161728173e-88,0.11634409005397894
12,7.236180904522612,1.1148540334763095e-78,0.11664202782583745
13,7.839195979899497,6.325505383805855e-70,0.11653805602992072
14,8.442211055276381,1.0022081745018013e-61,0.1165112671273707
15,9.045226130653266,4.4344933537188476e-54,0.11660866302727856
16,9.64824120603015,5.480426290728535e-47,0.11689966618176305
17,10.251256281407034,1.8921989182802037e-40,0.11735887784089695
18,10.854271356783919,1.8258211774998023e-34,0.11803577021216773
19,11.457286432160803,4.92651072243057e-29,0.1190641735965784
20,12.060301507537687,3.720567054685869e-24,0.12210810431598673
21,12.663316582914572,7.875838458618484e-20,0.1301970261914387
22,13.266331658291456,4.683659385793814e-16,0.1446683651140631
23,13.86934673366834,7.852145159491125e-13,0.15132613545856433
24,14.472361809045225,3.7308564534680383e-10,0.15015362122850173
25,15.07537688442211,5.064924683268921e-08,0.14895461253090836
26,15.678391959798994,1.990979122423428e-06,0.14782323316355395
27,16.281407035175878,2.3255868156194466e-05,0.14676286051042264
28,16.884422110552762,8.585457546940543e-05,0.14575159061838894
29,17.487437185929647,0.00012120394569102275,0.14482850316885398
30,18.09045226130653,0.00015093731615733834,0.14403540895459288
31,18.693467336683415,0.00032365141230959575,0.14339566912656546
32,19.2964824120603,0.0004268348450819008,0.14291140999483287
33,19.899497487437184,0.00044216483246100816,0.14248869536912
34,20.50251256281407,0.0007668427267586912,0.1419239540512892
35,21.105527638190953,0.0012840610369915166,0.1409689444474581
36,21.708542713567837,0.0021618347705068524,0.1395810813377517
37,22.31155778894472,0.004116182563077884,0.13782139126124515
38,22.914572864321606,0.007847551600423006,0.13595276193401107
39,23.51758793969849,0.012269593425427845,0.13408206991801153
40,24.120603015075375,0.016764963515067014,0.13232970105908592
41,24.72361809045226,0.023171060053381428,0.13069546936945986
42,25.326633165829143,0.031048872733278585,0.12917477133156352
43,25.929648241206028,0.03953239908065581,0.12776600473104138
44,26.532663316582912,0.04845308543057841,0.1264457028052558
45,27.135678391959797,0.05602536061869544,0.12523201499550873
46,27.73869346733668,0.06301428551080183,0.12412106148749558
47,28.341708542713565,0.06913977551267604,0.1231082498485806
48,28.94472361809045,0.07516144877991249,0.12219835746425213
49,29.547738693467334,0.08169255129114772,0.1213803328601688
50,30.15075376884422,0.08753416020444574,0.12065030457755188
51,30.753768844221103,0.09197989478566541,0.120001298781247
52,31.356783919597987,0.09375753851864731,0.1193973001456512
53,31.95979899497487,0.0958570780241774,0.11884262000365907
54,32.562814070351756,0.0998111043788015,0.11837679373885167
55,33.16582914572864,0.09984445753425383,0.11800425783868262
56,33.768844221105525,0.09339926514580038,0.1177766938818432
57,34.37185929648241,0.08620323667730664,0.11770380834221195
58,34.97487437185929,0.07989016988763523,0.11776498305479488
59,35.577889447236174,0.0707613094162892,0.1179350671658138
60,36.18090452261306,0.06057086311252124,0.11824806712159565
61,36.78391959798995,0.049921559903776995,0.11872652691451313
62,37.38693467336683,0.03820297284133247,0.11935606979152726
63,37.98994974874371,0.02678104903408831,0.1200674739557327
64,38.5929648241206,0.01857798407138755,0.12096549204397368
65,39.19597989949749,0.012632645804352393,0.12220802727346193
66,39.79899497487437,0.007868501117642906,0.1240590185298801
67,40.40201005025125,0.0047916531163449735,0.1262254958239426
68,41.00502512562814,0.0028282641889727754,0.12901524723755994
69,41.608040201005025,0.0015970693605253182,0.13264936020557294
70,42.211055276381906,0.0008059375238429158,0.1368049832714725
71,42.81407035175879,0.00039472955060297377,0.14200882257376535
72,43.417085427135675,0.0001686788504477203,0.1477575375469442
73,44.02010050251256,7.770267460786752e-05,0.15523376132987265
74,44.62311557788944,3.992777330704471e-05,0.1645218863811868
75,45.226130653266324,9.120791801511126e-06,0.17474817961851294
76,45.82914572864321,6.314438557757122e-07,0.1867635327295468
77,46.4321608040201,1.2373711787126854e-08,0.1999817360926971
78,47.03517587939698,6.785927260289239e-11,0.2153986504495634
79,47.63819095477386,1.0394885564371356e-13,0.23367307340069865
80,48.24120603015075,4.4461574485344094e-17,0.2541750433132569
81,48.84422110552764,5.309808996533297e-21,0.2778982929045555
82,49.44723618090452,1.770505962636564e-25,0.3044493194435779
83,50.0502512562814,1.6483124249779533e-30,0.3335826524408855
84,50.65326633165829,4.2845496159972743e-36,0.3682576620640795
85,51.256281407035175,3.109526781237741e-42,0.4061328771296283
86,51.859296482412056,6.300962625694622e-49,0.4467824732410379
87,52.46231155778894,3.5648641278461964e-56,0.4897081837207603
88,53.065326633165824,5.631220532843582e-64,0.5305371432248995
89,53.66834170854271,2.4836223862914933e-72,0.5754349331426734
90,54.27135678391959,3.05838441306695e-81,0.6204526477653556
91,54.874371859296474,1.0515309344599154e-90,0.6686703607778071
92,55.47738693467336,1.0094283812909907e-100,0.7036392948040286
93,56.08040201005025,2.7055305672919432e-111,0.7448665731370919
94,56.68341708542713,2.0246635047584786e-122,0.7781473786908085
95,57.28643216080401,4.2303542837430613e-134,0.8130644305257209
96,57.8894472361809,2.4678803595392253e-146,0.8394760254266921
97,58.49246231155779,4.0197120072770817e-159,0.8643239528197739
98,59.09547738693467,1.8280549765585292e-172,0.8832650004028977
99,59.69849246231155,2.3211704964386894e-186,0.901692013622792
100,60.30150753768844,8.229023583816423e-201,0.9176388357498321
101,60.904522613065325,8.145411850826415e-216,0.9290723256490891
102,61.507537688442206,2.2511335740180932e-231,0.9374390500705744
103,62.110552763819086,1.7370525544837008e-247,0.9465089835711851
104,62.713567839195974,3.7423820994290297e-264,0.9554485368220884
105,63.31658291457286,2.2511621183413432e-281,0.9618827185926692
106,63.91959798994974,3.7808451695718115e-299,0.966514729382104
107,64.52261306532662,1.7729417e-317,0.9707151181327884
108,65.12562814070351,0.0,0.9748652102807962
109,65.7286432160804,0.0,0.9789235204326869
110,66.33165829145727,0.0,0.982054183861134
111,66.93467336683416,0.0,0.984830709212502
112,67.53768844221105,0.0,0.9862290788069796
113,68.14070351758794,0.0,0.9891591343540518
114,68.74371859296483,0.0,0.9906928825279911
115,69.3467336683417,0.0,0.9920806214584008
116,69.94974874371859,0.0,0.9929066720582732
117,70.55276381909547,0.0,0.9937565377466252
118,71.15577889447235,0.0,0.994064112388512
119,71.75879396984924,0.0,0.9948312099186508
120,72.36180904522612,0.0,0.9948815620706044
121,72.96482412060301,0.0,0.9952259865019109
122,73.5678391959799,0.0,0.9953641998322228
123,74.17085427135677,0.0,0.9954250962976796
124,74.77386934673366,0.0,0.9954702104737104
125,75.37688442211055,0.0,0.995861849844048
126,75.97989949748742,0.0,0.9959614409229064
127,76.58291457286431,0.0,0.99598179825826
128,77.1859296482412,0.0,0.9967654601733772
129,77.78894472361809,0.0,0.998842976625888
130,78.39195979899498,0.0,0.998905327525275
131,78.99497487437185,0.0,0.9989565960841604
132,79.59798994974874,0.0,0.9991971866593058
133,80.20100502512562,0.0,0.999291987895118
134,80.8040201005025,0.0,0.999339479852954
135,81.40703517587939,0.0,0.999481474008721
136,82.01005025125627,0.0,0.9995335445737406
137,82.61306532663316,0.0,0.9995829355450242
138,83.21608040201005,0.0,0.9996254665950024
139,83.81909547738692,0.0,0.9996647950718676
140,84.42211055276381,0.0,0.9996997568831856
141,85.0251256281407,0.0,0.9997619143721346
142,85.62814070351757,0.0,0.9997920046015406
143,86.23115577889446,0.0,0.9998196170480734
144,86.83417085427135,0.0,0.9998432094851379
145,87.43718592964824,0.0,0.9998649488455764
146,88.04020100502512,0.0,0.99988487280719
147,88.643216080402,0.0,0.9999016504316612
148,89.24623115577889,0.0,0.9999160324162528
149,89.84924623115577,0.0,0.999928776063581
150,90.45226130653265,0.0,0.9999405402815259
151,91.05527638190954,0.0,0.9999501720104448
152,91.65829145728642,0.0,0.9999586857968814
153,92.26130653266331,0.0,0.9999657957505882
154,92.8643216080402,0.0,0.9999720860985318
155,93.46733668341707,0.0,0.999977166883011
156,94.07035175879396,0.0,0.999981248735331
157,94.67336683417085,0.0,0.9999846875693342
158,95.27638190954772,0.0,0.9999875296772271
159,95.87939698492461,0.0,0.9999899200490552
160,96.4824120603015,0.0,0.9999919234620246
161,97.08542713567839,0.0,0.99999357983206
162,97.68844221105527,0.0,0.9999948902426136
163,98.29145728643215,0.0,0.9999959576842092
164,98.89447236180904,0.0,0.9999968004441632
165,99.49748743718592,0.0,0.9999974791477106
166,100.1005025125628,0.0,0.9999980168311898
167,100.70351758793969,0.0,0.9999984479545454
168,101.30653266331657,0.0,0.9999987895634164
169,101.90954773869346,0.0,0.9999990586066524
170,102.51256281407035,0.0,0.9999992735872136
171,103.11557788944722,0.0,0.9999994400292536
172,103.71859296482411,0.0,0.9999995700050068
173,104.321608040201,0.0,0.9999996702582516
174,104.92462311557787,0.0,0.9999997498123028
175,105.52763819095476,0.0,0.9999998102638902
176,106.13065326633165,0.0,0.9999998584168952
177,106.73366834170854,0.0,0.9999998922561202
178,107.33668341708542,0.0,0.999999919257452
179,107.9396984924623,0.0,0.9999999393484252
180,108.54271356783919,0.0,0.9999999542826608
181,109.14572864321607,0.0,0.9999999655086846
182,109.74874371859295,0.0,0.9999999748618508
183,110.35175879396984,0.0,0.9999999814059162
184,110.95477386934672,0.0,0.9999999866680408
185,111.55778894472361,0.0,0.9999999903636898
186,112.1608040201005,0.0,0.9999999928938484
187,112.76381909547737,0.0,0.999999994897914
188,113.36683417085426,0.0,0.9999999963778848
189,113.96984924623115,0.0,0.9999999973937774
190,114.57286432160802,0.0,0.9999999980910654
191,115.17587939698491,0.0,0.9999999986462084
192,115.7788944723618,0.0,0.9999999990213077
193,116.38190954773869,0.0,0.9999999993076756
194,116.98492462311557,0.0,0.9999999995054424
195,117.58793969849245,0.0,0.9999999996567859
196,118.19095477386934,0.0,0.9999999997622596
197,118.79396984924622,0.0,0.9999999998341778
198,119.3969849246231,0.0,0.9999999998847088
199,120.0,0.0,0.9999999999190756
