,x,y,pNG
0,0.0,1.3847384187591005,0.0
1,0.005025125628140704,1.3851260226104192,0.0
2,0.010050251256281407,1.3862699446025326,0.0
3,0.01507537688442211,1.388114982503806,0.0
4,0.020100502512562814,1.3905738921058368,0.0
5,0.02512562814070352,1.3935340860319945,0.0
6,0.03015075376884422,1.3968661664094668,2.220446049250313e-16
7,0.035175879396984924,1.400433526713451,1.1102230246251563e-15
8,0.04020100502512563,1.404102151543726,7.549516567451064e-15
9,0.04522613065326633,1.4077497130226384,3.486100297322992e-14
10,0.05025125628140704,1.4112731161630432,1.383337888682945e-13
11,0.05527638190954774,1.4145937831671453,4.785061236134425e-13
12,0.06030150753768844,1.4176601800868238,1.4841461393189093e-12
13,0.06532663316582915,1.42044736171597,4.199973702156966e-12
14,0.07035175879396985,1.422953616973706,1.0992984300628448e-11
15,0.07537688442211056,1.425194606152687,2.6898927529828146e-11
16,0.08040201005025126,1.4271956589601478,6.207279135139743e-11
17,0.08542713567839195,1.4289831149357644,1.3604450899151743e-10
18,0.09045226130653267,1.4305757076262595,2.8486080161371774e-10
19,0.09547738693467336,1.4319770024096286,5.726588092613838e-10
20,0.10050251256281408,1.4331697894832192,1.1098912899853983e-09
21,0.10552763819095477,1.4341131172275956,2.0812813694703887e-09
22,0.11055276381909548,1.4347423502986587,3.7877010417020066e-09
23,0.11557788944723618,1.4349722868545942,6.707588262599984e-09
24,0.12060301507537688,1.434703013588804,1.1585287951199064e-08
25,0.12562814070351758,1.4338278610716246,1.955589989943718e-08
26,0.1306532663316583,1.4322425862443375,3.231887280019663e-08
27,0.135678391959799,1.4298547841146525,5.237580780192985e-08
28,0.1407035175879397,1.4265925317200887,8.335175805118665e-08
29,0.1457286432160804,1.422411391230552,1.304238063104535e-07
30,0.15075376884422112,1.41729912493014,2.0088598262635318e-07
31,0.15577889447236182,1.4112777675281716,3.048856501708386e-07
32,0.16080402010050251,1.4044030167531938,4.56373452140113e-07
33,0.1658291457286432,1.3967611958268027,6.743168279310653e-07
34,0.1708542713567839,1.3884642714262219,9.84236007472994e-07
35,0.17587939698492464,1.3796435506453681,1.4201313316419828e-06
36,0.18090452261306533,1.370442719215023,2.0268817668700483e-06
37,0.18592964824120603,1.3610108273764856,2.8632065637301807e-06
38,0.19095477386934673,1.3514957013596576,4.005295189735136e-06
39,0.19597989949748745,1.3420380900929625,5.551224879773997e-06
40,0.20100502512562815,1.3327666852762916,7.626300381979868e-06
41,0.20603015075376885,1.3237940118152938,1.0389466603921704e-05
42,0.21105527638190955,1.3152130989064348,1.404096181234493e-05
43,0.21608040201005024,1.307094820125516,1.8831396625285105e-05
44,0.22110552763819097,1.2994858289512363,2.5072462055297784e-05
45,0.22613065326633167,1.292407096080725,3.314948808097462e-05
46,0.23115577889447236,1.2858531494469585,4.3536092309781615e-05
47,0.23618090452261306,1.2797921968857684,5.681117585598638e-05
48,0.24120603015075376,1.274167348457153,7.367854016515629e-05
49,0.24623115577889448,1.2688991334295763,9.498941356755886e-05
50,0.25125628140703515,1.2638894218565577,0.00012176818921816324
51,0.2562814070351759,1.2590267223752734,0.0001552416859715855
52,0.2613065326633166,1.2541926580300968,0.00019687224973952144
53,0.2663316582914573,1.2492692496087292,0.00024839501389539714
54,0.271356783919598,1.2441464916949077,0.0003118596320621503
55,0.2763819095477387,1.238729616440861,0.0003896767836720771
56,0.2814070351758794,1.2329454207529027,0.00048466973030514277
57,0.2864321608040201,1.2267470890769363,0.0006001311670300603
58,0.2914572864321608,1.2201170691367815,0.0007398855655190718
59,0.2964824120603015,1.2130677347900627,0.0009083571420223092
60,0.30150753768844224,1.2056397754342192,0.0011106435004868411
61,0.3065326633165829,1.1978984600643339,0.001352594895956072
62,0.31155778894472363,1.1899281131320014,0.0016408989323892784
63,0.3165829145728643,1.1818252905306064,0.0019831703484334273
64,0.32160804020100503,1.1736912451716182,0.002388045350483425
65,0.32663316582914576,1.1656243166483775,0.002865279720645764
66,0.3316582914572864,1.157712867607584,0.0034258496541164085
67,0.33668341708542715,1.1500293240713575,0.004082053962641163
68,0.3417085427135678,1.1426257648218467,0.004847615915588244
69,0.34673366834170855,1.1355313557470166,0.005737782576480721
70,0.35175879396984927,1.1287517512211709,0.0067694190313284395
71,0.35678391959798994,1.1222704013052662,0.007961094399166924
72,0.36180904522613067,1.1160515280653114,0.009333155971870122
73,0.36683417085427134,1.1100443847309238,0.010907787261231872
74,0.37185929648241206,1.1041883046806729,0.012709045153906471
75,0.3768844221105528,1.0984179966001222,0.014762870813390228
76,0.38190954773869346,1.092668554731647,0.017097068455051878
77,0.3869346733668342,1.0868797281113793,0.01974124569636193
78,0.3919597989949749,1.0809991207069467,0.02272670890008477
79,0.3969849246231156,1.074984158358432,0.02608630684242097
80,0.4020100502512563,1.0688028358467982,0.029854216217591656
81,0.40703517587939697,1.0624334235328934,0.0340656630069478
82,0.4120603015075377,1.0558634445924593,0.03875657466706151
83,0.4170854271356784,1.0490883126504806,0.04396315949513308
84,0.4221105527638191,1.042110034939599,0.049721411466245535
85,0.4271356783919598,1.0349363363812878,0.05606654133791822
86,0.4321608040201005,1.0275804527976184,0.06303233788205452
87,0.4371859296482412,1.0200616924192039,0.07065046668727748
88,0.44221105527638194,1.0124066954694353,0.07894971797521633
89,0.4472361809045226,1.0046511564667946,0.08795521912972826
90,0.45226130653266333,0.9968416375495123,0.09768763192004892
91,0.457286432160804,0.9890370149775425,0.1081623584180399
92,0.4623115577889447,0.9813090804289423,0.11938878302838417
93,0.46733668341708545,0.9737418710168643,0.13136958050521352
94,0.4723618090452261,0.9664294248170543,0.1441001209619175
95,0.47738693467336685,0.9594718400433022,0.1575680023811027
96,0.4824120603015075,0.9529697350044377,0.1717527387756841
97,0.48743718592964824,0.9470174352987308,0.18662562784702966
98,0.49246231155778897,0.9416954239077563,0.20214981580098268
99,0.49748743718592964,0.9370627494419336,0.21828056916742367
100,0.5025125628140703,0.9331501733965557,0.2349657544500421
101,0.507537688442211,0.9299548333289266,0.2521465167880159
102,0.5125628140703518,0.9274371011134745,0.26975813921982283
103,0.5175879396984925,0.9255201318616315,0.2877310553166181
104,0.5226130653266332,0.9240923490864795,0.3059919805741333
105,0.5276381909547738,0.9230128234961174,0.32446512257864146
106,0.5326633165829145,0.9221192097613545,0.3430734269796969
107,0.5376884422110553,0.9212376417504745,0.3617398158786821
108,0.542713567839196,0.9201937823726737,0.38038837731832265
109,0.5477386934673367,0.9188241022036556,0.3989454688605991
110,0.5527638190954774,0.9169864343347591,0.4173407043239209
111,0.5577889447236181,0.9145689230226932,0.4355078000548676
112,0.5628140703517588,0.9114966413832232,0.4533852650272802
113,0.5678391959798995,0.9077353797857854,0.4709169270004547
114,0.5728643216080402,0.9032923760746425,0.4880522944081132
115,0.577889447236181,0.8982140418134954,0.5047467601792219
116,0.5829145728643216,0.8925810056126396,0.5209616590310353
117,0.5879396984924623,0.8865010183417094,0.5366641937770232
118,0.592964824120603,0.8801004244580388,0.551827248834457
119,0.5979899497487438,0.8735149853739335,0.5664291104762944
120,0.6030150753768845,0.8668808402833911,0.5804531136023
121,0.6080402010050251,0.8603263118056252,0.5938872341031469
122,0.6130653266331658,0.8539651210685627,0.6067236444786309
123,0.6180904522613065,0.8478913888505827,0.6189582484633316
124,0.6231155778894473,0.8421765896144222,0.6305902082109183
125,0.628140703517588,0.8368684184714866,0.6416214752632088
126,0.6331658291457286,0.8319913504656928,0.6520563342206792
127,0.6381909547738693,0.827548535979213,0.6619009658412491
128,0.6432160804020101,0.8235245981164835,0.6711630342953384
129,0.6482412060301508,0.8198888825324759,0.679851301540131
130,0.6532663316582915,0.8165987541701052,0.6879752702635287
131,0.6582914572864321,0.8136026280519625,0.6955448555896078
132,0.6633165829145728,0.8108425458598324,0.7025700847191154
133,0.6683417085427136,0.8082562459404034,0.7090608228798867
134,0.6733668341708543,0.8057788000047387,0.7150265233553559
135,0.678391959798995,0.8033439855817479,0.7204759989167833
136,0.6834170854271356,0.8008856145780775,0.7254172116764129
137,0.6884422110552764,0.7983390375871459,0.7298570781782585
138,0.6934673366834171,0.7956429918083875,0.733801286425678
139,0.6984924623115578,0.7927418669464782,0.7372541214892109
140,0.7035175879396985,0.7895883446874087,0.7402182963274583
141,0.7085427135678392,0.7861462442130642,0.7426947844745945
142,0.7135678391959799,0.7823933007231925,0.7446826512918109
143,0.7185929648241206,0.7783235355187627,0.7461788805422188
144,0.7236180904522613,0.7739488584745228,0.7471781931305788
145,0.7286432160804021,0.7692995822188763,0.7476728549572064
146,0.7336683417085427,0.7644236186352813,0.7476524709825764
147,0.7386934673366834,0.7593842607367477,0.7471037628083135
148,0.7437185929648241,0.7542566086610732,0.7460103273827712
149,0.7487437185929648,0.7491228563537573,0.7443523748819951
150,0.7537688442211056,0.744066794361331,0.742106444463035
151,0.7587939698492463,0.7391679860545893,0.7392450975221717
152,0.7638190954773869,0.7344961269441453,0.7357365894316727
153,0.7688442211055276,0.7301060936391609,0.7315445226273437
154,0.7738693467336684,0.7260341314742983,0.7266274865750821
155,0.7788944723618091,0.7222955251996958,0.7209386938140533
156,0.7839195979899498,0.7188839576718613,0.7144256262813014
157,0.7889447236180904,0.7157726027650431,0.7070297128680165
158,0.7939698492462312,0.7129168378033278,0.6986860681208962
159,0.7989949748743719,0.7102583144698247,0.6893233337323723
160,0.8040201005025126,0.707730010213688,0.6788636795458769
161,0.8090452261306533,0.7052618060427658,0.6672230397853499
162,0.8140703517587939,0.7027861079752371,0.6543116834735379
163,0.8190954773869347,0.7002430495039176,0.6400352454858719
164,0.8241206030150754,0.6975848765394695,0.6242963755498581
165,0.8291457286432161,0.6947792143703458,0.6069971945137906
166,0.8341708542713568,0.6918110339790677,0.5880427759526633
167,0.8391959798994975,0.6886832562440626,0.5673458890044445
168,0.8442211055276382,0.6854160412632742,0.5448332332234866
169,0.8492462311557789,0.6820448935978263,0.5204533509071371
170,0.8542713567839196,0.678617765546994,0.4941862941991742
171,0.8592964824120604,0.6751913595269536,0.4660549273956464
172,0.864321608040201,0.6718268242587669,0.43613743565287655
173,0.8693467336683417,0.6685850205496701,0.4045801792333803
174,0.8743718592964824,0.6655215167596602,0.3716094969763633
175,0.8793969849246231,0.6626814766865636,0.33754049391353225
176,0.8844221105527639,0.660094634058755,0.3027803836903397
177,0.8894472361809045,0.65777061054423,0.2678238018503152
178,0.8944723618090452,0.655694920499632,0.23323789751017565
179,0.8994974874371859,0.6538260976481062,0.19963613235643365
180,0.9045226130653267,0.6520944503318256,0.16764157775709798
181,0.9095477386934674,0.6504029727637765,0.13784283067831282
182,0.914572864321608,0.6486308814554161,0.11074789201271662
183,0.9195979899497487,0.6466400887862608,0.0867427268022195
184,0.9246231155778895,0.6442846641751607,0.06606113519491362
185,0.9296482412060302,0.6414229813057952,0.04877081983731424
186,0.9346733668341709,0.6379318419457825,0.034777543246586114
187,0.9396984924623115,0.6337214564467927,0.023845896092320015
188,0.9447236180904522,0.6287498141114798,0.01563241741503818
189,0.949748743718593,0.6230347624360184,0.009725299483936745
190,0.9547738693467337,0.6166620930145803,0.005684835019158285
191,0.9597989949748744,0.6097881424243653,0.0030798082938461317
192,0.964824120603015,0.6026358654937003,0.0015166329420850386
193,0.9698492462311558,0.5954839945240358,0.0006596546314946439
194,0.9748743718592965,0.588649691527226,0.0002423165238953917
195,0.9798994974874372,0.5824659304018474,6.972449989328666e-05
196,0.9849246231155779,0.5772555938726304,1.3643579832356426e-05
197,0.9899497487437187,0.573304818823571,1.321543143473214e-06
198,0.9949748743718593,0.5708383776710245,2.299478685241496e-08
199,1.0,0.5699997864396267,0.0
