,x,y
0,0.0,7.955649789191149e-14
1,0.010101010101010102,1.517094505803238e-12
2,0.020202020202020204,2.37331768093709e-11
3,0.030303030303030304,3.0474772073114927e-10
4,0.04040404040404041,3.214546615302893e-09
5,0.05050505050505051,2.7888308067008337e-08
6,0.06060606060606061,1.99357066830159e-07
7,0.07070707070707072,1.177318815645215e-06
8,0.08080808080808081,5.76562334318899e-06
9,0.09090909090909091,2.353649898505275e-05
10,0.10101010101010102,8.063322454462683e-05
11,0.11111111111111112,0.00023370489078761145
12,0.12121212121212122,0.0005779396552719713
13,0.13131313131313133,0.001228286412232542
14,0.14141414141414144,0.002252707968372451
15,0.15151515151515152,0.0035646816141742736
16,0.16161616161616163,0.004846553491185367
17,0.17171717171717174,0.00562449449127951
18,0.18181818181818182,0.005533736343762206
19,0.19191919191919193,0.004597613878172674
20,0.20202020202020204,0.0032539824899405446
21,0.21212121212121213,0.0020943389886228805
22,0.22222222222222224,0.00157029604586123
23,0.23232323232323235,0.001885713305654096
24,0.24242424242424243,0.0030360714688238586
25,0.25252525252525254,0.004874952646199594
26,0.26262626262626265,0.007231637666329689
27,0.27272727272727276,0.010168037635285006
28,0.2828282828282829,0.01428417694135251
29,0.29292929292929293,0.02074193864466541
30,0.30303030303030304,0.030699571349008643
31,0.31313131313131315,0.044342906415564945
32,0.32323232323232326,0.060406511169929136
33,0.33333333333333337,0.07707155694346078
34,0.3434343434343435,0.09380348707338164
35,0.3535353535353536,0.11231052827872451
36,0.36363636363636365,0.13548844248587308
37,0.37373737373737376,0.1655962811833787
38,0.38383838383838387,0.20382360834732882
39,0.393939393939394,0.2514065109907047
40,0.4040404040404041,0.31027784048225676
41,0.4141414141414142,0.3819044513873392
42,0.42424242424242425,0.4654636985863293
43,0.43434343434343436,0.5576294640901953
44,0.4444444444444445,0.6547396413910623
45,0.4545454545454546,0.7555756250787987
46,0.4646464646464647,0.8619664833204986
47,0.4747474747474748,0.9762474738865328
48,0.48484848484848486,1.097708398938463
49,0.494949494949495,1.2212339189576165
50,0.5050505050505051,1.3390484425904883
51,0.5151515151515152,1.443714659431019
52,0.5252525252525253,1.5306206838491279
53,0.5353535353535354,1.5996476648476798
54,0.5454545454545455,1.6553629490850281
55,0.5555555555555556,1.7046136802832592
56,0.5656565656565657,1.752611744591756
57,0.5757575757575758,1.8006055621452828
58,0.5858585858585859,1.846358069378224
59,0.595959595959596,1.8857684590442398
60,0.6060606060606061,1.9145411634211824
61,0.6161616161616162,1.9307165980008707
62,0.6262626262626263,1.937374695349718
63,0.6363636363636365,1.9419831385132011
64,0.6464646464646465,1.9510364886307026
65,0.6565656565656566,1.9645171395878351
66,0.6666666666666667,1.975725465097119
67,0.6767676767676768,1.9764000612112802
68,0.686868686868687,1.9625575498328793
69,0.696969696969697,1.9372987130397292
70,0.7070707070707072,1.90937095291513
71,0.7171717171717172,1.8883090419425586
72,0.7272727272727273,1.8793468244699671
73,0.7373737373737375,1.882124379844598
74,0.7474747474747475,1.8937694087912054
75,0.7575757575757577,1.9119604865666788
76,0.7676767676767677,1.9336574145223797
77,0.7777777777777778,1.9515454051248415
78,0.787878787878788,1.9548574981348543
79,0.797979797979798,1.936826418823386
80,0.8080808080808082,1.9023744181686346
81,0.8181818181818182,1.8677013108569853
82,0.8282828282828284,1.8505440224211518
83,0.8383838383838385,1.858294678847516
84,0.8484848484848485,1.8831354453401843
85,0.8585858585858587,1.9077223869349316
86,0.8686868686868687,1.9165670421676873
87,0.8787878787878789,1.9041841838237266
88,0.888888888888889,1.8750078717822571
89,0.8989898989898991,1.8379300925039588
90,0.9090909090909092,1.8015038590678014
91,0.9191919191919192,1.7718275655776228
92,0.9292929292929294,1.7508564606550674
93,0.9393939393939394,1.7340510882518396
94,0.9494949494949496,1.7090978017112362
95,0.9595959595959597,1.6568235527522273
96,0.9696969696969697,1.554218990562561
97,0.9797979797979799,1.3816403388418588
98,0.98989898989899,1.1360569247143038
99,1.0,0.8429648246464803
