,x,y
0,0.0,0.0025944169997752374
1,0.010101010101010102,0.0058362068682253805
2,0.020202020202020204,0.012276164175820593
3,0.030303030303030304,0.024156101832345414
4,0.04040404040404041,0.04449307127947368
5,0.05050505050505051,0.07677899160762366
6,0.06060606060606061,0.12428350571226192
7,0.07070707070707072,0.18903336830986184
8,0.08080808080808081,0.2707638465657276
9,0.09090909090909091,0.3662909409969475
10,0.10101010101010102,0.46969620318039285
11,0.11111111111111112,0.5734090068155604
12,0.12121212121212122,0.6698491784270726
13,0.13131313131313133,0.7530056034647233
14,0.14141414141414144,0.8193650228639218
15,0.15151515151515152,0.8679516944573636
16,0.16161616161616163,0.8996727511659915
17,0.17171717171717174,0.916427321566797
18,0.18181818181818182,0.9204124601966477
19,0.19191919191919193,0.9138231144691831
20,0.20202020202020204,0.89887830648116
21,0.21212121212121213,0.877960217551284
22,0.22222222222222224,0.8536655405233036
23,0.23232323232323235,0.8286810955490881
24,0.24242424242424243,0.8055181538003079
25,0.25252525252525254,0.7862097081843865
26,0.26262626262626265,0.7720790206784085
27,0.27272727272727276,0.7636484567652915
28,0.2828282828282829,0.7607056086956995
29,0.29292929292929293,0.7625001827553558
30,0.30303030303030304,0.7680184635947418
31,0.31313131313131315,0.7762720930739988
32,0.32323232323232326,0.7865398366050476
33,0.33333333333333337,0.7985103018141381
34,0.3434343434343435,0.8122900982847164
35,0.3535353535353536,0.8282705898266478
36,0.36363636363636365,0.8468891337428145
37,0.37373737373737376,0.8683654524998605
38,0.38383838383838387,0.8925142486301548
39,0.393939393939394,0.9187086647468188
40,0.4040404040404041,0.9460004415249375
41,0.4141414141414142,0.9733296111379297
42,0.42424242424242425,0.9997261556476954
43,0.43434343434343436,1.0244361306229457
44,0.4444444444444445,1.0469672087734363
45,0.4545454545454546,1.067092703138765
46,0.4646464646464647,1.0848501435797226
47,0.4747474747474748,1.1005371572730875
48,0.48484848484848486,1.1146851775167608
49,0.494949494949495,1.1280030781558787
50,0.5050505050505051,1.1413108322701717
51,0.5151515151515152,1.1554915564902464
52,0.5252525252525253,1.1714637598706512
53,0.5353535353535354,1.190137274379762
54,0.5454545454545455,1.212305097613486
55,0.5555555555555556,1.2384559439403693
56,0.5656565656565657,1.2685469755413195
57,0.5757575757575758,1.301813552727187
58,0.5858585858585859,1.3366918264527445
59,0.595959595959596,1.3709024980031224
60,0.6060606060606061,1.401713994753083
61,0.6161616161616162,1.426374996853937
62,0.6262626262626263,1.442661394540955
63,0.6363636363636365,1.449413892940889
64,0.6464646464646465,1.4468848365717066
65,0.6565656565656566,1.436728802997586
66,0.6666666666666667,1.4215906045357822
67,0.6767676767676768,1.4044174648913004
68,0.686868686868687,1.3877459865608432
69,0.696969696969697,1.373212162629921
70,0.7070707070707072,1.3614147733189879
71,0.7171717171717172,1.3521105485387774
72,0.7272727272727273,1.3446128517559095
73,0.7373737373737375,1.3382280925545298
74,0.7474747474747475,1.332575143374967
75,0.7575757575757577,1.3276750929639693
76,0.7676767676767677,1.3237770183747473
77,0.7777777777777778,1.3209996932106651
78,0.787878787878788,1.3189769035532015
79,0.797979797979798,1.3167212994813564
80,0.8080808080808082,1.3128233958304543
81,0.8181818181818182,1.3059175431595076
82,0.8282828282828284,1.2951881032185923
83,0.8383838383838385,1.28066388319541
84,0.8484848484848485,1.2631743799251505
85,0.8585858585858587,1.244028531390966
86,0.8686868686868687,1.224598278157898
87,0.8787878787878789,1.2059760765570333
88,0.888888888888889,1.1887615183657043
89,0.8989898989898991,1.1729170497078087
90,0.9090909090909092,1.1576011562071171
91,0.9191919191919192,1.1409541827539633
92,0.9292929292929294,1.119927635560749
93,0.9393939393939394,1.0903407156896285
94,0.9494949494949496,1.0473586807576687
95,0.9595959595959597,0.9864816975573062
96,0.9696969696969697,0.904912834972258
97,0.9797979797979799,0.8029080258728665
98,0.98989898989899,0.6845425369611213
99,1.0,0.5574138604653788
