,x,y
0,0.0,0.00011138150869969737
1,0.010101010101010102,0.00028151505898734054
2,0.020202020202020204,0.0006603849346117598
3,0.030303030303030304,0.0014446414768092303
4,0.04040404040404041,0.0029594334597376646
5,0.05050505050505051,0.005697213672035133
6,0.06060606060606061,0.010337778478452738
7,0.07070707070707072,0.01773361349553464
8,0.08080808080808081,0.028858830897724296
9,0.09090909090909091,0.044739123074101064
10,0.10101010101010102,0.06637630459070192
11,0.11111111111111112,0.09463762673829691
12,0.12121212121212122,0.13003942978841165
13,0.13131313131313133,0.1724064978398346
14,0.14141414141414144,0.22055820515589938
15,0.15151515151515152,0.2723200498648332
16,0.16161616161616163,0.32506817782577263
17,0.17171717171717174,0.3766528530915927
18,0.18181818181818182,0.4261931640916992
19,0.19191919191919193,0.4742400256637429
20,0.20202020202020204,0.5222064850140206
21,0.21212121212121213,0.571427581137347
22,0.22222222222222224,0.6223779354965703
23,0.23232323232323235,0.674400141505934
24,0.24242424242424243,0.7259972603726883
25,0.25252525252525254,0.7755041453958832
26,0.26262626262626265,0.821809830575667
27,0.27272727272727276,0.8647673343071228
28,0.2828282828282829,0.9050702000595359
29,0.29292929292929293,0.9437034327115954
30,0.30303030303030304,0.9813890024210552
31,0.31313131313131315,1.0184535525435248
32,0.32323232323232326,1.0551855277529278
33,0.33333333333333337,1.0923157544589275
34,0.3434343434343435,1.1311402197739608
35,0.3535353535353536,1.1731008061861692
36,0.36363636363636365,1.2190650455359773
37,0.37373737373737376,1.2687405023701104
38,0.38383838383838387,1.3205227598683162
39,0.393939393939394,1.3717951542201565
40,0.4040404040404041,1.4195106349222857
41,0.4141414141414142,1.4608648161242856
42,0.42424242424242425,1.4939230852471301
43,0.43434343434343436,1.5180868602248039
44,0.4444444444444445,1.53426958837007
45,0.4545454545454546,1.5446820212296954
46,0.4646464646464647,1.5522555292634184
47,0.4747474747474748,1.559905395714818
48,0.48484848484848486,1.5699096864596147
49,0.494949494949495,1.5835681351500328
50,0.5050505050505051,1.6011035653131858
51,0.5151515151515152,1.6216731652156393
52,0.5252525252525253,1.6434435778831558
53,0.5353535353535354,1.6638096117949055
54,0.5454545454545455,1.679822230922758
55,0.5555555555555556,1.6887470960623288
56,0.5656565656565657,1.688568582090479
57,0.5757575757575758,1.6782930154946252
58,0.5858585858585859,1.6580334144282036
59,0.595959595959596,1.6289580172843101
60,0.6060606060606061,1.593187386026441
61,0.6161616161616162,1.55363248314082
62,0.6262626262626263,1.5136575076485088
63,0.6363636363636365,1.4764645871287985
64,0.6464646464646465,1.444304191362595
65,0.6565656565656566,1.4178742617564235
66,0.6666666666666667,1.3963002922744376
67,0.6767676767676768,1.377763241742176
68,0.686868686868687,1.3603927573152468
69,0.696969696969697,1.3428750424956652
70,0.7070707070707072,1.3245079230818373
71,0.7171717171717172,1.3049075055436465
72,0.7272727272727273,1.283788840007227
73,0.7373737373737375,1.2610341451526503
74,0.7474747474747475,1.2368849154690762
75,0.7575757575757577,1.2119464849546608
76,0.7676767676767677,1.1869006537474043
77,0.7777777777777778,1.1621429329733461
78,0.787878787878788,1.1376675306536241
79,0.797979797979798,1.1133197208325865
80,0.8080808080808082,1.0892159461242374
81,0.8181818181818182,1.065980215291384
82,0.8282828282828284,1.04458888740894
83,0.8383838383838385,1.0259296622464171
84,0.8484848484848485,1.010395759128296
85,0.8585858585858587,0.9977748104960101
86,0.8686868686868687,0.9874304062821998
87,0.8787878787878789,0.9785664404352474
88,0.888888888888889,0.9703808710308168
89,0.8989898989898991,0.9620754331987085
90,0.9090909090909092,0.9527770473640254
91,0.9191919191919192,0.941361822134189
92,0.9292929292929294,0.9261007468673176
93,0.9393939393939394,0.9041671871594591
94,0.9494949494949496,0.8713542251631602
95,0.9595959595959597,0.822564016869669
96,0.9696969696969697,0.7534083414666264
97,0.9797979797979799,0.6625444455731289
98,0.98989898989899,0.5535893211566436
99,1.0,0.43528866016194195
