,x,y
0,0.0,2.0502505602881166e-07
1,0.010101010101010102,8.586460345949692e-07
2,0.020202020202020204,3.272212813131996e-06
3,0.030303030303030304,1.1374193437478644e-05
4,0.04040404040404041,3.616452080697634e-05
5,0.05050505050505051,0.00010552622345392778
6,0.06060606060606061,0.0002836384170406695
7,0.07070707070707072,0.0007050739732254313
8,0.08080808080808081,0.0016276207415059287
9,0.09090909090909091,0.0035031242260544844
10,0.10101010101010102,0.007055781478549499
11,0.11111111111111112,0.013343062629765251
12,0.12121212121212122,0.023761628383292547
13,0.13131313131313133,0.03996120902407007
14,0.14141414141414144,0.06365498281842275
15,0.15151515151515152,0.0963621610067711
16,0.16161616161616163,0.13915993523956305
17,0.17171717171717174,0.1925215715749592
18,0.18181818181818182,0.25626563915030204
19,0.19191919191919193,0.32957458244774973
20,0.20202020202020204,0.4110149344265656
21,0.21212121212121213,0.4985288980547785
22,0.22222222222222224,0.5894349355504278
23,0.23232323232323235,0.680520079708899
24,0.24242424242424243,0.768303887085887
25,0.25252525252525254,0.8495089855560919
26,0.26262626262626265,0.9216884226131538
27,0.27272727272727276,0.983838333594111
28,0.2828282828282829,1.0367250769787952
29,0.29292929292929293,1.0826960567893298
30,0.30303030303030304,1.124972999901043
31,0.31313131313131315,1.1667122008581885
32,0.32323232323232326,1.2102322341571186
33,0.33333333333333337,1.2566733981553493
34,0.3434343434343435,1.3061085720536019
35,0.3535353535353536,1.3579554683343824
36,0.36363636363636365,1.4114723829765075
37,0.37373737373737376,1.4660852219514713
38,0.38383838383838387,1.521318760819173
39,0.393939393939394,1.5763021827229509
40,0.4040404040404041,1.6291633836698278
41,0.4141414141414142,1.6768530802808106
42,0.42424242424242425,1.7157663891824593
43,0.43434343434343436,1.7429840924676303
44,0.4444444444444445,1.7574274340383305
45,0.4545454545454546,1.7601540363657455
46,0.4646464646464647,1.7535348134961526
47,0.4747474747474748,1.7398054121178996
48,0.48484848484848486,1.7199331655062207
49,0.494949494949495,1.6935446363371722
50,0.5050505050505051,1.659951901662155
51,0.5151515151515152,1.619589074476137
52,0.5252525252525253,1.5749042184644049
53,0.5353535353535354,1.5300935975378214
54,0.5454545454545455,1.4897695205664687
55,0.5555555555555556,1.4572664919305949
56,0.5656565656565657,1.4334471977860366
57,0.5757575757575758,1.416525981328245
58,0.5858585858585859,1.4028664452166348
59,0.595959595959596,1.3882962130422964
60,0.6060606060606061,1.3693835132000343
61,0.6161616161616162,1.3442629426692072
62,0.6262626262626263,1.3128367694008998
63,0.6363636363636365,1.2764300728058853
64,0.6464646464646465,1.2371827429211668
65,0.6565656565656566,1.1975199831339194
66,0.6666666666666667,1.159891241357944
67,0.6767676767676768,1.12669879183141
68,0.686868686868687,1.1001702414969967
69,0.696969696969697,1.0820063846205916
70,0.7070707070707072,1.0728767285525422
71,0.7171717171717172,1.0720243025868352
72,0.7272727272727273,1.0772441522256164
73,0.7373737373737375,1.0853504274033279
74,0.7474747474747475,1.0930439321647456
75,0.7575757575757577,1.097894737972359
76,0.7676767676767677,1.0990263865737013
77,0.7777777777777778,1.097152795984608
78,0.787878787878788,1.0939394108290386
79,0.797979797979798,1.0910640947535113
80,0.8080808080808082,1.0895129710604332
81,0.8181818181818182,1.0894133813486613
82,0.8282828282828284,1.0902990764506475
83,0.8383838383838385,1.0914839720785923
84,0.8484848484848485,1.0923205655277202
85,0.8585858585858587,1.0923468868457427
86,0.8686868686868687,1.0914227918268522
87,0.8787878787878789,1.0898580602445558
88,0.888888888888889,1.0883859904317008
89,0.8989898989898991,1.0878160284749037
90,0.9090909090909092,1.0883563656587152
91,0.9191919191919192,1.0888197857665658
92,0.9292929292929294,1.0860453750119923
93,0.9393939393939394,1.0748183126296056
94,0.9494949494949496,1.0484404125120226
95,0.9595959595959597,1.0000102402685396
96,0.9696969696969697,0.9243641763512077
97,0.9797979797979799,0.820328851912006
98,0.98989898989899,0.692445932438831
99,1.0,0.5510655101052093
