9.899999999999999911e-01,1.571042351423282690e-01
9.891091091091090970e-01,1.818633715422517116e-01
9.882182182182182029e-01,1.943993517178359276e-01
9.873273273273273087e-01,2.089757006905431924e-01
9.864364364364364146e-01,2.367922585170693095e-01
9.855455455455455205e-01,2.550379315003000191e-01
9.846546546546546264e-01,2.731926163568522137e-01
9.837637637637637322e-01,2.784456999803531230e-01
9.828728728728728381e-01,3.043165538773363599e-01
9.819819819819819440e-01,3.190227164837045604e-01
9.810910910910910498e-01,3.340634802988134977e-01
9.802002002002001557e-01,3.549306410255519961e-01
9.793093093093092616e-01,3.798674131658581477e-01
9.784184184184183675e-01,3.925245746568059579e-01
9.775275275275274733e-01,4.111199819901965591e-01
9.766366366366365792e-01,4.321696950749146504e-01
9.757457457457456851e-01,4.457096428973759683e-01
9.748548548548547910e-01,4.656464157336551724e-01
9.739639639639640079e-01,4.720769217816215280e-01
9.730730730730731137e-01,4.844719240092834056e-01
9.721821821821822196e-01,4.949503051966144818e-01
9.712912912912913255e-01,5.058246885948491922e-01
9.704004004004004313e-01,5.221858273695302310e-01
9.695095095095095372e-01,5.341920079515514175e-01
9.686186186186186431e-01,5.499507750245270499e-01
9.677277277277277490e-01,5.640454386936658571e-01
9.668368368368368548e-01,5.887021039713933312e-01
9.659459459459459607e-01,6.051819802200931742e-01
9.650550550550550666e-01,6.231391119671557677e-01
9.641641641641641725e-01,6.433386799767679687e-01
9.632732732732732783e-01,6.728830274750783325e-01
9.623823823823823842e-01,6.855572715558588826e-01
9.614914914914914901e-01,6.913926675326861337e-01
9.606006006006005959e-01,7.032261966128406927e-01
9.597097097097097018e-01,7.059257452478857608e-01
9.588188188188188077e-01,7.173079137363587154e-01
9.579279279279279136e-01,7.287625397410304462e-01
9.570370370370370194e-01,7.541965732705059322e-01
9.561461461461461253e-01,7.657731291991607403e-01
9.552552552552552312e-01,7.800726441175781511e-01
9.543643643643643371e-01,7.902899033101764559e-01
9.534734734734734429e-01,8.060409051664940705e-01
9.525825825825825488e-01,8.151138176962609005e-01
9.516916916916916547e-01,8.261915382150681886e-01
9.508008008008007605e-01,8.519650851462982066e-01
9.499099099099098664e-01,8.692457830527564600e-01
9.490190190190189723e-01,8.749602254572946824e-01
9.481281281281280782e-01,8.796518583880115205e-01
9.472372372372371840e-01,8.888061211410434037e-01
9.463463463463462899e-01,8.977009992202267252e-01
9.454554554554553958e-01,9.024742965535276218e-01
9.445645645645646127e-01,9.066214039473206032e-01
9.436736736736737186e-01,9.242789454420505812e-01
9.427827827827828244e-01,9.279731873091251471e-01
9.418918918918919303e-01,9.367291704174390832e-01
9.410010010010010362e-01,9.490624580134253696e-01
9.401101101101101420e-01,9.555702729782564742e-01
9.392192192192192479e-01,9.671484600251591957e-01
9.383283283283283538e-01,9.921009323397655955e-01
9.374374374374374597e-01,1.000321820312676468e+00
9.365465465465465655e-01,1.006408453404010528e+00
9.356556556556556714e-01,1.015875200526660027e+00
9.347647647647647773e-01,1.038512592032868387e+00
9.338738738738738832e-01,1.049566429039322291e+00
9.329829829829829890e-01,1.056957604597100975e+00
9.320920920920920949e-01,1.061031333462318482e+00
9.312012012012012008e-01,1.072561739355315957e+00
9.303103103103103066e-01,1.083302438533884082e+00
9.294194194194194125e-01,1.126120481180246324e+00
9.285285285285285184e-01,1.133231188224901542e+00
9.276376376376376243e-01,1.150084460365506711e+00
9.267467467467467301e-01,1.158980075038339441e+00
9.258558558558558360e-01,1.170914162998645036e+00
9.249649649649649419e-01,1.182170109963676330e+00
9.240740740740740478e-01,1.189541301874677659e+00
9.231831831831831536e-01,1.202823332474177942e+00
9.222922922922922595e-01,1.215931566190556534e+00
9.214014014014013654e-01,1.230756038063957947e+00
9.205105105105104712e-01,1.243979937814750025e+00
9.196196196196195771e-01,1.254077628424792978e+00
9.187287287287286830e-01,1.265806575675942458e+00
9.178378378378377889e-01,1.279000881067191564e+00
9.169469469469468947e-01,1.282243791395619281e+00
9.160560560560560006e-01,1.285637765657395848e+00
9.151651651651651065e-01,1.299178174313377676e+00
9.142742742742742124e-01,1.303143302605265008e+00
9.133833833833833182e-01,1.310870748771348460e+00
9.124924924924924241e-01,1.325272370343655304e+00
9.116016016016016410e-01,1.336893266097780586e+00
9.107107107107107469e-01,1.350165095653515834e+00
9.098198198198198527e-01,1.355918559720587169e+00
9.089289289289289586e-01,1.366879168267560729e+00
9.080380380380380645e-01,1.374568413995243210e+00
9.071471471471471704e-01,1.382661036489762907e+00
9.062562562562562762e-01,1.388013508914309524e+00
9.053653653653653821e-01,1.396877527751748227e+00
9.044744744744744880e-01,1.407237360032006057e+00
9.035835835835835939e-01,1.427675545586118089e+00
9.026926926926926997e-01,1.435875429271131987e+00
9.018018018018018056e-01,1.439983089964548046e+00
9.009109109109109115e-01,1.445631964804382052e+00
9.000200200200200173e-01,1.460786939845322596e+00
8.991291291291291232e-01,1.473636323362111700e+00
8.982382382382382291e-01,1.475912059055192627e+00
8.973473473473473350e-01,1.481424545688285077e+00
8.964564564564564408e-01,1.489330905838434083e+00
8.955655655655655467e-01,1.505718589632350390e+00
8.946746746746746526e-01,1.513797447103172544e+00
8.937837837837837585e-01,1.520055078958929551e+00
8.928928928928928643e-01,1.521682000087750231e+00
8.920020020020019702e-01,1.523356622766456558e+00
8.911111111111110761e-01,1.528635657668289793e+00
8.902202202202201820e-01,1.540683048907617980e+00
8.893293293293292878e-01,1.546603479491630129e+00
8.884384384384383937e-01,1.559024228062287465e+00
8.875475475475474996e-01,1.563430820565144819e+00
8.866566566566566054e-01,1.568580451303676737e+00
8.857657657657657113e-01,1.571377713971084056e+00
8.848748748748749282e-01,1.577216155157927346e+00
8.839839839839840341e-01,1.586119774524975989e+00
8.830930930930931400e-01,1.591825397524672336e+00
8.822022022022022458e-01,1.598449271500115065e+00
8.813113113113113517e-01,1.607052380067174102e+00
8.804204204204204576e-01,1.613214204059243650e+00
8.795295295295295634e-01,1.621757319676483622e+00
8.786386386386386693e-01,1.631159822296387896e+00
8.777477477477477752e-01,1.637669815946845242e+00
8.768568568568568811e-01,1.646971476715620053e+00
8.759659659659659869e-01,1.647232381202166085e+00
8.750750750750750928e-01,1.659385746860079669e+00
8.741841841841841987e-01,1.663577508788846471e+00
8.732932932932933046e-01,1.666495609068646910e+00
8.724024024024024104e-01,1.679236887969423941e+00
8.715115115115115163e-01,1.688358973844472199e+00
8.706206206206206222e-01,1.703652228734806595e+00
8.697297297297297280e-01,1.710934593853359775e+00
8.688388388388388339e-01,1.714587524392346740e+00
8.679479479479479398e-01,1.719711169764456260e+00
8.670570570570570457e-01,1.735112050829588526e+00
8.661661661661661515e-01,1.740071172680942135e+00
8.652752752752752574e-01,1.751058840385667059e+00
8.643843843843843633e-01,1.759538941269511048e+00
8.634934934934934692e-01,1.764354508693863233e+00
8.626026026026025750e-01,1.769845917352621534e+00
8.617117117117116809e-01,1.775501148789356165e+00
8.608208208208207868e-01,1.782340799608203463e+00
8.599299299299298927e-01,1.786364917987653511e+00
8.590390390390389985e-01,1.795893181482841383e+00
8.581481481481481044e-01,1.807987875819312862e+00
8.572572572572572103e-01,1.814328249085910949e+00
8.563663663663663161e-01,1.816220490065989956e+00
8.554754754754754220e-01,1.820890008768061286e+00
8.545845845845845279e-01,1.831563932008168027e+00
8.536936936936936338e-01,1.836690073201813433e+00
8.528028028028027396e-01,1.842251735222156572e+00
8.519119119119118455e-01,1.854669862587664975e+00
8.510210210210209514e-01,1.857332066534556736e+00
8.501301301301300573e-01,1.870743606568965767e+00
8.492392392392392741e-01,1.875133183684489779e+00
8.483483483483483800e-01,1.879398532603709482e+00
8.474574574574574859e-01,1.880853857832212706e+00
8.465665665665665918e-01,1.889924044486827714e+00
8.456756756756756976e-01,1.896386711806260061e+00
8.447847847847848035e-01,1.902735514775368841e+00
8.438938938938939094e-01,1.910661097770108396e+00
8.430030030030030153e-01,1.918814108365282545e+00
8.421121121121121211e-01,1.934340939642699153e+00
8.412212212212212270e-01,1.936578648238013178e+00
8.403303303303303329e-01,1.938463881891901996e+00
8.394394394394394388e-01,1.945267086811219182e+00
8.385485485485485446e-01,1.955067270579894378e+00
8.376576576576576505e-01,1.961713303139108522e+00
8.367667667667667564e-01,1.967159956967807766e+00
8.358758758758758622e-01,1.972296698703505990e+00
8.349849849849849681e-01,1.973670194476124129e+00
8.340940940940940740e-01,1.978530988518343303e+00
8.332032032032031799e-01,1.985656643823707324e+00
8.323123123123122857e-01,1.991711238283617069e+00
8.314214214214213916e-01,2.003515845387587202e+00
8.305305305305304975e-01,2.029270993503653919e+00
8.296396396396396034e-01,2.036663538455988576e+00
8.287487487487487092e-01,2.039931288339586590e+00
8.278578578578578151e-01,2.046658043161648344e+00
8.269669669669669210e-01,2.049137925864870535e+00
8.260760760760761379e-01,2.060429475248232389e+00
8.251851851851852437e-01,2.063499319307869229e+00
8.242942942942943496e-01,2.079604059797051985e+00
8.234034034034034555e-01,2.093474844610121899e+00
8.225125125125125614e-01,2.105125249042298030e+00
8.216216216216216672e-01,2.108972259582099440e+00
8.207307307307307731e-01,2.112124795474291883e+00
8.198398398398398790e-01,2.118834873602141844e+00
8.189489489489489848e-01,2.120819524274572654e+00
8.180580580580580907e-01,2.123225094988993256e+00
8.171671671671671966e-01,2.135316678438190507e+00
8.162762762762763025e-01,2.153411405417579250e+00
8.153853853853854083e-01,2.158435963251726708e+00
8.144944944944945142e-01,2.165445351451650069e+00
8.136036036036036201e-01,2.177519493904478409e+00
8.127127127127127260e-01,2.183802985214084558e+00
8.118218218218218318e-01,2.189033102317794022e+00
8.109309309309309377e-01,2.193680457832593245e+00
8.100400400400400436e-01,2.201230934648203963e+00
8.091491491491491495e-01,2.202293132780401841e+00
8.082582582582582553e-01,2.208211175690824479e+00
8.073673673673673612e-01,2.212282051042741671e+00
8.064764764764764671e-01,2.217975806055269228e+00
8.055855855855855729e-01,2.228138234874124990e+00
8.046946946946946788e-01,2.231328297302398678e+00
8.038038038038037847e-01,2.235522599664489185e+00
8.029129129129128906e-01,2.239662809288624601e+00
8.020220220220219964e-01,2.244718761116895056e+00
8.011311311311311023e-01,2.262751303596673313e+00
8.002402402402402082e-01,2.269784949134291629e+00
7.993493493493493141e-01,2.282709107057682818e+00
7.984584584584584199e-01,2.288963708018045828e+00
7.975675675675675258e-01,2.298391378196013246e+00
7.966766766766766317e-01,2.306860517472947514e+00
7.957857857857857375e-01,2.310819134684570120e+00
7.948948948948948434e-01,2.320249925192082507e+00
7.940040040040039493e-01,2.329508734613072729e+00
7.931131131131130552e-01,2.333584758006280513e+00
7.922222222222221610e-01,2.339085699031056009e+00
7.913313313313312669e-01,2.344657756170042351e+00
7.904404404404403728e-01,2.346606636418673286e+00
7.895495495495494787e-01,2.351405705582306549e+00
7.886586586586585845e-01,2.358342341166333789e+00
7.877677677677678014e-01,2.380183395262659651e+00
7.868768768768769073e-01,2.382212358415259690e+00
7.859859859859860132e-01,2.390604994763363411e+00
7.850950950950951190e-01,2.401016423461257432e+00
7.842042042042042249e-01,2.403303395760846062e+00
7.833133133133133308e-01,2.407707101747354361e+00
7.824224224224224367e-01,2.419977894627464821e+00
7.815315315315315425e-01,2.426536045176615364e+00
7.806406406406406484e-01,2.441705738324378760e+00
7.797497497497497543e-01,2.450489571044137005e+00
7.788588588588588602e-01,2.457915188472655998e+00
7.779679679679679660e-01,2.463014339587700441e+00
7.770770770770770719e-01,2.471229630783484232e+00
7.761861861861861778e-01,2.477883305110625045e+00
7.752952952952952836e-01,2.484770485540182428e+00
7.744044044044043895e-01,2.489678930090795550e+00
7.735135135135134954e-01,2.496377917260224955e+00
7.726226226226226013e-01,2.503120480518197688e+00
7.717317317317317071e-01,2.514919701098125682e+00
7.708408408408408130e-01,2.519629251609796672e+00
7.699499499499499189e-01,2.523600551831302496e+00
7.690590590590590248e-01,2.527411139658449546e+00
7.681681681681681306e-01,2.528234632173347762e+00
7.672772772772772365e-01,2.533111806216794104e+00
7.663863863863863424e-01,2.541012199550746864e+00
7.654954954954955593e-01,2.547299956604514026e+00
7.646046046046046651e-01,2.556248019546368599e+00
7.637137137137137710e-01,2.565317552666663836e+00
7.628228228228228769e-01,2.569455856423180862e+00
7.619319319319319828e-01,2.572169447239115225e+00
7.610410410410410886e-01,2.588599703515197525e+00
7.601501501501501945e-01,2.597223862446778053e+00
7.592592592592593004e-01,2.607282803593125475e+00
7.583683683683684063e-01,2.619618298318689753e+00
7.574774774774775121e-01,2.628144957586351804e+00
7.565865865865866180e-01,2.643632273557380064e+00
7.556956956956957239e-01,2.645854596661340263e+00
7.548048048048048297e-01,2.654910155974817609e+00
7.539139139139139356e-01,2.662518438152076783e+00
7.530230230230230415e-01,2.666530220011600338e+00
7.521321321321321474e-01,2.670848192537455201e+00
7.512412412412412532e-01,2.677717794016650554e+00
7.503503503503503591e-01,2.680047001706594934e+00
7.494594594594594650e-01,2.687678767936048096e+00
7.485685685685685709e-01,2.691356056795715102e+00
7.476776776776776767e-01,2.697914014972520036e+00
7.467867867867867826e-01,2.701896446807837027e+00
7.458958958958958885e-01,2.705536566768695472e+00
7.450050050050049943e-01,2.725206288495556795e+00
7.441141141141141002e-01,2.736161456142251591e+00
7.432232232232232061e-01,2.745073950541543795e+00
7.423323323323323120e-01,2.752296684163086482e+00
7.414414414414414178e-01,2.756751039273857007e+00
7.405505505505505237e-01,2.768842287039836592e+00
7.396596596596596296e-01,2.770501005472240319e+00
7.387687687687687355e-01,2.777942284716312216e+00
7.378778778778778413e-01,2.783696633189790326e+00
7.369869869869869472e-01,2.787309676052970087e+00
7.360960960960960531e-01,2.795067805486506796e+00
7.352052052052051589e-01,2.797750327526484782e+00
7.343143143143142648e-01,2.802462161684622366e+00
7.334234234234233707e-01,2.807759230695415109e+00
7.325325325325324766e-01,2.812518890542357930e+00
7.316416416416415824e-01,2.820239884584769818e+00
7.307507507507506883e-01,2.824325136315775531e+00
7.298598598598597942e-01,2.828588588700839956e+00
7.289689689689689001e-01,2.834873630350913665e+00
7.280780780780780059e-01,2.836028919935794423e+00
7.271871871871871118e-01,2.839636740777474078e+00
7.262962962962962177e-01,2.848245918251872233e+00
7.254054054054053235e-01,2.856218911994130139e+00
7.245145145145144294e-01,2.863850469870490301e+00
7.236236236236236463e-01,2.865867355334708488e+00
7.227327327327327522e-01,2.871328446963364200e+00
7.218418418418418581e-01,2.878183745071373423e+00
7.209509509509509639e-01,2.881216997721891548e+00
7.200600600600600698e-01,2.883834475585872692e+00
7.191691691691691757e-01,2.887356129474518251e+00
7.182782782782782816e-01,2.903652030404130446e+00
7.173873873873873874e-01,2.908559106379493553e+00
7.164964964964964933e-01,2.913018441772893041e+00
7.156056056056055992e-01,2.918999596735565749e+00
7.147147147147147050e-01,2.922720140415318024e+00
7.138238238238238109e-01,2.923925404964752062e+00
7.129329329329329168e-01,2.930088984066845814e+00
7.120420420420420227e-01,2.933728249416525102e+00
7.111511511511511285e-01,2.934027615100311515e+00
7.102602602602602344e-01,2.939066446512171193e+00
7.093693693693693403e-01,2.943273371968567087e+00
7.084784784784785572e-01,2.949541198812004605e+00
7.075875875875876631e-01,2.953384464055500036e+00
7.066966966966967689e-01,2.959941556672854635e+00
7.058058058058058748e-01,2.965010283465610019e+00
7.049149149149149807e-01,2.967756713748283204e+00
7.040240240240240865e-01,2.972350180190981739e+00
7.031331331331331924e-01,2.985853456527471028e+00
7.022422422422422983e-01,2.990147056302413731e+00
7.013513513513514042e-01,2.991301511039526240e+00
7.004604604604605100e-01,2.999847088161814668e+00
6.995695695695696159e-01,3.003190755859930228e+00
6.986786786786787218e-01,3.016881455536358114e+00
6.977877877877878277e-01,3.021046258565469156e+00
6.968968968968969335e-01,3.029836557660192220e+00
6.960060060060060394e-01,3.032321388955516728e+00
6.951151151151151453e-01,3.040867902891952745e+00
6.942242242242242511e-01,3.046204097294266777e+00
6.933333333333333570e-01,3.054860911983800165e+00
6.924424424424424629e-01,3.063455128886426238e+00
6.915515515515515688e-01,3.069475508963380062e+00
6.906606606606606746e-01,3.076870653052557358e+00
6.897697697697697805e-01,3.080703202874818025e+00
6.888788788788788864e-01,3.084172520732571865e+00
6.879879879879879923e-01,3.091043083843346917e+00
6.870970970970970981e-01,3.092346917876674262e+00
6.862062062062062040e-01,3.096129314166568225e+00
6.853153153153153099e-01,3.098313716698654297e+00
6.844244244244244157e-01,3.110096773598678865e+00
6.835335335335335216e-01,3.113855723783606866e+00
6.826426426426426275e-01,3.122498821474695152e+00
6.817517517517517334e-01,3.128692162954484601e+00
6.808608608608608392e-01,3.135600552855708045e+00
6.799699699699699451e-01,3.140514839008443637e+00
6.790790790790790510e-01,3.146410188326149271e+00
6.781881881881881569e-01,3.151712743255343341e+00
6.772972972972972627e-01,3.161938140588262947e+00
6.764064064064063686e-01,3.166588419440907742e+00
6.755155155155154745e-01,3.168536366306649477e+00
6.746246246246245803e-01,3.174139587624642544e+00
6.737337337337336862e-01,3.180843931009682546e+00
6.728428428428427921e-01,3.183432490329015874e+00
6.719519519519518980e-01,3.193006890831490807e+00
6.710610610610610038e-01,3.208330570261426651e+00
6.701701701701701097e-01,3.212653861670082822e+00
6.692792792792792156e-01,3.217502239579506984e+00
6.683883883883883215e-01,3.221665020528067469e+00
6.674974974974974273e-01,3.227947563653589036e+00
6.666066066066065332e-01,3.231987932721672063e+00
6.657157157157156391e-01,3.243158514517783697e+00
6.648248248248247450e-01,3.246188691550977889e+00
6.639339339339338508e-01,3.256823090550897692e+00
6.630430430430430677e-01,3.260924121888328031e+00
6.621521521521521736e-01,3.265902227592550222e+00
6.612612612612612795e-01,3.268251058319957991e+00
6.603703703703703853e-01,3.277073578491330519e+00
6.594794794794794912e-01,3.280791906192846330e+00
6.585885885885885971e-01,3.284781941296381458e+00
6.576976976976977030e-01,3.288427082608159413e+00
6.568068068068068088e-01,3.292466109362385041e+00
6.559159159159159147e-01,3.299901119339999411e+00
6.550250250250250206e-01,3.310763118458510679e+00
6.541341341341341264e-01,3.316036912526487246e+00
6.532432432432432323e-01,3.324628372051162462e+00
6.523523523523523382e-01,3.327374317258729786e+00
6.514614614614614441e-01,3.333486408165537984e+00
6.505705705705705499e-01,3.338118632516947404e+00
6.496796796796796558e-01,3.343576707361677336e+00
6.487887887887887617e-01,3.355082074113691526e+00
6.478978978978978676e-01,3.360243824913551336e+00
6.470070070070070845e-01,3.363749923524598007e+00
6.461161161161161903e-01,3.366667764555812958e+00
6.452252252252252962e-01,3.376918934865241084e+00
6.443343343343344021e-01,3.380080988212034399e+00
6.434434434434435079e-01,3.385944138924584568e+00
6.425525525525526138e-01,3.392999773004296227e+00
6.416616616616617197e-01,3.399186375708483698e+00
6.407707707707708256e-01,3.400559691581055866e+00
6.398798798798799314e-01,3.404714153849565772e+00
6.389889889889890373e-01,3.411190648228892286e+00
6.380980980980981432e-01,3.418054786010499946e+00
6.372072072072072491e-01,3.422078940895596499e+00
6.363163163163163549e-01,3.425668615658172378e+00
6.354254254254254608e-01,3.431610600437822178e+00
6.345345345345345667e-01,3.434334699447752381e+00
6.336436436436436725e-01,3.441285802513186720e+00
6.327527527527527784e-01,3.452598633417973240e+00
6.318618618618618843e-01,3.459424057314159029e+00
6.309709709709709902e-01,3.469336360834691657e+00
6.300800800800800960e-01,3.477684868121472928e+00
6.291891891891892019e-01,3.482637790840748870e+00
6.282982982982983078e-01,3.490475189131590383e+00
6.274074074074074137e-01,3.492877782787132901e+00
6.265165165165165195e-01,3.494449697965820167e+00
6.256256256256256254e-01,3.502652821167808739e+00
6.247347347347347313e-01,3.508381573799058462e+00
6.238438438438438371e-01,3.516463809058947287e+00
6.229529529529529430e-01,3.519138522287851067e+00
6.220620620620620489e-01,3.523054352519137566e+00
6.211711711711711548e-01,3.534828009949697147e+00
6.202802802802802606e-01,3.543083709354465594e+00
6.193893893893893665e-01,3.554647576338726633e+00
6.184984984984984724e-01,3.558182142810599302e+00
6.176076076076075783e-01,3.564820892728198576e+00
6.167167167167166841e-01,3.569117105865399431e+00
6.158258258258257900e-01,3.571481120927593622e+00
6.149349349349348959e-01,3.582228452985262823e+00
6.140440440440440018e-01,3.586251038231638155e+00
6.131531531531531076e-01,3.592118006674656527e+00
6.122622622622622135e-01,3.599039375156834364e+00
6.113713713713713194e-01,3.604052984548024252e+00
6.104804804804804252e-01,3.607867595446784481e+00
6.095895895895895311e-01,3.613601108273712281e+00
6.086986986986986370e-01,3.616687248106269514e+00
6.078078078078077429e-01,3.620512273140541915e+00
6.069169169169168487e-01,3.626510862976417560e+00
6.060260260260259546e-01,3.635524089607201859e+00
6.051351351351350605e-01,3.638199084993643417e+00
6.042442442442441664e-01,3.644514450988022958e+00
6.033533533533532722e-01,3.647174837698952121e+00
6.024624624624623781e-01,3.653464804281629785e+00
6.015715715715715950e-01,3.655421601025080403e+00
6.006806806806807009e-01,3.657985172141489549e+00
5.997897897897898067e-01,3.661926759384871222e+00
5.988988988988989126e-01,3.663141936050073877e+00
5.980080080080080185e-01,3.671017321663473165e+00
5.971171171171171244e-01,3.677813506686437695e+00
5.962262262262262302e-01,3.683413220423893186e+00
5.953353353353353361e-01,3.687619072870639059e+00
5.944444444444444420e-01,3.693309919395803664e+00
5.935535535535535479e-01,3.694313599529079895e+00
5.926626626626626537e-01,3.699102134536595532e+00
5.917717717717717596e-01,3.705898448544184820e+00
5.908808808808808655e-01,3.709829801792438264e+00
5.899899899899899713e-01,3.710802175035160744e+00
5.890990990990990772e-01,3.716315344333794624e+00
5.882082082082081831e-01,3.722913220380589916e+00
5.873173173173172890e-01,3.724542358788995422e+00
5.864264264264265059e-01,3.733814222839339614e+00
5.855355355355356117e-01,3.741353480813835564e+00
5.846446446446447176e-01,3.746417568161661382e+00
5.837537537537538235e-01,3.753787272434341293e+00
5.828628628628629293e-01,3.756029560711727111e+00
5.819719719719720352e-01,3.760149293430516959e+00
5.810810810810811411e-01,3.767090559430614327e+00
5.801901901901902470e-01,3.774109413840578853e+00
5.792992992992993528e-01,3.781335131856768061e+00
5.784084084084084587e-01,3.787277088900863120e+00
5.775175175175175646e-01,3.789906246008726054e+00
5.766266266266266705e-01,3.793984937072550689e+00
5.757357357357357763e-01,3.799951906350897968e+00
5.748448448448448822e-01,3.804163039976682370e+00
5.739539539539539881e-01,3.807756176930391145e+00
5.730630630630630939e-01,3.811302826625409423e+00
5.721721721721721998e-01,3.813944414753933199e+00
5.712812812812813057e-01,3.819036227634020619e+00
5.703903903903904116e-01,3.823493900214261387e+00
5.694994994994995174e-01,3.827021351683163708e+00
5.686086086086086233e-01,3.830062358406038925e+00
5.677177177177177292e-01,3.831638024197482117e+00
5.668268268268268351e-01,3.837616485463072102e+00
5.659359359359359409e-01,3.839916458999275584e+00
5.650450450450450468e-01,3.842254030834879597e+00
5.641541541541541527e-01,3.849659730664086066e+00
5.632632632632632586e-01,3.853057936546194995e+00
5.623723723723723644e-01,3.854850576952376429e+00
5.614814814814814703e-01,3.856691084811781689e+00
5.605905905905905762e-01,3.862417438467343977e+00
5.596996996996996820e-01,3.864879156092875245e+00
5.588088088088087879e-01,3.866649985208495899e+00
5.579179179179178938e-01,3.870882678132796073e+00
5.570270270270269997e-01,3.880039158196536331e+00
5.561361361361361055e-01,3.883717609408466220e+00
5.552452452452452114e-01,3.891092857633274615e+00
5.543543543543543173e-01,3.893300835304948748e+00
5.534634634634634232e-01,3.896713732299244004e+00
5.525725725725725290e-01,3.901774019813645911e+00
5.516816816816816349e-01,3.905691838365844770e+00
5.507907907907907408e-01,3.910873168494904739e+00
5.498998998998998466e-01,3.917429236097228706e+00
5.490090090090089525e-01,3.921548519682497513e+00
5.481181181181180584e-01,3.926481215444448836e+00
5.472272272272271643e-01,3.933997481142027297e+00
5.463363363363362701e-01,3.944236928762278271e+00
5.454454454454453760e-01,3.947570037412732713e+00
5.445545545545544819e-01,3.951271206430948979e+00
5.436636636636635878e-01,3.954935740842450809e+00
5.427727727727726936e-01,3.957002085873266850e+00
5.418818818818817995e-01,3.963595530218919638e+00
5.409909909909910164e-01,3.967413499272036681e+00
5.401001001001001223e-01,3.970095129102826803e+00
5.392092092092092281e-01,3.975982205585136153e+00
5.383183183183183340e-01,3.979293397928895359e+00
5.374274274274274399e-01,3.984272654999879926e+00
5.365365365365365458e-01,3.986810664458834363e+00
5.356456456456456516e-01,3.993158539450709199e+00
5.347547547547547575e-01,3.994944051732430168e+00
5.338638638638638634e-01,3.998815345412749522e+00
5.329729729729729693e-01,4.001088270210743758e+00
5.320820820820820751e-01,4.006759322343991236e+00
5.311911911911911810e-01,4.008561886991185652e+00
5.303003003003002869e-01,4.011539589934518091e+00
5.294094094094093927e-01,4.014682211712530702e+00
5.285185185185184986e-01,4.017466936316158588e+00
5.276276276276276045e-01,4.022392281120805713e+00
5.267367367367367104e-01,4.024520636500458437e+00
5.258458458458459273e-01,4.028888148357147259e+00
5.249549549549550331e-01,4.031727212152382833e+00
5.240640640640641390e-01,4.035361975343390029e+00
5.231731731731732449e-01,4.036724328806636564e+00
5.222822822822823507e-01,4.042409939410654296e+00
5.213913913913914566e-01,4.047035485216391670e+00
5.205005005005005625e-01,4.048432728658313273e+00
5.196096096096096684e-01,4.054807738496848835e+00
5.187187187187187742e-01,4.059032849417223865e+00
5.178278278278278801e-01,4.065818218239481752e+00
5.169369369369369860e-01,4.066768316069913070e+00
5.160460460460460919e-01,4.068945794569082786e+00
5.151551551551551977e-01,4.071310394642913444e+00
5.142642642642643036e-01,4.075284847457721682e+00
5.133733733733734095e-01,4.082751168071019343e+00
5.124824824824825154e-01,4.090774994473280302e+00
5.115915915915916212e-01,4.092733225812978048e+00
5.107007007007007271e-01,4.095156853025341270e+00
5.098098098098098330e-01,4.097915887384122158e+00
5.089189189189189388e-01,4.099608517795902962e+00
5.080280280280280447e-01,4.100373722941645482e+00
5.071371371371371506e-01,4.101150326116440148e+00
5.062462462462462565e-01,4.103483779693755551e+00
5.053553553553553623e-01,4.107269572603657437e+00
5.044644644644644682e-01,4.109204115839474980e+00
5.035735735735735741e-01,4.114556855567698790e+00
5.026826826826826800e-01,4.116978300263601120e+00
5.017917917917917858e-01,4.120439524518778818e+00
5.009009009009008917e-01,4.125545488595096622e+00
5.000100100100099976e-01,4.129003689375440267e+00
4.991191191191191034e-01,4.135260207934458698e+00
4.982282282282282093e-01,4.137407197466561826e+00
4.973373373373373152e-01,4.146841944949358094e+00
4.964464464464464211e-01,4.149521040958342510e+00
4.955555555555555824e-01,4.152842717040474696e+00
4.946646646646646883e-01,4.154165845189749184e+00
4.937737737737737942e-01,4.157541588460286874e+00
4.928828828828829001e-01,4.164118295711426221e+00
4.919919919919920059e-01,4.168311201226757134e+00
4.911011011011011118e-01,4.175661230547039970e+00
4.902102102102102177e-01,4.177170322407434355e+00
4.893193193193192680e-01,4.182260672117803502e+00
4.884284284284283739e-01,4.184886448179657492e+00
4.875375375375375908e-01,4.186613412224554409e+00
4.866466466466466967e-01,4.188984798177411761e+00
4.857557557557558026e-01,4.191973039725587213e+00
4.848648648648649084e-01,4.194364836341885727e+00
4.839739739739740143e-01,4.202777449602972837e+00
4.830830830830831202e-01,4.206603597877557554e+00
4.821921921921922261e-01,4.209764390853129257e+00
4.813013013013013319e-01,4.214989898998849682e+00
4.804104104104104378e-01,4.217186326132105201e+00
4.795195195195195437e-01,4.220491716574722219e+00
4.786286286286286495e-01,4.222751463501707825e+00
4.777377377377377554e-01,4.228025425471030552e+00
4.768468468468468613e-01,4.232023973305319764e+00
4.759559559559559672e-01,4.233192193767975731e+00
4.750650650650650730e-01,4.241112577898203284e+00
4.741741741741741789e-01,4.244386337070372939e+00
4.732832832832832848e-01,4.246764337688238022e+00
4.723923923923923907e-01,4.248750239987454158e+00
4.715015015015014965e-01,4.250332073192709004e+00
4.706106106106106024e-01,4.250517973387610837e+00
4.697197197197197083e-01,4.252654912193504444e+00
4.688288288288288141e-01,4.260068658723333179e+00
4.679379379379379200e-01,4.263971282436318511e+00
4.670470470470470259e-01,4.266349684315081880e+00
4.661561561561561318e-01,4.270538031588451133e+00
4.652652652652652376e-01,4.272335952008480930e+00
4.643743743743743435e-01,4.274145969055694216e+00
4.634834834834834494e-01,4.274716776341051627e+00
4.625925925925925553e-01,4.276375811302176366e+00
4.617017017017016611e-01,4.277666357423647092e+00
4.608108108108107670e-01,4.282965042159537994e+00
4.599199199199198729e-01,4.284560317603870239e+00
4.590290290290289787e-01,4.286962771454844834e+00
4.581381381381380846e-01,4.289189756007870002e+00
4.572472472472473015e-01,4.291249832517769924e+00
4.563563563563564074e-01,4.293481405969830078e+00
4.554654654654655133e-01,4.301990413766084487e+00
4.545745745745746191e-01,4.308580238461998668e+00
4.536836836836837250e-01,4.310623988127145978e+00
4.527927927927928309e-01,4.313246629891239081e+00
4.519019019019019368e-01,4.315479437946301289e+00
4.510110110110110426e-01,4.318772311441181344e+00
4.501201201201201485e-01,4.323297196827823541e+00
4.492292292292292544e-01,4.329038015308119824e+00
4.483383383383383602e-01,4.332469571840964484e+00
4.474474474474474661e-01,4.333906881378312370e+00
4.465565565565565720e-01,4.336967943151462279e+00
4.456656656656656779e-01,4.340045658209072954e+00
4.447747747747747837e-01,4.343002384237143687e+00
4.438838838838838896e-01,4.346817299061877193e+00
4.429929929929929955e-01,4.352685710831880606e+00
4.421021021021021014e-01,4.358068937054660807e+00
4.412112112112112072e-01,4.361162424844073016e+00
4.403203203203203131e-01,4.363031461216277940e+00
4.394294294294294190e-01,4.368310797257580980e+00
4.385385385385385248e-01,4.376409522866127944e+00
4.376476476476476307e-01,4.377349562113467485e+00
4.367567567567567366e-01,4.379053351999488086e+00
4.358658658658658425e-01,4.382693773606545662e+00
4.349749749749749483e-01,4.388419004814714697e+00
4.340840840840840542e-01,4.391146132107926370e+00
4.331931931931931601e-01,4.397317526812423161e+00
4.323023023023022660e-01,4.400122591104721259e+00
4.314114114114113718e-01,4.403357464289206824e+00
4.305205205205204777e-01,4.406287905895236889e+00
4.296296296296295836e-01,4.408971929604087236e+00
4.287387387387386894e-01,4.412822414534356419e+00
4.278478478478477953e-01,4.417197658624315793e+00
4.269569569569570122e-01,4.419798771967861306e+00
4.260660660660661181e-01,4.423389841866899097e+00
4.251751751751752240e-01,4.424529300159295353e+00
4.242842842842843298e-01,4.427119853296263230e+00
4.233933933933934357e-01,4.431972664430657183e+00
4.225025025025025416e-01,4.432451653038831374e+00
4.216116116116116475e-01,4.435788124819592504e+00
4.207207207207207533e-01,4.438249084709515735e+00
4.198298298298298592e-01,4.441993551527184003e+00
4.189389389389389651e-01,4.445986329223483580e+00
4.180480480480480709e-01,4.450662050123331603e+00
4.171571571571571768e-01,4.455425820086163391e+00
4.162662662662662827e-01,4.461274727899095183e+00
4.153753753753753886e-01,4.462799289026101235e+00
4.144844844844844944e-01,4.465111745033253143e+00
4.135935935935936003e-01,4.470614946767731190e+00
4.127027027027027062e-01,4.472988669791200245e+00
4.118118118118118121e-01,4.475022809540731394e+00
4.109209209209209179e-01,4.478852107029791974e+00
4.100300300300300238e-01,4.485891137884784996e+00
4.091391391391391297e-01,4.488894708736084205e+00
4.082482482482482355e-01,4.491307504324041133e+00
4.073573573573573414e-01,4.494126049790494903e+00
4.064664664664664473e-01,4.500500984732825671e+00
4.055755755755755532e-01,4.503605328189459911e+00
4.046846846846846590e-01,4.510352986634193151e+00
4.037937937937937649e-01,4.511502748561633247e+00
4.029029029029028708e-01,4.514295650007835725e+00
4.020120120120119767e-01,4.517838747361103913e+00
4.011211211211210825e-01,4.521344280741640631e+00
4.002302302302301884e-01,4.527773362505532972e+00
3.993393393393392943e-01,4.533954448002727844e+00
3.984484484484484001e-01,4.537156081523873397e+00
3.975575575575575060e-01,4.540633856958047332e+00
3.966666666666667229e-01,4.541941629860498431e+00
3.957757757757758288e-01,4.545959149487791784e+00
3.948848848848849347e-01,4.550356410464210910e+00
3.939939939939940405e-01,4.553208125561877040e+00
3.931031031031031464e-01,4.554256167993917082e+00
3.922122122122122523e-01,4.556296408846751689e+00
3.913213213213213582e-01,4.562814879158197279e+00
3.904304304304304640e-01,4.567207238580063944e+00
3.895395395395395699e-01,4.570046682646990988e+00
3.886486486486486758e-01,4.574810045178030471e+00
3.877577577577577816e-01,4.579105676938461933e+00
3.868668668668668875e-01,4.584423683425798757e+00
3.859759759759759934e-01,4.587092174711346892e+00
3.850850850850850993e-01,4.588151368255684481e+00
3.841941941941942051e-01,4.589981151999031894e+00
3.833033033033033110e-01,4.592823228094966126e+00
3.824124124124124169e-01,4.597778875693758316e+00
3.815215215215215228e-01,4.601944018757400556e+00
3.806306306306306286e-01,4.605281720737504081e+00
3.797397397397397345e-01,4.607594419732999214e+00
3.788488488488488404e-01,4.610143151719716670e+00
3.779579579579579462e-01,4.613984816421659474e+00
3.770670670670670521e-01,4.615227429570322393e+00
3.761761761761761580e-01,4.618285710344900430e+00
3.752852852852852639e-01,4.620538314692464787e+00
3.743943943943943697e-01,4.622278955358853025e+00
3.735035035035034756e-01,4.623945108185819386e+00
3.726126126126125815e-01,4.627694552717375842e+00
3.717217217217216874e-01,4.630280896123219136e+00
3.708308308308307932e-01,4.639295149062334644e+00
3.699399399399398991e-01,4.641978198572487280e+00
3.690490490490490050e-01,4.644826811750355056e+00
3.681581581581581109e-01,4.646683033396275420e+00
3.672672672672672167e-01,4.651872242585261219e+00
3.663763763763764336e-01,4.654730759850750133e+00
3.654854854854855395e-01,4.658440524409455996e+00
3.645945945945946454e-01,4.660506903213689434e+00
3.637037037037037512e-01,4.661768848137738175e+00
3.628128128128128571e-01,4.664746055583805173e+00
3.619219219219219630e-01,4.665532608651383306e+00
3.610310310310310689e-01,4.667593010405840737e+00
3.601401401401401747e-01,4.669011931575608010e+00
3.592492492492492806e-01,4.670331500269394809e+00
3.583583583583583865e-01,4.672764315558755044e+00
3.574674674674674923e-01,4.675877670989732060e+00
3.565765765765765982e-01,4.679143530611795221e+00
3.556856856856857041e-01,4.680633679035182126e+00
3.547947947947948100e-01,4.681567627778035146e+00
3.539039039039039158e-01,4.685350429056579280e+00
3.530130130130130217e-01,4.689543323344809167e+00
3.521221221221221276e-01,4.691108641775008969e+00
3.512312312312312335e-01,4.695534095967580868e+00
3.503403403403403393e-01,4.699382081338548289e+00
3.494494494494494452e-01,4.705539840910210714e+00
3.485585585585585511e-01,4.706930509218242520e+00
3.476676676676676569e-01,4.708137084199121247e+00
3.467767767767767628e-01,4.710461405288664416e+00
3.458858858858858687e-01,4.714082954784656110e+00
3.449949949949949746e-01,4.721527986422489498e+00
3.441041041041040804e-01,4.726745863618263321e+00
3.432132132132131863e-01,4.728510253470862956e+00
3.423223223223222922e-01,4.729165496625444831e+00
3.414314314314313981e-01,4.735732058423638868e+00
3.405405405405405039e-01,4.740497377969890458e+00
3.396496496496496098e-01,4.742549193132153285e+00
3.387587587587587157e-01,4.745944462515750750e+00
3.378678678678678216e-01,4.748815588126023890e+00
3.369769769769769274e-01,4.753919043157798896e+00
3.360860860860861443e-01,4.758920750914631626e+00
3.351951951951952502e-01,4.761169074957603442e+00
3.343043043043043561e-01,4.766481759438043753e+00
3.334134134134134619e-01,4.768516059670593776e+00
3.325225225225225678e-01,4.776779425239323196e+00
3.316316316316316737e-01,4.780284276054381110e+00
3.307407407407407796e-01,4.783319071734078776e+00
3.298498498498498854e-01,4.784303676666040950e+00
3.289589589589589913e-01,4.789292889014158838e+00
3.280680680680680972e-01,4.793605080447975730e+00
3.271771771771772030e-01,4.799227599928655330e+00
3.262862862862863089e-01,4.802141992383088365e+00
3.253953953953954148e-01,4.806016930174664026e+00
3.245045045045045207e-01,4.808635541374642663e+00
3.236136136136136265e-01,4.811157776346407289e+00
3.227227227227227324e-01,4.813315032800730364e+00
3.218318318318318383e-01,4.817534546906478532e+00
3.209409409409409442e-01,4.818575141802379669e+00
3.200500500500500500e-01,4.819981596413488667e+00
3.191591591591591559e-01,4.823659813854857425e+00
3.182682682682682618e-01,4.833095826399233630e+00
3.173773773773773677e-01,4.836982869009508690e+00
3.164864864864864735e-01,4.842501307644573316e+00
3.155955955955955794e-01,4.844357789095520062e+00
3.147047047047046853e-01,4.845615834540273781e+00
3.138138138138137911e-01,4.846166906873241587e+00
3.129229229229228970e-01,4.849306198523120948e+00
3.120320320320320029e-01,4.851998204503978229e+00
3.111411411411411088e-01,4.853706475639894435e+00
3.102502502502502146e-01,4.858802109768729949e+00
3.093593593593593205e-01,4.861858619789884095e+00
3.084684684684684264e-01,4.869062235682474871e+00
3.075775775775775323e-01,4.871390028195303756e+00
3.066866866866866381e-01,4.876726973499184048e+00
3.057957957957957440e-01,4.879983753524417267e+00
3.049049049049049609e-01,4.883015322104386158e+00
3.040140140140140668e-01,4.884761457109877192e+00
3.031231231231231726e-01,4.886505618693944619e+00
3.022322322322322785e-01,4.891072268510806786e+00
3.013413413413413844e-01,4.891583805582110145e+00
3.004504504504504903e-01,4.893249742440841210e+00
2.995595595595595961e-01,4.896330275338629967e+00
2.986686686686687020e-01,4.898035548026745900e+00
2.977777777777778079e-01,4.900678765535428916e+00
2.968868868868869138e-01,4.905010784112757705e+00
2.959959959959960196e-01,4.910119795883514549e+00
2.951051051051051255e-01,4.912738529809534960e+00
2.942142142142142314e-01,4.916107127798965415e+00
2.933233233233233372e-01,4.919167110947178401e+00
2.924324324324324431e-01,4.924699327247571645e+00
2.915415415415415490e-01,4.927841880497165761e+00
2.906506506506506549e-01,4.928264784021950007e+00
2.897597597597597607e-01,4.931288201451897280e+00
2.888688688688688666e-01,4.935999028891203011e+00
2.879779779779779725e-01,4.937381034899168242e+00
2.870870870870870784e-01,4.942776804861521711e+00
2.861961961961961842e-01,4.949665606342584567e+00
2.853053053053052901e-01,4.959656625913829942e+00
2.844144144144143960e-01,4.966218081060987721e+00
2.835235235235235018e-01,4.972987579132999159e+00
2.826326326326326077e-01,4.975341672210995547e+00
2.817417417417417136e-01,4.979645203522204078e+00
2.808508508508508195e-01,4.981658481860737453e+00
2.799599599599599253e-01,4.986417376886604913e+00
2.790690690690690312e-01,4.988189257218812678e+00
2.781781781781781371e-01,4.991978536966731994e+00
2.772872872872872430e-01,4.994363384359004954e+00
2.763963963963963488e-01,4.997021958052255464e+00
2.755055055055054547e-01,5.001243630550955110e+00
2.746146146146146716e-01,5.004806982164897278e+00
2.737237237237237775e-01,5.008834620427469630e+00
2.728328328328328833e-01,5.010862644938462118e+00
2.719419419419419892e-01,5.014704759167774029e+00
2.710510510510510951e-01,5.018404043231903700e+00
2.701601601601602010e-01,5.022419856074537670e+00
2.692692692692693068e-01,5.023976921571816412e+00
2.683783783783784127e-01,5.025776952992058177e+00
2.674874874874875186e-01,5.027785697634859829e+00
2.665965965965966245e-01,5.030738136429329543e+00
2.657057057057057303e-01,5.035005509096231791e+00
2.648148148148148362e-01,5.037856221542890367e+00
2.639239239239239421e-01,5.040119773953722238e+00
2.630330330330330479e-01,5.042630896816670649e+00
2.621421421421421538e-01,5.045904543317056401e+00
2.612512512512512597e-01,5.050832091503413501e+00
2.603603603603603656e-01,5.055830731098064135e+00
2.594694694694694714e-01,5.056685182823770219e+00
2.585785785785785773e-01,5.060414510835638424e+00
2.576876876876876832e-01,5.065021702606432363e+00
2.567967967967967891e-01,5.066739808678426549e+00
2.559059059059058949e-01,5.069257300303035230e+00
2.550150150150150008e-01,5.070396072597660009e+00
2.541241241241241067e-01,5.071982401602666002e+00
2.532332332332332125e-01,5.072424656377019225e+00
2.523423423423423184e-01,5.075929385861078558e+00
2.514514514514514243e-01,5.078591152338661985e+00
2.505605605605605302e-01,5.081129203664350058e+00
2.496696696696696360e-01,5.087319310511838388e+00
2.487787787787787419e-01,5.088789882396238085e+00
2.478878878878878478e-01,5.095183733411025706e+00
2.469969969969969537e-01,5.096144081112695012e+00
2.461061061061060595e-01,5.099402653491746484e+00
2.452152152152151654e-01,5.100813962753119490e+00
2.443243243243243823e-01,5.101775191984022406e+00
2.434334334334334882e-01,5.104865565104169889e+00
2.425425425425425940e-01,5.110565459970651148e+00
2.416516516516516999e-01,5.114738105770340937e+00
2.407607607607608058e-01,5.117215179468164621e+00
2.398698698698699117e-01,5.124720818918955700e+00
2.389789789789790175e-01,5.127981775243367402e+00
2.380880880880881234e-01,5.128542235524348847e+00
2.371971971971972293e-01,5.135537782757641168e+00
2.363063063063063352e-01,5.142189167234024971e+00
2.354154154154154410e-01,5.147495350061660702e+00
2.345245245245245469e-01,5.151085447410957308e+00
2.336336336336336528e-01,5.157427105067330153e+00
2.327427427427427586e-01,5.160161973847553263e+00
2.318518518518518645e-01,5.162906190855185429e+00
2.309609609609609704e-01,5.164332061841776067e+00
2.300700700700700763e-01,5.167007280818602943e+00
2.291791791791791821e-01,5.169494265553072232e+00
2.282882882882882880e-01,5.172810520861808037e+00
2.273973973973973939e-01,5.175162618007329129e+00
2.265065065065064998e-01,5.178112645383002643e+00
2.256156156156156056e-01,5.179319093287306330e+00
2.247247247247247115e-01,5.182828994033200409e+00
2.238338338338338174e-01,5.186455978397325417e+00
2.229429429429429232e-01,5.188383185192377844e+00
2.220520520520520291e-01,5.189810364514094942e+00
2.211611611611611350e-01,5.192840286772776537e+00
2.202702702702702409e-01,5.193864022930593016e+00
2.193793793793793467e-01,5.196566723937666055e+00
2.184884884884884526e-01,5.199748278767660103e+00
2.175975975975975585e-01,5.202665745490544502e+00
2.167067067067066644e-01,5.204809815203228496e+00
2.158158158158157702e-01,5.205941222073142249e+00
2.149249249249248761e-01,5.207208556870745575e+00
2.140340340340340930e-01,5.212459929972265371e+00
2.131431431431431989e-01,5.217499058961027281e+00
2.122522522522523047e-01,5.218845199050694994e+00
2.113613613613614106e-01,5.223273552134679143e+00
2.104704704704705165e-01,5.228938470318910348e+00
2.095795795795796224e-01,5.231025117418876214e+00
2.086886886886887282e-01,5.232997444110665697e+00
2.077977977977978341e-01,5.238463960608749304e+00
2.069069069069069400e-01,5.243486844480350406e+00
2.060160160160160459e-01,5.246483272996685265e+00
2.051251251251251517e-01,5.249026652351100886e+00
2.042342342342342576e-01,5.252607041332625570e+00
2.033433433433433635e-01,5.253711024416971576e+00
2.024524524524524693e-01,5.262958140253735095e+00
2.015615615615615752e-01,5.269079492170550161e+00
2.006706706706706811e-01,5.271027483093106092e+00
1.997797797797797870e-01,5.274492106730718888e+00
1.988888888888888928e-01,5.276471837322174174e+00
1.979979979979979987e-01,5.278282778727724001e+00
1.971071071071071046e-01,5.280168944722586133e+00
1.962162162162162105e-01,5.281564148848764795e+00
1.953253253253253163e-01,5.287651176977878897e+00
1.944344344344344222e-01,5.290735524368514575e+00
1.935435435435435281e-01,5.293590140841206271e+00
1.926526526526526339e-01,5.295980114599188049e+00
1.917617617617617398e-01,5.297427619009607902e+00
1.908708708708708457e-01,5.308561240935025793e+00
1.899799799799799516e-01,5.315275520254321151e+00
1.890890890890890574e-01,5.318809833418162825e+00
1.881981981981981633e-01,5.319556143988013019e+00
1.873073073073072692e-01,5.321258912015201403e+00
1.864164164164163751e-01,5.325316816324132674e+00
1.855255255255254809e-01,5.333189345909813639e+00
1.846346346346345868e-01,5.335196293941328882e+00
1.837437437437438037e-01,5.335784105522487941e+00
1.828528528528529096e-01,5.338431487639827999e+00
1.819619619619620154e-01,5.340810037263825194e+00
1.810710710710711213e-01,5.343808981353642906e+00
1.801801801801802272e-01,5.346372909057816258e+00
1.792892892892893331e-01,5.348859282075733468e+00
1.783983983983984389e-01,5.351145501685802941e+00
1.775075075075075448e-01,5.352857747677339795e+00
1.766166166166166507e-01,5.359490452628820734e+00
1.757257257257257566e-01,5.363001110004495864e+00
1.748348348348348624e-01,5.364329165954693224e+00
1.739439439439439683e-01,5.366750035633079285e+00
1.730530530530530742e-01,5.371255411863261386e+00
1.721621621621621800e-01,5.375370794407861474e+00
1.712712712712712859e-01,5.376053265610491572e+00
1.703803803803803918e-01,5.378461305851350183e+00
1.694894894894894977e-01,5.382931506714869307e+00
1.685985985985986035e-01,5.387314896608256909e+00
1.677077077077077094e-01,5.388450285587474298e+00
1.668168168168168153e-01,5.392520845755486292e+00
1.659259259259259212e-01,5.395129426673046957e+00
1.650350350350350270e-01,5.399374677255781130e+00
1.641441441441441329e-01,5.400904440320935862e+00
1.632532532532532388e-01,5.403111224060131335e+00
1.623623623623623446e-01,5.409079452614128591e+00
1.614714714714714505e-01,5.412605678462100833e+00
1.605805805805805564e-01,5.416345337761152123e+00
1.596896896896896623e-01,5.418718038267548387e+00
1.587987987987987681e-01,5.423064173714465142e+00
1.579079079079078740e-01,5.424397554558889389e+00
1.570170170170169799e-01,5.427162838810085432e+00
1.561261261261260858e-01,5.429962007443669414e+00
1.552352352352351916e-01,5.430827457951793669e+00
1.543443443443442975e-01,5.433560178324793100e+00
1.534534534534535144e-01,5.436589060618700842e+00
1.525625625625626203e-01,5.439005411743708329e+00
1.516716716716717261e-01,5.443664700613568108e+00
1.507807807807808320e-01,5.445538656031560620e+00
1.498898898898899379e-01,5.450070601697660777e+00
1.489989989989990438e-01,5.451219919072245013e+00
1.481081081081081496e-01,5.455077838066331175e+00
1.472172172172172555e-01,5.456973820436462397e+00
1.463263263263263614e-01,5.458986014816945342e+00
1.454354354354354673e-01,5.461203991649485445e+00
1.445445445445445731e-01,5.463694328180915605e+00
1.436536536536536790e-01,5.471833722779827269e+00
1.427627627627627849e-01,5.482271528318820586e+00
1.418718718718718907e-01,5.486004918312779921e+00
1.409809809809809966e-01,5.489338057471239374e+00
1.400900900900901025e-01,5.492132588828188666e+00
1.391991991991992084e-01,5.492915429873939992e+00
1.383083083083083142e-01,5.494564430560556545e+00
1.374174174174174201e-01,5.496244219799076625e+00
1.365265265265265260e-01,5.497722448525795613e+00
1.356356356356356319e-01,5.500144743484699283e+00
1.347447447447447377e-01,5.503067160870224406e+00
1.338538538538538436e-01,5.504019046183350028e+00
1.329629629629629495e-01,5.508761890812505335e+00
1.320720720720720553e-01,5.509301916649407715e+00
1.311811811811811612e-01,5.512624905132882169e+00
1.302902902902902671e-01,5.516346965274727232e+00
1.293993993993993730e-01,5.520302805542710800e+00
1.285085085085084788e-01,5.522110409667028819e+00
1.276176176176175847e-01,5.524948723037915954e+00
1.267267267267266906e-01,5.527830137170473890e+00
1.258358358358357965e-01,5.529848922006474155e+00
1.249449449449449023e-01,5.532632000948241036e+00
1.240540540540540082e-01,5.537795045972123020e+00
1.231631631631632251e-01,5.542377003538850211e+00
1.222722722722723310e-01,5.545014377919168069e+00
1.213813813813814368e-01,5.551227707916499554e+00
1.204904904904905427e-01,5.552233660082267264e+00
1.195995995995996486e-01,5.555241456678396084e+00
1.187087087087087545e-01,5.556403668943456609e+00
1.178178178178178603e-01,5.558890035185082290e+00
1.169269269269269662e-01,5.560420484641268146e+00
1.160360360360360721e-01,5.561558066024894664e+00
1.151451451451451780e-01,5.567509790851994822e+00
1.142542542542542838e-01,5.568667645059992566e+00
1.133633633633633897e-01,5.571027651592866725e+00
1.124724724724724956e-01,5.574824963895862240e+00
1.115815815815816014e-01,5.577180788752479579e+00
1.106906906906907073e-01,5.579839584754656023e+00
1.097997997997998132e-01,5.582390542966438218e+00
1.089089089089089191e-01,5.585469758495203330e+00
1.080180180180180249e-01,5.588294587491136056e+00
1.071271271271271308e-01,5.592645394667475678e+00
1.062362362362362367e-01,5.593785404861526089e+00
1.053453453453453426e-01,5.596037796766974104e+00
1.044544544544544484e-01,5.597741336767801279e+00
1.035635635635635543e-01,5.601102884699628248e+00
1.026726726726726602e-01,5.604243501723255250e+00
1.017817817817817660e-01,5.608505473425728027e+00
1.008908908908908719e-01,5.611083658948487596e+00
1.000000000000000056e-01,5.612234721636024659e+00
