9.899999999999999911e-01,2.842920465674469432e-01
9.891091091091090970e-01,3.099414975038800590e-01
9.882182182182182029e-01,3.380922924967617038e-01
9.873273273273273087e-01,3.778505732333877765e-01
9.864364364364364146e-01,4.029192139888151392e-01
9.855455455455455205e-01,4.224384193519848396e-01
9.846546546546546264e-01,4.561674198723034701e-01
9.837637637637637322e-01,4.997071656458509925e-01
9.828728728728728381e-01,5.220154213225846052e-01
9.819819819819819440e-01,5.485550968223905643e-01
9.810910910910910498e-01,5.733994407766753731e-01
9.802002002002001557e-01,5.845252909640521466e-01
9.793093093093092616e-01,6.202286632197958616e-01
9.784184184184183675e-01,6.473322944912609511e-01
9.775275275275274733e-01,6.758328220402454178e-01
9.766366366366365792e-01,7.041810124484293443e-01
9.757457457457456851e-01,7.410129361920092528e-01
9.748548548548547910e-01,7.757742862567242881e-01
9.739639639639640079e-01,8.070714451436907799e-01
9.730730730730731137e-01,8.388036997870579325e-01
9.721821821821822196e-01,8.748344651272359496e-01
9.712912912912913255e-01,9.057408443858047109e-01
9.704004004004004313e-01,9.400854496338221233e-01
9.695095095095095372e-01,9.882044189965767389e-01
9.686186186186186431e-01,1.014692814332418758e+00
9.677277277277277490e-01,1.041570721706476910e+00
9.668368368368368548e-01,1.076735236608593382e+00
9.659459459459459607e-01,1.101643313679215419e+00
9.650550550550550666e-01,1.144390402447445831e+00
9.641641641641641725e-01,1.178628044626605087e+00
9.632732732732732783e-01,1.208907861637220416e+00
9.623823823823823842e-01,1.237017581283838652e+00
9.614914914914914901e-01,1.268137490307062798e+00
9.606006006006005959e-01,1.285862307674138449e+00
9.597097097097097018e-01,1.317988672966897479e+00
9.588188188188188077e-01,1.354237430623286054e+00
9.579279279279279136e-01,1.377690045635685756e+00
9.570370370370370194e-01,1.404381647796784982e+00
9.561461461461461253e-01,1.432050892332179304e+00
9.552552552552552312e-01,1.450526470854025085e+00
9.543643643643643371e-01,1.480701110344090798e+00
9.534734734734734429e-01,1.520215831307162757e+00
9.525825825825825488e-01,1.546193862946046771e+00
9.516916916916916547e-01,1.591393362108680432e+00
9.508008008008007605e-01,1.620949068808673843e+00
9.499099099099098664e-01,1.652409216251216950e+00
9.490190190190189723e-01,1.678490690104845529e+00
9.481281281281280782e-01,1.720956206793326615e+00
9.472372372372371840e-01,1.742284091410701841e+00
9.463463463463462899e-01,1.782336403608201669e+00
9.454554554554553958e-01,1.805572408167434917e+00
9.445645645645646127e-01,1.840007426410968039e+00
9.436736736736737186e-01,1.865555890910122416e+00
9.427827827827828244e-01,1.898979418227964011e+00
9.418918918918919303e-01,1.924907092395842234e+00
9.410010010010010362e-01,1.965711395719844878e+00
9.401101101101101420e-01,1.984027540276795953e+00
9.392192192192192479e-01,2.037368633417746544e+00
9.383283283283283538e-01,2.078664103158340382e+00
9.374374374374374597e-01,2.133207325941530730e+00
9.365465465465465655e-01,2.199744069431187832e+00
9.356556556556556714e-01,2.264987558402434153e+00
9.347647647647647773e-01,2.374609185673549394e+00
9.338738738738738832e-01,2.432180647596094758e+00
9.329829829829829890e-01,2.533282631341986502e+00
9.320920920920920949e-01,2.605922934813548419e+00
9.312012012012012008e-01,2.714589619027901524e+00
9.303103103103103066e-01,2.775628871995495128e+00
9.294194194194194125e-01,2.855653977336237492e+00
9.285285285285285184e-01,2.924794726330615990e+00
9.276376376376376243e-01,3.017970776333623206e+00
9.267467467467467301e-01,3.092574515089117515e+00
9.258558558558558360e-01,3.174726304681974476e+00
9.249649649649649419e-01,3.259920323278784782e+00
9.240740740740740478e-01,3.346079950596884345e+00
9.231831831831831536e-01,3.403423771886442850e+00
9.222922922922922595e-01,3.459760498410803020e+00
9.214014014014013654e-01,3.526101375197703280e+00
9.205105105105104712e-01,3.592751100653520435e+00
9.196196196196195771e-01,3.675400174828290734e+00
9.187287287287286830e-01,3.741185793753940558e+00
9.178378378378377889e-01,3.801632732284724092e+00
9.169469469469468947e-01,3.864186833920566055e+00
9.160560560560560006e-01,3.925226421413060773e+00
9.151651651651651065e-01,3.997511987063557815e+00
9.142742742742742124e-01,4.046224140479838915e+00
9.133833833833833182e-01,4.128661147261960984e+00
9.124924924924924241e-01,4.190970912991705433e+00
9.116016016016016410e-01,4.242360423589940588e+00
9.107107107107107469e-01,4.307384034990457522e+00
9.098198198198198527e-01,4.346296709332180264e+00
9.089289289289289586e-01,4.421689463081260207e+00
9.080380380380380645e-01,4.514343891376381812e+00
9.071471471471471704e-01,4.581577127421989637e+00
9.062562562562562762e-01,4.639523574629851765e+00
9.053653653653653821e-01,4.684658033828810630e+00
9.044744744744744880e-01,4.761654015426223019e+00
9.035835835835835939e-01,4.796621250664525604e+00
9.026926926926926997e-01,4.855277270636092268e+00
9.018018018018018056e-01,4.919240151211321077e+00
9.009109109109109115e-01,5.018092281545563971e+00
9.000200200200200173e-01,5.070472922430266038e+00
8.991291291291291232e-01,5.102181973820894889e+00
8.982382382382382291e-01,5.182132577575028876e+00
8.973473473473473350e-01,5.234021854005717067e+00
8.964564564564564408e-01,5.302980904085369041e+00
8.955655655655655467e-01,5.346258033220460781e+00
8.946746746746746526e-01,5.405611340685966937e+00
8.937837837837837585e-01,5.445075528945083398e+00
8.928928928928928643e-01,5.492485409790554662e+00
8.920020020020019702e-01,5.540477560716157157e+00
8.911111111111110761e-01,5.590260791337453128e+00
8.902202202202201820e-01,5.639029333042091530e+00
8.893293293293292878e-01,5.716380184346205873e+00
8.884384384384383937e-01,5.772512829494250042e+00
8.875475475475474996e-01,5.816158390753605190e+00
8.866566566566566054e-01,5.869681334628214842e+00
8.857657657657657113e-01,5.917126324552820726e+00
8.848748748748749282e-01,5.955469188550985393e+00
8.839839839839840341e-01,5.997644260928805870e+00
8.830930930930931400e-01,6.053236160899982288e+00
8.822022022022022458e-01,6.100130882871416915e+00
8.813113113113113517e-01,6.154395446099013789e+00
8.804204204204204576e-01,6.214718400245671681e+00
8.795295295295295634e-01,6.262529198860288915e+00
8.786386386386386693e-01,6.317993017724551130e+00
8.777477477477477752e-01,6.355408081878054283e+00
8.768568568568568811e-01,6.413052463677932913e+00
8.759659659659659869e-01,6.450700858052019093e+00
8.750750750750750928e-01,6.491722270383307070e+00
8.741841841841841987e-01,6.529521273443795515e+00
8.732932932932933046e-01,6.566201002490308802e+00
8.724024024024024104e-01,6.616446284149845702e+00
8.715115115115115163e-01,6.655330016036653085e+00
8.706206206206206222e-01,6.695083403369251229e+00
8.697297297297297280e-01,6.744293419878665929e+00
8.688388388388388339e-01,6.783202146749439443e+00
8.679479479479479398e-01,6.813131738283192185e+00
8.670570570570570457e-01,6.881893981172575003e+00
8.661661661661661515e-01,6.932045815053946569e+00
8.652752752752752574e-01,6.993409941570674526e+00
8.643843843843843633e-01,7.042076529441798627e+00
8.634934934934934692e-01,7.073071306487981325e+00
8.626026026026025750e-01,7.101461381358690872e+00
8.617117117117116809e-01,7.166287204892200613e+00
8.608208208208207868e-01,7.199142155434635981e+00
8.599299299299298927e-01,7.248370933891362888e+00
8.590390390390389985e-01,7.293219982961444359e+00
8.581481481481481044e-01,7.320700676384416461e+00
8.572572572572572103e-01,7.372906901402322077e+00
8.563663663663663161e-01,7.417724627062834308e+00
8.554754754754754220e-01,7.463990096187293588e+00
8.545845845845845279e-01,7.508172868255412524e+00
8.536936936936936338e-01,7.540004410500879217e+00
8.528028028028027396e-01,7.590224747362732671e+00
8.519119119119118455e-01,7.621423167628698536e+00
8.510210210210209514e-01,7.670948059985326140e+00
8.501301301301300573e-01,7.722785619644994881e+00
8.492392392392392741e-01,7.759551818583797278e+00
8.483483483483483800e-01,7.811797430678621090e+00
8.474574574574574859e-01,7.857703685520780468e+00
8.465665665665665918e-01,7.896295368973858864e+00
8.456756756756756976e-01,7.941132002605216123e+00
8.447847847847848035e-01,7.999486135213237148e+00
8.438938938938939094e-01,8.054956525384612931e+00
8.430030030030030153e-01,8.093345788524446860e+00
8.421121121121121211e-01,8.142400345851758203e+00
8.412212212212212270e-01,8.191203414679405270e+00
8.403303303303303329e-01,8.246212358996933389e+00
8.394394394394394388e-01,8.301573344038382984e+00
8.385485485485485446e-01,8.360938491894605917e+00
8.376576576576576505e-01,8.426330020064604298e+00
8.367667667667667564e-01,8.477639985980005122e+00
8.358758758758758622e-01,8.539943878805098976e+00
8.349849849849849681e-01,8.584385945743409962e+00
8.340940940940940740e-01,8.634812706765460533e+00
8.332032032032031799e-01,8.694327085265824095e+00
8.323123123123122857e-01,8.749952828526591730e+00
8.314214214214213916e-01,8.801012822594856289e+00
8.305305305305304975e-01,8.849433378186605026e+00
8.296396396396396034e-01,8.907924948263461928e+00
8.287487487487487092e-01,8.949663644518150107e+00
8.278578578578578151e-01,9.005031513092475848e+00
8.269669669669669210e-01,9.078569966510999123e+00
8.260760760760761379e-01,9.132562586586352893e+00
8.251851851851852437e-01,9.181496784545570833e+00
8.242942942942943496e-01,9.237228379765216602e+00
8.234034034034034555e-01,9.280812612721989652e+00
8.225125125125125614e-01,9.325762668688023282e+00
8.216216216216216672e-01,9.390416709777351656e+00
8.207307307307307731e-01,9.434519251125136563e+00
8.198398398398398790e-01,9.488532799235066761e+00
8.189489489489489848e-01,9.517730119880553730e+00
8.180580580580580907e-01,9.572717197238688414e+00
8.171671671671671966e-01,9.631073379223755282e+00
8.162762762762763025e-01,9.678940365457986417e+00
8.153853853853854083e-01,9.714321066538063931e+00
8.144944944944945142e-01,9.780500457565919348e+00
8.136036036036036201e-01,9.818353314083388739e+00
8.127127127127127260e-01,9.875424396495988688e+00
8.118218218218218318e-01,9.945697994472260106e+00
8.109309309309309377e-01,9.972027310978786474e+00
8.100400400400400436e-01,1.002192669658564128e+01
8.091491491491491495e-01,1.006604851707257886e+01
8.082582582582582553e-01,1.011418839813167381e+01
8.073673673673673612e-01,1.018319264082897213e+01
8.064764764764764671e-01,1.022948437067378791e+01
8.055855855855855729e-01,1.027787396761035410e+01
8.046946946946946788e-01,1.033412472261814763e+01
8.038038038038037847e-01,1.039202981348539190e+01
8.029129129129128906e-01,1.044661294537642071e+01
8.020220220220219964e-01,1.049006605561452510e+01
8.011311311311311023e-01,1.051880248711775856e+01
8.002402402402402082e-01,1.059847952418870953e+01
7.993493493493493141e-01,1.064912910967884763e+01
7.984584584584584199e-01,1.070118431503750500e+01
7.975675675675675258e-01,1.073683551834036365e+01
7.966766766766766317e-01,1.078291099063179459e+01
7.957857857857857375e-01,1.081988243732742028e+01
7.948948948948948434e-01,1.086176066179401367e+01
7.940040040040039493e-01,1.090253600246900945e+01
7.931131131131130552e-01,1.095816532799288900e+01
7.922222222222221610e-01,1.100246649847500180e+01
7.913313313313312669e-01,1.103157020525109822e+01
7.904404404404403728e-01,1.108820691642754497e+01
7.895495495495494787e-01,1.113699791137871031e+01
7.886586586586585845e-01,1.119102599280955346e+01
7.877677677677678014e-01,1.124787413693871230e+01
7.868768768768769073e-01,1.129481143183670255e+01
7.859859859859860132e-01,1.134167979469037313e+01
7.850950950950951190e-01,1.138471885975391373e+01
7.842042042042042249e-01,1.142660532060903833e+01
7.833133133133133308e-01,1.150890019810252873e+01
7.824224224224224367e-01,1.154415641576328788e+01
7.815315315315315425e-01,1.159518548219109135e+01
7.806406406406406484e-01,1.165120210894848185e+01
7.797497497497497543e-01,1.172347330436672053e+01
7.788588588588588602e-01,1.175516466613037103e+01
7.779679679679679660e-01,1.180348319477776720e+01
7.770770770770770719e-01,1.185618024169647988e+01
7.761861861861861778e-01,1.190398686322729027e+01
7.752952952952952836e-01,1.194214735543848604e+01
7.744044044044043895e-01,1.199235492670722003e+01
7.735135135135134954e-01,1.203969014049770259e+01
7.726226226226226013e-01,1.209812926920079512e+01
7.717317317317317071e-01,1.214207696095799527e+01
7.708408408408408130e-01,1.220991066301409766e+01
7.699499499499499189e-01,1.230424313493434596e+01
7.690590590590590248e-01,1.236324177777690458e+01
7.681681681681681306e-01,1.241686169297695308e+01
7.672772772772772365e-01,1.247565739295075105e+01
7.663863863863863424e-01,1.252505226941801553e+01
7.654954954954955593e-01,1.259019242503437219e+01
7.646046046046046651e-01,1.269154880088530390e+01
7.637137137137137710e-01,1.284095053074361026e+01
7.628228228228228769e-01,1.291387871805931553e+01
7.619319319319319828e-01,1.306941232297168831e+01
7.610410410410410886e-01,1.318464516031430023e+01
7.601501501501501945e-01,1.326051171403134177e+01
7.592592592592593004e-01,1.337688766422487952e+01
7.583683683683684063e-01,1.354255615073530805e+01
7.574774774774775121e-01,1.367175328176494631e+01
7.565865865865866180e-01,1.382155526872677420e+01
7.556956956956957239e-01,1.393072171812745630e+01
7.548048048048048297e-01,1.398384076788457797e+01
7.539139139139139356e-01,1.414450960190922402e+01
7.530230230230230415e-01,1.429083582230852834e+01
7.521321321321321474e-01,1.438048597527054362e+01
7.512412412412412532e-01,1.447023283730986698e+01
7.503503503503503591e-01,1.458427140331437677e+01
7.494594594594594650e-01,1.469692082976958858e+01
7.485685685685685709e-01,1.481281654194681607e+01
7.476776776776776767e-01,1.489808960118144476e+01
7.467867867867867826e-01,1.505452656438725612e+01
7.458958958958958885e-01,1.516169702409115239e+01
7.450050050050049943e-01,1.524923974118991588e+01
7.441141141141141002e-01,1.538655146179916144e+01
7.432232232232232061e-01,1.549274787618208116e+01
7.423323323323323120e-01,1.562292427845347298e+01
7.414414414414414178e-01,1.577914871879822556e+01
7.405505505505505237e-01,1.588564476937515479e+01
7.396596596596596296e-01,1.599042231436329686e+01
7.387687687687687355e-01,1.609021360645792598e+01
7.378778778778778413e-01,1.621314014478413412e+01
7.369869869869869472e-01,1.634085020139677624e+01
7.360960960960960531e-01,1.647015320065579402e+01
7.352052052052051589e-01,1.657676214124314384e+01
7.343143143143142648e-01,1.667499275707091044e+01
7.334234234234233707e-01,1.682012745049793168e+01
7.325325325325324766e-01,1.692543184874229922e+01
7.316416416416415824e-01,1.699788505844690079e+01
7.307507507507506883e-01,1.710760064367901734e+01
7.298598598598597942e-01,1.720401746602433946e+01
7.289689689689689001e-01,1.726525245174573442e+01
7.280780780780780059e-01,1.736822445077072175e+01
7.271871871871871118e-01,1.744892373696932353e+01
7.262962962962962177e-01,1.751007027553358952e+01
7.254054054054053235e-01,1.758798792855391468e+01
7.245145145145144294e-01,1.770438674830639414e+01
7.236236236236236463e-01,1.781112785740286242e+01
7.227327327327327522e-01,1.795745587926460729e+01
7.218418418418418581e-01,1.809956799991291732e+01
7.209509509509509639e-01,1.818912079974786167e+01
7.200600600600600698e-01,1.829216721779922139e+01
7.191691691691691757e-01,1.841081962518963877e+01
7.182782782782782816e-01,1.850915880571534800e+01
7.173873873873873874e-01,1.864374266715462625e+01
7.164964964964964933e-01,1.880350762687010757e+01
7.156056056056055992e-01,1.889847568896020036e+01
7.147147147147147050e-01,1.897595744555531638e+01
7.138238238238238109e-01,1.911646033635315689e+01
7.129329329329329168e-01,1.919296343713988762e+01
7.120420420420420227e-01,1.927901358894339268e+01
7.111511511511511285e-01,1.940132563055220061e+01
7.102602602602602344e-01,1.952079456415957992e+01
7.093693693693693403e-01,1.965115896413421837e+01
7.084784784784785572e-01,1.977140301407768774e+01
7.075875875875876631e-01,1.991973232270528626e+01
7.066966966966967689e-01,2.002797993632701079e+01
7.058058058058058748e-01,2.012074046716407594e+01
7.049149149149149807e-01,2.022198289207460320e+01
7.040240240240240865e-01,2.031202963856253874e+01
7.031331331331331924e-01,2.042150393064757097e+01
7.022422422422422983e-01,2.051174297646233669e+01
7.013513513513514042e-01,2.060145667801991465e+01
7.004604604604605100e-01,2.068323245767345497e+01
6.995695695695696159e-01,2.078862127742486621e+01
6.986786786786787218e-01,2.088015746083523183e+01
6.977877877877878277e-01,2.097913202882228134e+01
6.968968968968969335e-01,2.111334209672969919e+01
6.960060060060060394e-01,2.121972383101503468e+01
6.951151151151151453e-01,2.133503098370247031e+01
6.942242242242242511e-01,2.145500306935439028e+01
6.933333333333333570e-01,2.153811126874657944e+01
6.924424424424424629e-01,2.161379492433881566e+01
6.915515515515515688e-01,2.168478199087055103e+01
6.906606606606606746e-01,2.177677671902264578e+01
6.897697697697697805e-01,2.185973754862071416e+01
6.888788788788788864e-01,2.200592252197268905e+01
6.879879879879879923e-01,2.216935994842772573e+01
6.870970970970970981e-01,2.228812170083383037e+01
6.862062062062062040e-01,2.241171287503276943e+01
6.853153153153153099e-01,2.249825356982984914e+01
6.844244244244244157e-01,2.258821964514191549e+01
6.835335335335335216e-01,2.266884848325411639e+01
6.826426426426426275e-01,2.277312497659692525e+01
6.817517517517517334e-01,2.283974168379155856e+01
6.808608608608608392e-01,2.298744950220907768e+01
6.799699699699699451e-01,2.309217587021365503e+01
6.790790790790790510e-01,2.319958343002701540e+01
6.781881881881881569e-01,2.334149580370353050e+01
6.772972972972972627e-01,2.342911569004574801e+01
6.764064064064063686e-01,2.350650890333597332e+01
6.755155155155154745e-01,2.356269221567159278e+01
6.746246246246245803e-01,2.365426104113305072e+01
6.737337337337336862e-01,2.373082651769247775e+01
6.728428428428427921e-01,2.381028670922132306e+01
6.719519519519518980e-01,2.388671229070737212e+01
6.710610610610610038e-01,2.396976748780175726e+01
6.701701701701701097e-01,2.404930141207013250e+01
6.692792792792792156e-01,2.415280920332267911e+01
6.683883883883883215e-01,2.427016894136506409e+01
6.674974974974974273e-01,2.440040184396504230e+01
6.666066066066065332e-01,2.445931906375472664e+01
6.657157157157156391e-01,2.457531099342820013e+01
6.648248248248247450e-01,2.465449524652547453e+01
6.639339339339338508e-01,2.474606137719953480e+01
6.630430430430430677e-01,2.484047891984783973e+01
6.621521521521521736e-01,2.494089125765714243e+01
6.612612612612612795e-01,2.508361634403328466e+01
6.603703703703703853e-01,2.516365512303232421e+01
6.594794794794794912e-01,2.526429137371761158e+01
6.585885885885885971e-01,2.537851425615685486e+01
6.576976976976977030e-01,2.548870494690858379e+01
6.568068068068068088e-01,2.558564946319928879e+01
6.559159159159159147e-01,2.563817463255658069e+01
6.550250250250250206e-01,2.571869024448114516e+01
6.541341341341341264e-01,2.582772820421529758e+01
6.532432432432432323e-01,2.592926754914327603e+01
6.523523523523523382e-01,2.601820577555182012e+01
6.514614614614614441e-01,2.610219364038709244e+01
6.505705705705705499e-01,2.622170078392887049e+01
6.496796796796796558e-01,2.631236012537725699e+01
6.487887887887887617e-01,2.643492082226703843e+01
6.478978978978978676e-01,2.652710435078263629e+01
6.470070070070070845e-01,2.661416286328165626e+01
6.461161161161161903e-01,2.669221866617966299e+01
6.452252252252252962e-01,2.678300163194167638e+01
6.443343343343344021e-01,2.688877073359418901e+01
6.434434434434435079e-01,2.702642448219916105e+01
6.425525525525526138e-01,2.713407312291590756e+01
6.416616616616617197e-01,2.724329974770554230e+01
6.407707707707708256e-01,2.733446489066905372e+01
6.398798798798799314e-01,2.744381474647673258e+01
6.389889889889890373e-01,2.759120042546936347e+01
6.380980980980981432e-01,2.766356855542764492e+01
6.372072072072072491e-01,2.778352504967692838e+01
6.363163163163163549e-01,2.786595407198071328e+01
6.354254254254254608e-01,2.795360245232523155e+01
6.345345345345345667e-01,2.809616257229982139e+01
6.336436436436436725e-01,2.816198434078348356e+01
6.327527527527527784e-01,2.827844004896683217e+01
6.318618618618618843e-01,2.836571132846506060e+01
6.309709709709709902e-01,2.845362933182451215e+01
6.300800800800800960e-01,2.856929213115778765e+01
6.291891891891892019e-01,2.867013049970926986e+01
6.282982982982983078e-01,2.878004029541359543e+01
6.274074074074074137e-01,2.884963721116376689e+01
6.265165165165165195e-01,2.901105420562826254e+01
6.256256256256256254e-01,2.911071208601572735e+01
6.247347347347347313e-01,2.917705670514999738e+01
6.238438438438438371e-01,2.927193115039418814e+01
6.229529529529529430e-01,2.937332344959886399e+01
6.220620620620620489e-01,2.952053787911496130e+01
6.211711711711711548e-01,2.970351253101576106e+01
6.202802802802802606e-01,2.981647099338175977e+01
6.193893893893893665e-01,2.991306546559048485e+01
6.184984984984984724e-01,3.003622994470856966e+01
6.176076076076075783e-01,3.014128330910686060e+01
6.167167167167166841e-01,3.027004310716594304e+01
6.158258258258257900e-01,3.038312851758830746e+01
6.149349349349348959e-01,3.045162616121954358e+01
6.140440440440440018e-01,3.056957882370232582e+01
6.131531531531531076e-01,3.062967748426441972e+01
6.122622622622622135e-01,3.070513237450834509e+01
6.113713713713713194e-01,3.077869742383905205e+01
6.104804804804804252e-01,3.090239836327312517e+01
6.095895895895895311e-01,3.096949065718554905e+01
6.086986986986986370e-01,3.122911593256603879e+01
6.078078078078077429e-01,3.131609341847197925e+01
6.069169169169168487e-01,3.145462791535371849e+01
6.060260260260259546e-01,3.157722177930590490e+01
6.051351351351350605e-01,3.168508998776673735e+01
6.042442442442441664e-01,3.180265997621125251e+01
6.033533533533532722e-01,3.186854379283304795e+01
6.024624624624623781e-01,3.195973575471396089e+01
6.015715715715715950e-01,3.203817118527334884e+01
6.006806806806807009e-01,3.212445748752931252e+01
5.997897897897898067e-01,3.226310545837955601e+01
5.988988988988989126e-01,3.240499940384233213e+01
5.980080080080080185e-01,3.246347646072238291e+01
5.971171171171171244e-01,3.255225941124063382e+01
5.962262262262262302e-01,3.265768857470554565e+01
5.953353353353353361e-01,3.273395312594229267e+01
5.944444444444444420e-01,3.285296776443026090e+01
5.935535535535535479e-01,3.293524162587515036e+01
5.926626626626626537e-01,3.301972089774473318e+01
5.917717717717717596e-01,3.307838125107218730e+01
5.908808808808808655e-01,3.315721382601937961e+01
5.899899899899899713e-01,3.328113759350507195e+01
5.890990990990990772e-01,3.334538242225454496e+01
5.882082082082081831e-01,3.344581067324970292e+01
5.873173173173172890e-01,3.350903381488125632e+01
5.864264264264265059e-01,3.360894882421996499e+01
5.855355355355356117e-01,3.370491437706368032e+01
5.846446446446447176e-01,3.382579560833590193e+01
5.837537537537538235e-01,3.392242958237329731e+01
5.828628628628629293e-01,3.402322722392826648e+01
5.819719719719720352e-01,3.413400363537751048e+01
5.810810810810811411e-01,3.426532632855081317e+01
5.801901901901902470e-01,3.438275528572462747e+01
5.792992992992993528e-01,3.446611074772136618e+01
5.784084084084084587e-01,3.459512825057539942e+01
5.775175175175175646e-01,3.471987688425407725e+01
5.766266266266266705e-01,3.480453078835749636e+01
5.757357357357357763e-01,3.495484632806088143e+01
5.748448448448448822e-01,3.504905105216760575e+01
5.739539539539539881e-01,3.513783274998299788e+01
5.730630630630630939e-01,3.523103461606298481e+01
5.721721721721721998e-01,3.532454417079684106e+01
5.712812812812813057e-01,3.544951183474087486e+01
5.703903903903904116e-01,3.555302974243117831e+01
5.694994994994995174e-01,3.565710371848243199e+01
5.686086086086086233e-01,3.575064246263001166e+01
5.677177177177177292e-01,3.585550732956405540e+01
5.668268268268268351e-01,3.596408364453947826e+01
5.659359359359359409e-01,3.606887355635120684e+01
5.650450450450450468e-01,3.623425550653770699e+01
5.641541541541541527e-01,3.630978183537941106e+01
5.632632632632632586e-01,3.639821353458675901e+01
5.623723723723723644e-01,3.649823380411894647e+01
5.614814814814814703e-01,3.660768403624679479e+01
5.605905905905905762e-01,3.668583807229808258e+01
5.596996996996996820e-01,3.676847986883469588e+01
5.588088088088087879e-01,3.683722159290794451e+01
5.579179179179178938e-01,3.695650895862423368e+01
5.570270270270269997e-01,3.704861126680734884e+01
5.561361361361361055e-01,3.713692968495161040e+01
5.552452452452452114e-01,3.721981227676418769e+01
5.543543543543543173e-01,3.733728520142434348e+01
5.534634634634634232e-01,3.742068632497218772e+01
5.525725725725725290e-01,3.755484113637703558e+01
5.516816816816816349e-01,3.763769379550416971e+01
5.507907907907907408e-01,3.775922390801264328e+01
5.498998998998998466e-01,3.785548905353682159e+01
5.490090090090089525e-01,3.793198490294778935e+01
5.481181181181180584e-01,3.799357165888417853e+01
5.472272272272271643e-01,3.806898501957004299e+01
5.463363363363362701e-01,3.817265996122817029e+01
5.454454454454453760e-01,3.830890987737806341e+01
5.445545545545544819e-01,3.843692523038813391e+01
5.436636636636635878e-01,3.853065693791450741e+01
5.427727727727726936e-01,3.862778222712598364e+01
5.418818818818817995e-01,3.873854149679954162e+01
5.409909909909910164e-01,3.886849874606365773e+01
5.401001001001001223e-01,3.894086578099929596e+01
5.392092092092092281e-01,3.904255887791199342e+01
5.383183183183183340e-01,3.912703030223460132e+01
5.374274274274274399e-01,3.930977736383302812e+01
5.365365365365365458e-01,3.942699178188917131e+01
5.356456456456456516e-01,3.955594943269343844e+01
5.347547547547547575e-01,3.965098111835796857e+01
5.338638638638638634e-01,3.976458491404196849e+01
5.329729729729729693e-01,3.981688954167749017e+01
5.320820820820820751e-01,3.991321675307072780e+01
5.311911911911911810e-01,4.005811148365821595e+01
5.303003003003002869e-01,4.011661712488238152e+01
5.294094094094093927e-01,4.020713534749219065e+01
5.285185185185184986e-01,4.034788416550304646e+01
5.276276276276276045e-01,4.042147619236818201e+01
5.267367367367367104e-01,4.051845472433975459e+01
5.258458458458459273e-01,4.062082440283326434e+01
5.249549549549550331e-01,4.071004087074092581e+01
5.240640640640641390e-01,4.080794292344066321e+01
5.231731731731732449e-01,4.090197698868506393e+01
5.222822822822823507e-01,4.099413789018466758e+01
5.213913913913914566e-01,4.112054458366151266e+01
5.205005005005005625e-01,4.116560514359326817e+01
5.196096096096096684e-01,4.129087055179975607e+01
5.187187187187187742e-01,4.138010759793051108e+01
5.178278278278278801e-01,4.148341179186748207e+01
5.169369369369369860e-01,4.158122211660052869e+01
5.160460460460460919e-01,4.172805332381379628e+01
5.151551551551551977e-01,4.181006431279168822e+01
5.142642642642643036e-01,4.188174252559901589e+01
5.133733733733734095e-01,4.195605121260381765e+01
5.124824824824825154e-01,4.204881660764679907e+01
5.115915915915916212e-01,4.214357381774198075e+01
5.107007007007007271e-01,4.222226760714431038e+01
5.098098098098098330e-01,4.230932322637436727e+01
5.089189189189189388e-01,4.240026515698927767e+01
5.080280280280280447e-01,4.248585745850108708e+01
5.071371371371371506e-01,4.256517023101607577e+01
5.062462462462462565e-01,4.265153872277912228e+01
5.053553553553553623e-01,4.274197848046208748e+01
5.044644644644644682e-01,4.282496042641182754e+01
5.035735735735735741e-01,4.288022619824569404e+01
5.026826826826826800e-01,4.294019534703941332e+01
5.017917917917917858e-01,4.303865128557261244e+01
5.009009009009008917e-01,4.312670160432774935e+01
5.000100100100099976e-01,4.322893420935060504e+01
4.991191191191191034e-01,4.332068527838377037e+01
4.982282282282282093e-01,4.344212173552892864e+01
4.973373373373373152e-01,4.357934304499033829e+01
4.964464464464464211e-01,4.371278444350644321e+01
4.955555555555555824e-01,4.381881958737518801e+01
4.946646646646646883e-01,4.389400465213016389e+01
4.937737737737737942e-01,4.400671083590773236e+01
4.928828828828829001e-01,4.407425499513865930e+01
4.919919919919920059e-01,4.418923892406870380e+01
4.911011011011011118e-01,4.428121304660790969e+01
4.902102102102102177e-01,4.436359261324547276e+01
4.893193193193192680e-01,4.442551220956424629e+01
4.884284284284283739e-01,4.448532062384587249e+01
4.875375375375375908e-01,4.459405590886512272e+01
4.866466466466466967e-01,4.469262437817650380e+01
4.857557557557558026e-01,4.477021235271142530e+01
4.848648648648649084e-01,4.487727322039386024e+01
4.839739739739740143e-01,4.497064446516891678e+01
4.830830830830831202e-01,4.506873477590403354e+01
4.821921921921922261e-01,4.515754815143949230e+01
4.813013013013013319e-01,4.524779471351077120e+01
4.804104104104104378e-01,4.533784842245201219e+01
4.795195195195195437e-01,4.541765428324033138e+01
4.786286286286286495e-01,4.548295873273081469e+01
4.777377377377377554e-01,4.561136973248327564e+01
4.768468468468468613e-01,4.573523216902515998e+01
4.759559559559559672e-01,4.581173894441972294e+01
4.750650650650650730e-01,4.596076818756500870e+01
4.741741741741741789e-01,4.608035902079856783e+01
4.732832832832832848e-01,4.616728760828684841e+01
4.723923923923923907e-01,4.626267053520314931e+01
4.715015015015014965e-01,4.636786834563796589e+01
4.706106106106106024e-01,4.647174412099968777e+01
4.697197197197197083e-01,4.653152372391294023e+01
4.688288288288288141e-01,4.663469590277952648e+01
4.679379379379379200e-01,4.676478503957303445e+01
4.670470470470470259e-01,4.684675814479975742e+01
4.661561561561561318e-01,4.690278676211421072e+01
4.652652652652652376e-01,4.701423528375303817e+01
4.643743743743743435e-01,4.709072520532021144e+01
4.634834834834834494e-01,4.716000387914548497e+01
4.625925925925925553e-01,4.725782548966110852e+01
4.617017017017016611e-01,4.735879322784213485e+01
4.608108108108107670e-01,4.742685576450848828e+01
4.599199199199198729e-01,4.753239034323228651e+01
4.590290290290289787e-01,4.761967753134133119e+01
4.581381381381380846e-01,4.769245864501158394e+01
4.572472472472473015e-01,4.778086088194321235e+01
4.563563563563564074e-01,4.788860045715955494e+01
4.554654654654655133e-01,4.804623848165868338e+01
4.545745745745746191e-01,4.810305997718466386e+01
4.536836836836837250e-01,4.818437349028266681e+01
4.527927927927928309e-01,4.829535075047685666e+01
4.519019019019019368e-01,4.839493760707416925e+01
4.510110110110110426e-01,4.850266655152876183e+01
4.501201201201201485e-01,4.858041302950467610e+01
4.492292292292292544e-01,4.870573977846855485e+01
4.483383383383383602e-01,4.878187215677688471e+01
4.474474474474474661e-01,4.884546364977129684e+01
4.465565565565565720e-01,4.896833238641661268e+01
4.456656656656656779e-01,4.906918221686061088e+01
4.447747747747747837e-01,4.916325292877292696e+01
4.438838838838838896e-01,4.925566416785495250e+01
4.429929929929929955e-01,4.934351931033914695e+01
4.421021021021021014e-01,4.942381549538147567e+01
4.412112112112112072e-01,4.948888423470280884e+01
4.403203203203203131e-01,4.959652355626116815e+01
4.394294294294294190e-01,4.966352453187613492e+01
4.385385385385385248e-01,4.973929630183448580e+01
4.376476476476476307e-01,4.984434871814722356e+01
4.367567567567567366e-01,4.994072472288645059e+01
4.358658658658658425e-01,5.004590135911664817e+01
4.349749749749749483e-01,5.012758368511271101e+01
4.340840840840840542e-01,5.020880040923224641e+01
4.331931931931931601e-01,5.028365786140617644e+01
4.323023023023022660e-01,5.037425265778134076e+01
4.314114114114113718e-01,5.046299868317884574e+01
4.305205205205204777e-01,5.061636378799767755e+01
4.296296296296295836e-01,5.070866090859791342e+01
4.287387387387386894e-01,5.079387600452111684e+01
4.278478478478477953e-01,5.088496438818037149e+01
4.269569569569570122e-01,5.096022264297085513e+01
4.260660660660661181e-01,5.104492745740270720e+01
4.251751751751752240e-01,5.114069895486891681e+01
4.242842842842843298e-01,5.124904548689996631e+01
4.233933933933934357e-01,5.131763726850674345e+01
4.225025025025025416e-01,5.139651391476176201e+01
4.216116116116116475e-01,5.150230309744059554e+01
4.207207207207207533e-01,5.157184373274751010e+01
4.198298298298298592e-01,5.164411443283607639e+01
4.189389389389389651e-01,5.174062910208007793e+01
4.180480480480480709e-01,5.184061947544572746e+01
4.171571571571571768e-01,5.195714954117561035e+01
4.162662662662662827e-01,5.207335289252414157e+01
4.153753753753753886e-01,5.216134698160766447e+01
4.144844844844844944e-01,5.226763956334025352e+01
4.135935935935936003e-01,5.234082596825216172e+01
4.127027027027027062e-01,5.242085265066591404e+01
4.118118118118118121e-01,5.247495251431941909e+01
4.109209209209209179e-01,5.260832817227082359e+01
4.100300300300300238e-01,5.267923497192910531e+01
4.091391391391391297e-01,5.277456404877231932e+01
4.082482482482482355e-01,5.287254632601107573e+01
4.073573573573573414e-01,5.296803427895648042e+01
4.064664664664664473e-01,5.306877060892070119e+01
4.055755755755755532e-01,5.321387246645534930e+01
4.046846846846846590e-01,5.332198303663093952e+01
4.037937937937937649e-01,5.342001286354422973e+01
4.029029029029028708e-01,5.348971105720104191e+01
4.020120120120119767e-01,5.355981286332166746e+01
4.011211211211210825e-01,5.363737753929980556e+01
4.002302302302301884e-01,5.376126291910703259e+01
3.993393393393392943e-01,5.381879058216649270e+01
3.984484484484484001e-01,5.393792933226174569e+01
3.975575575575575060e-01,5.403877499991325806e+01
3.966666666666667229e-01,5.410629276413631317e+01
3.957757757757758288e-01,5.418054574143096147e+01
3.948848848848849347e-01,5.430718429271269798e+01
3.939939939939940405e-01,5.439530039336990797e+01
3.931031031031031464e-01,5.448902631248264328e+01
3.922122122122122523e-01,5.457714884073020301e+01
3.913213213213213582e-01,5.467399340400066166e+01
3.904304304304304640e-01,5.474454522576019144e+01
3.895395395395395699e-01,5.481130366357735539e+01
3.886486486486486758e-01,5.493697466641069838e+01
3.877577577577577816e-01,5.497977537005498760e+01
3.868668668668668875e-01,5.508364919115530256e+01
3.859759759759759934e-01,5.517283175685606267e+01
3.850850850850850993e-01,5.525506029826401289e+01
3.841941941941942051e-01,5.533613506204180510e+01
3.833033033033033110e-01,5.541122564768137693e+01
3.824124124124124169e-01,5.546306188765286294e+01
3.815215215215215228e-01,5.555753117588543688e+01
3.806306306306306286e-01,5.566293936429224232e+01
3.797397397397397345e-01,5.573303942028000080e+01
3.788488488488488404e-01,5.582193270570351729e+01
3.779579579579579462e-01,5.589622928014809844e+01
3.770670670670670521e-01,5.598679661504731797e+01
3.761761761761761580e-01,5.608525964797096464e+01
3.752852852852852639e-01,5.615354553303561147e+01
3.743943943943943697e-01,5.622348087958966545e+01
3.735035035035034756e-01,5.630487963448770472e+01
3.726126126126125815e-01,5.640559432732599987e+01
3.717217217217216874e-01,5.649184527751303619e+01
3.708308308308307932e-01,5.663043969670771105e+01
3.699399399399398991e-01,5.676030742474311808e+01
3.690490490490490050e-01,5.683577657767192193e+01
3.681581581581581109e-01,5.694877461349979342e+01
3.672672672672672167e-01,5.700853183704465010e+01
3.663763763763764336e-01,5.708374975538654894e+01
3.654854854854855395e-01,5.717990637065582860e+01
3.645945945945946454e-01,5.730910230474900402e+01
3.637037037037037512e-01,5.740343607833177941e+01
3.628128128128128571e-01,5.748087686237067118e+01
3.619219219219219630e-01,5.758490622590770869e+01
3.610310310310310689e-01,5.767969128920523758e+01
3.601401401401401747e-01,5.775821146380246773e+01
3.592492492492492806e-01,5.784790095653236364e+01
3.583583583583583865e-01,5.792798689131162604e+01
3.574674674674674923e-01,5.803136881844151418e+01
3.565765765765765982e-01,5.811407446181755887e+01
3.556856856856857041e-01,5.821520966883072390e+01
3.547947947947948100e-01,5.835046258298647359e+01
3.539039039039039158e-01,5.840375231390750344e+01
3.530130130130130217e-01,5.847885856768318291e+01
3.521221221221221276e-01,5.857392755880984936e+01
3.512312312312312335e-01,5.865605189922277418e+01
3.503403403403403393e-01,5.877149005143842686e+01
3.494494494494494452e-01,5.893888595809186626e+01
3.485585585585585511e-01,5.903685346202974671e+01
3.476676676676676569e-01,5.912437090242524818e+01
3.467767767767767628e-01,5.922468126358419482e+01
3.458858858858858687e-01,5.930006994998104375e+01
3.449949949949949746e-01,5.940265873638494298e+01
3.441041041041040804e-01,5.947427522361397934e+01
3.432132132132131863e-01,5.956048343488520658e+01
3.423223223223222922e-01,5.962801718357670921e+01
3.414314314314313981e-01,5.972890177597945183e+01
3.405405405405405039e-01,5.981719049660929244e+01
3.396496496496496098e-01,5.990397658452992857e+01
3.387587587587587157e-01,5.998945263280820228e+01
3.378678678678678216e-01,6.007557232092270283e+01
3.369769769769769274e-01,6.022822565075743029e+01
3.360860860860861443e-01,6.032409946397608991e+01
3.351951951951952502e-01,6.040690694433894237e+01
3.343043043043043561e-01,6.049249414727674434e+01
3.334134134134134619e-01,6.061005496691931427e+01
3.325225225225225678e-01,6.069988123976786198e+01
3.316316316316316737e-01,6.079151501781772282e+01
3.307407407407407796e-01,6.085676790644154011e+01
3.298498498498498854e-01,6.094494537693236680e+01
3.289589589589589913e-01,6.104571745541455385e+01
3.280680680680680972e-01,6.113661625570195923e+01
3.271771771771772030e-01,6.124136511195604271e+01
3.262862862862863089e-01,6.135156612336402304e+01
3.253953953953954148e-01,6.145559118068144500e+01
3.245045045045045207e-01,6.155111129119244140e+01
3.236136136136136265e-01,6.162330401005363711e+01
3.227227227227227324e-01,6.170285869212828089e+01
3.218318318318318383e-01,6.183842590018258534e+01
3.209409409409409442e-01,6.191718113356174769e+01
3.200500500500500500e-01,6.196867779225667761e+01
3.191591591591591559e-01,6.205700563507721768e+01
3.182682682682682618e-01,6.214458846929987601e+01
3.173773773773773677e-01,6.224166457516919593e+01
3.164864864864864735e-01,6.232342532685380831e+01
3.155955955955955794e-01,6.241897326979930938e+01
3.147047047047046853e-01,6.248702950106973475e+01
3.138138138138137911e-01,6.255851312604612957e+01
3.129229229229228970e-01,6.262695479206318794e+01
3.120320320320320029e-01,6.269902174232644398e+01
3.111411411411411088e-01,6.276931485211791539e+01
3.102502502502502146e-01,6.286711796194175150e+01
3.093593593593593205e-01,6.293911953265986625e+01
3.084684684684684264e-01,6.299107446316713066e+01
3.075775775775775323e-01,6.308497143253325845e+01
3.066866866866866381e-01,6.315657938391875348e+01
3.057957957957957440e-01,6.329586907333734302e+01
3.049049049049049609e-01,6.339948407441786316e+01
3.040140140140140668e-01,6.344821561261039733e+01
3.031231231231231726e-01,6.356280998129182080e+01
3.022322322322322785e-01,6.363896787286468992e+01
3.013413413413413844e-01,6.373707401631694580e+01
3.004504504504504903e-01,6.380352501069525317e+01
2.995595595595595961e-01,6.385336912349129079e+01
2.986686686686687020e-01,6.390454043956317065e+01
2.977777777777778079e-01,6.398349593091737830e+01
2.968868868868869138e-01,6.409558242154588470e+01
2.959959959959960196e-01,6.426000324734658875e+01
2.951051051051051255e-01,6.432924030552692329e+01
2.942142142142142314e-01,6.443016851131429235e+01
2.933233233233233372e-01,6.453646469122899987e+01
2.924324324324324431e-01,6.462397528127206670e+01
2.915415415415415490e-01,6.472761336199991433e+01
2.906506506506506549e-01,6.478560223190820011e+01
2.897597597597597607e-01,6.487819967992486170e+01
2.888688688688688666e-01,6.497410856129302203e+01
2.879779779779779725e-01,6.509238517865648532e+01
2.870870870870870784e-01,6.517562395012046750e+01
2.861961961961961842e-01,6.528095165740553796e+01
2.853053053053052901e-01,6.537448069016933516e+01
2.844144144144143960e-01,6.547894262513975150e+01
2.835235235235235018e-01,6.559014893790306644e+01
2.826326326326326077e-01,6.565355839627768830e+01
2.817417417417417136e-01,6.573165753657963251e+01
2.808508508508508195e-01,6.578885275058031823e+01
2.799599599599599253e-01,6.585506042605324240e+01
2.790690690690690312e-01,6.596579679029687782e+01
2.781781781781781371e-01,6.601829196955027612e+01
2.772872872872872430e-01,6.609839424740272307e+01
2.763963963963963488e-01,6.618373818801765651e+01
2.755055055055054547e-01,6.628849096218110049e+01
2.746146146146146716e-01,6.637717356854790296e+01
2.737237237237237775e-01,6.646878844166734268e+01
2.728328328328328833e-01,6.654920605860033334e+01
2.719419419419419892e-01,6.664828818767730922e+01
2.710510510510510951e-01,6.674494432439514924e+01
2.701601601601602010e-01,6.683347312305967591e+01
2.692692692692693068e-01,6.689915775398536368e+01
2.683783783783784127e-01,6.694151351174546960e+01
2.674874874874875186e-01,6.703295676486818877e+01
2.665965965965966245e-01,6.712630963573656118e+01
2.657057057057057303e-01,6.722248331255967457e+01
2.648148148148148362e-01,6.732132048105130195e+01
2.639239239239239421e-01,6.738507973585927857e+01
2.630330330330330479e-01,6.749118285163881126e+01
2.621421421421421538e-01,6.754469048720744695e+01
2.612512512512512597e-01,6.761721467335057412e+01
2.603603603603603656e-01,6.772403415005257443e+01
2.594694694694694714e-01,6.778742005188212261e+01
2.585785785785785773e-01,6.787726726946138456e+01
2.576876876876876832e-01,6.796583105157074556e+01
2.567967967967967891e-01,6.801881270256524203e+01
2.559059059059058949e-01,6.812061817915943607e+01
2.550150150150150008e-01,6.818929835628954095e+01
2.541241241241241067e-01,6.828189814533276092e+01
2.532332332332332125e-01,6.832784476435689669e+01
2.523423423423423184e-01,6.839647068418429399e+01
2.514514514514514243e-01,6.846610866814160090e+01
2.505605605605605302e-01,6.852383750915453220e+01
2.496696696696696360e-01,6.860851195774463918e+01
2.487787787787787419e-01,6.869460549651921610e+01
2.478878878878878478e-01,6.879452981619706975e+01
2.469969969969969537e-01,6.886363419336495895e+01
2.461061061061060595e-01,6.896371978645848344e+01
2.452152152152151654e-01,6.905967519557137280e+01
2.443243243243243823e-01,6.913170195982048938e+01
2.434334334334334882e-01,6.921526483562902854e+01
2.425425425425425940e-01,6.929924780915526128e+01
2.416516516516516999e-01,6.938194912675186288e+01
2.407607607607608058e-01,6.947468470774438742e+01
2.398698698698699117e-01,6.956665073255670961e+01
2.389789789789790175e-01,6.969392597992381866e+01
2.380880880880881234e-01,6.981572062438259252e+01
2.371971971971972293e-01,6.989345362336192125e+01
2.363063063063063352e-01,7.000625464728707925e+01
2.354154154154154410e-01,7.007205085764935859e+01
2.345245245245245469e-01,7.014532199158051640e+01
2.336336336336336528e-01,7.024010386314606080e+01
2.327427427427427586e-01,7.030618234136652234e+01
2.318518518518518645e-01,7.037408702797647209e+01
2.309609609609609704e-01,7.047748206172764185e+01
2.300700700700700763e-01,7.056768799396168390e+01
2.291791791791791821e-01,7.067012612620010259e+01
2.282882882882882880e-01,7.076541676283693505e+01
2.273973973973973939e-01,7.085398415853997278e+01
2.265065065065064998e-01,7.092922213764397554e+01
2.256156156156156056e-01,7.102278430087972083e+01
2.247247247247247115e-01,7.111629520666289750e+01
2.238338338338338174e-01,7.117171594762984910e+01
2.229429429429429232e-01,7.126718558820594751e+01
2.220520520520520291e-01,7.134822016481653861e+01
2.211611611611611350e-01,7.140744337607320347e+01
2.202702702702702409e-01,7.150709459946654079e+01
2.193793793793793467e-01,7.156645048638161200e+01
2.184884884884884526e-01,7.166907723889968906e+01
2.175975975975975585e-01,7.177447417775728411e+01
2.167067067067066644e-01,7.186258652604921338e+01
2.158158158158157702e-01,7.192657390865363709e+01
2.149249249249248761e-01,7.202227451478208309e+01
2.140340340340340930e-01,7.212547628843319103e+01
2.131431431431431989e-01,7.222040297511320261e+01
2.122522522522523047e-01,7.232610462740470325e+01
2.113613613613614106e-01,7.238090947848367307e+01
2.104704704704705165e-01,7.244409036104831046e+01
2.095795795795796224e-01,7.252047450212849355e+01
2.086886886886887282e-01,7.258765490413237842e+01
2.077977977977978341e-01,7.264509138843972380e+01
2.069069069069069400e-01,7.272633052258517239e+01
2.060160160160160459e-01,7.279439581573089413e+01
2.051251251251251517e-01,7.288205825909841451e+01
2.042342342342342576e-01,7.294845347728391971e+01
2.033433433433433635e-01,7.305014185883337063e+01
2.024524524524524693e-01,7.312512945539988607e+01
2.015615615615615752e-01,7.322035555704049159e+01
2.006706706706706811e-01,7.332648854618636847e+01
1.997797797797797870e-01,7.343461947730273209e+01
1.988888888888888928e-01,7.352943041711735361e+01
1.979979979979979987e-01,7.358904311680140609e+01
1.971071071071071046e-01,7.364897692247238581e+01
1.962162162162162105e-01,7.377226282035745442e+01
1.953253253253253163e-01,7.384805347566995692e+01
1.944344344344344222e-01,7.391312198134009748e+01
1.935435435435435281e-01,7.400200438315981444e+01
1.926526526526526339e-01,7.406746821552080462e+01
1.917617617617617398e-01,7.418364828351712958e+01
1.908708708708708457e-01,7.426867825675913082e+01
1.899799799799799516e-01,7.433949209680274350e+01
1.890890890890890574e-01,7.440854181503721065e+01
1.881981981981981633e-01,7.450536997571420272e+01
1.873073073073072692e-01,7.457856666094382092e+01
1.864164164164163751e-01,7.465443356731991287e+01
1.855255255255254809e-01,7.474732061122178095e+01
1.846346346346345868e-01,7.487365725453823018e+01
1.837437437437438037e-01,7.499055389198288424e+01
1.828528528528529096e-01,7.507694832986095435e+01
1.819619619619620154e-01,7.513871499550090505e+01
1.810710710710711213e-01,7.521830350224453809e+01
1.801801801801802272e-01,7.529912466117781378e+01
1.792892892892893331e-01,7.537616932729932273e+01
1.783983983983984389e-01,7.552152339464862507e+01
1.775075075075075448e-01,7.560940287871730447e+01
1.766166166166166507e-01,7.568817391502869896e+01
1.757257257257257566e-01,7.578723268817934411e+01
1.748348348348348624e-01,7.588120720117672136e+01
1.739439439439439683e-01,7.593240346659817419e+01
1.730530530530530742e-01,7.604120294935721347e+01
1.721621621621621800e-01,7.609782073809641645e+01
1.712712712712712859e-01,7.618457713113325269e+01
1.703803803803803918e-01,7.628099846632402148e+01
1.694894894894894977e-01,7.637076916531941606e+01
1.685985985985986035e-01,7.648647332963336964e+01
1.677077077077077094e-01,7.655576183852838312e+01
1.668168168168168153e-01,7.664534951755240400e+01
1.659259259259259212e-01,7.671393399834263960e+01
1.650350350350350270e-01,7.680981569022104338e+01
1.641441441441441329e-01,7.693252549305573496e+01
1.632532532532532388e-01,7.700599937668567918e+01
1.623623623623623446e-01,7.706381914551027990e+01
1.614714714714714505e-01,7.713088166164963866e+01
1.605805805805805564e-01,7.720202305030018408e+01
1.596896896896896623e-01,7.731501188824432802e+01
1.587987987987987681e-01,7.738333890062793330e+01
1.579079079079078740e-01,7.749552550706675902e+01
1.570170170170169799e-01,7.758081064509337921e+01
1.561261261261260858e-01,7.765264494707744802e+01
1.552352352352351916e-01,7.774666830835602127e+01
1.543443443443442975e-01,7.786585352065377208e+01
1.534534534534535144e-01,7.794537607720872074e+01
1.525625625625626203e-01,7.803289459126403926e+01
1.516716716716717261e-01,7.814801166934327625e+01
1.507807807807808320e-01,7.825092878919303985e+01
1.498898898898899379e-01,7.833072387258103220e+01
1.489989989989990438e-01,7.839534798882201017e+01
1.481081081081081496e-01,7.848386689935811944e+01
1.472172172172172555e-01,7.857592153836300497e+01
1.463263263263263614e-01,7.865682199913447903e+01
1.454354354354354673e-01,7.877555398086420269e+01
1.445445445445445731e-01,7.889005873866589980e+01
1.436536536536536790e-01,7.896464183527159264e+01
1.427627627627627849e-01,7.902925294959842972e+01
1.418718718718718907e-01,7.910266727673116804e+01
1.409809809809809966e-01,7.919770473797370869e+01
1.400900900900901025e-01,7.928577174369370084e+01
1.391991991991992084e-01,7.938085654481812981e+01
1.383083083083083142e-01,7.944742040842380959e+01
1.374174174174174201e-01,7.957376701182285217e+01
1.365265265265265260e-01,7.966291043268471128e+01
1.356356356356356319e-01,7.974409547379822527e+01
1.347447447447447377e-01,7.983241715701922203e+01
1.338538538538538436e-01,7.992079240495559134e+01
1.329629629629629495e-01,8.000672925821525894e+01
1.320720720720720553e-01,8.013667214156373575e+01
1.311811811811811612e-01,8.021216039657271324e+01
1.302902902902902671e-01,8.027603507580978714e+01
1.293993993993993730e-01,8.035794803407061693e+01
1.285085085085084788e-01,8.045411189317376000e+01
1.276176176176175847e-01,8.054550502237134424e+01
1.267267267267266906e-01,8.064719086537424175e+01
1.258358358358357965e-01,8.071783450207564670e+01
1.249449449449449023e-01,8.079482547168910855e+01
1.240540540540540082e-01,8.089889204909641762e+01
1.231631631631632251e-01,8.095784354825576656e+01
1.222722722722723310e-01,8.105108902997713471e+01
1.213813813813814368e-01,8.112959670675343204e+01
1.204904904904905427e-01,8.119557210614158294e+01
1.195995995995996486e-01,8.128096146043102976e+01
1.187087087087087545e-01,8.139750087227727704e+01
1.178178178178178603e-01,8.147165954912722441e+01
1.169269269269269662e-01,8.157733070960094324e+01
1.160360360360360721e-01,8.171619729190491910e+01
1.151451451451451780e-01,8.178705424068247964e+01
1.142542542542542838e-01,8.185872810155350976e+01
1.133633633633633897e-01,8.196276343533405395e+01
1.124724724724724956e-01,8.201454552323120595e+01
1.115815815815816014e-01,8.206169547725271229e+01
1.106906906906907073e-01,8.211695988499776888e+01
1.097997997997998132e-01,8.218050175501043952e+01
1.089089089089089191e-01,8.227862497532299813e+01
1.080180180180180249e-01,8.236102583415683398e+01
1.071271271271271308e-01,8.248433105442323665e+01
1.062362362362362367e-01,8.259829678019725918e+01
1.053453453453453426e-01,8.269228809923463075e+01
1.044544544544544484e-01,8.277547337330793198e+01
1.035635635635635543e-01,8.286349305993186931e+01
1.026726726726726602e-01,8.296495670101757014e+01
1.017817817817817660e-01,8.306633518110110970e+01
1.008908908908908719e-01,8.314844119283009150e+01
1.000000000000000056e-01,8.322638970366907074e+01
