9.899999999999999911e-01,1.165081053374793646e-01
9.891091091091090970e-01,1.184093287214634943e-01
9.882182182182182029e-01,1.248212502288579412e-01
9.873273273273273087e-01,1.337652252438767675e-01
9.864364364364364146e-01,1.447443599848868834e-01
9.855455455455455205e-01,1.504420086664710610e-01
9.846546546546546264e-01,1.550021450510735976e-01
9.837637637637637322e-01,1.592494297322492314e-01
9.828728728728728381e-01,1.620232805346709382e-01
9.819819819819819440e-01,1.646919841455875000e-01
9.810910910910910498e-01,1.678366055012710800e-01
9.802002002002001557e-01,1.808484481458360604e-01
9.793093093093092616e-01,1.948107722369223638e-01
9.784184184184183675e-01,2.090383310239117554e-01
9.775275275275274733e-01,2.150933226329456716e-01
9.766366366366365792e-01,2.189064503068549328e-01
9.757457457457456851e-01,2.202447475672220933e-01
9.748548548548547910e-01,2.253725231187370115e-01
9.739639639639640079e-01,2.275676583164055744e-01
9.730730730730731137e-01,2.287674823742023023e-01
9.721821821821822196e-01,2.314033764704367946e-01
9.712912912912913255e-01,2.322879320919609136e-01
9.704004004004004313e-01,2.330507680483059063e-01
9.695095095095095372e-01,2.356850736732919727e-01
9.686186186186186431e-01,2.371894952432850867e-01
9.677277277277277490e-01,2.381870838091936782e-01
9.668368368368368548e-01,2.392863569317743577e-01
9.659459459459459607e-01,2.398555244521353991e-01
9.650550550550550666e-01,2.415552536494667279e-01
9.641641641641641725e-01,2.430838503477760759e-01
9.632732732732732783e-01,2.456226542288559023e-01
9.623823823823823842e-01,2.492339780895924950e-01
9.614914914914914901e-01,2.518055631222052559e-01
9.606006006006005959e-01,2.542312222683745238e-01
9.597097097097097018e-01,2.558288585487377143e-01
9.588188188188188077e-01,2.598322476908508927e-01
9.579279279279279136e-01,2.648694797412756152e-01
9.570370370370370194e-01,2.659030972265731263e-01
9.561461461461461253e-01,2.678719018233747251e-01
9.552552552552552312e-01,2.694099023561388195e-01
9.543643643643643371e-01,2.722677670662476679e-01
9.534734734734734429e-01,2.747018191587916602e-01
9.525825825825825488e-01,2.756010544978647059e-01
9.516916916916916547e-01,2.761490981812564915e-01
9.508008008008007605e-01,2.767476413062080476e-01
9.499099099099098664e-01,2.951104082957445307e-01
9.490190190190189723e-01,3.159015889235877728e-01
9.481281281281280782e-01,3.246924001828984108e-01
9.472372372372371840e-01,3.282884285181839612e-01
9.463463463463462899e-01,3.393572056193798203e-01
9.454554554554553958e-01,3.494676399586266746e-01
9.445645645645646127e-01,3.587036702602025007e-01
9.436736736736737186e-01,3.701545326427141402e-01
9.427827827827828244e-01,3.765238505154692716e-01
9.418918918918919303e-01,3.846386848064316522e-01
9.410010010010010362e-01,3.909287256989947834e-01
9.401101101101101420e-01,3.949741183273039469e-01
9.392192192192192479e-01,4.028280154561327819e-01
9.383283283283283538e-01,4.067877337345443545e-01
9.374374374374374597e-01,4.147014902200262254e-01
9.365465465465465655e-01,4.223112982575155661e-01
9.356556556556556714e-01,4.230544898328493231e-01
9.347647647647647773e-01,4.278520359452477329e-01
9.338738738738738832e-01,4.295356240842438389e-01
9.329829829829829890e-01,4.367547828427227330e-01
9.320920920920920949e-01,4.386789724686931957e-01
9.312012012012012008e-01,4.476882415004118654e-01
9.303103103103103066e-01,4.560464974835755081e-01
9.294194194194194125e-01,4.621181092331254070e-01
9.285285285285285184e-01,4.668799734315464134e-01
9.276376376376376243e-01,4.705241387303754075e-01
9.267467467467467301e-01,4.753152200698299024e-01
9.258558558558558360e-01,4.831183509021205746e-01
9.249649649649649419e-01,4.875275760050158391e-01
9.240740740740740478e-01,4.925585484369205402e-01
9.231831831831831536e-01,5.008963522508789179e-01
9.222922922922922595e-01,5.068704875111023078e-01
9.214014014014013654e-01,5.162708926082859584e-01
9.205105105105104712e-01,5.270572965460254000e-01
9.196196196196195771e-01,5.480476508611870079e-01
9.187287287287286830e-01,5.557413548547790461e-01
9.178378378378377889e-01,5.670233832388938966e-01
9.169469469469468947e-01,5.812439892652726536e-01
9.160560560560560006e-01,5.880288511417959274e-01
9.151651651651651065e-01,6.001286123028196640e-01
9.142742742742742124e-01,6.070186498627176963e-01
9.133833833833833182e-01,6.128547012545018102e-01
9.124924924924924241e-01,6.183819968280631629e-01
9.116016016016016410e-01,6.197623141689495574e-01
9.107107107107107469e-01,6.251197303096195368e-01
9.098198198198198527e-01,6.274516431086065715e-01
9.089289289289289586e-01,6.341738936979093300e-01
9.080380380380380645e-01,6.495623282433994339e-01
9.071471471471471704e-01,6.501326094697440494e-01
9.062562562562562762e-01,6.567785037629004785e-01
9.053653653653653821e-01,6.723293133047507641e-01
9.044744744744744880e-01,6.876186632927392406e-01
9.035835835835835939e-01,6.979922713127414413e-01
9.026926926926926997e-01,7.134710167458833130e-01
9.018018018018018056e-01,7.185032154744497301e-01
9.009109109109109115e-01,7.221976808679536619e-01
9.000200200200200173e-01,7.289400815845050730e-01
8.991291291291291232e-01,7.327587199772570559e-01
8.982382382382382291e-01,7.493917372177253400e-01
8.973473473473473350e-01,7.521937433587230215e-01
8.964564564564564408e-01,7.620248210020690305e-01
8.955655655655655467e-01,7.675649366518664252e-01
8.946746746746746526e-01,7.717408611225251569e-01
8.937837837837837585e-01,7.771457197532559702e-01
8.928928928928928643e-01,8.000116241718383536e-01
8.920020020020019702e-01,8.059373361053988605e-01
8.911111111111110761e-01,8.182405894283857339e-01
8.902202202202201820e-01,8.198319839478633853e-01
8.893293293293292878e-01,8.263864706254371306e-01
8.884384384384383937e-01,8.352207057188382189e-01
8.875475475475474996e-01,8.414622065303353216e-01
8.866566566566566054e-01,8.475252697175627015e-01
8.857657657657657113e-01,8.571989514546737299e-01
8.848748748748749282e-01,8.619993402727226250e-01
8.839839839839840341e-01,8.707744389267686458e-01
8.830930930930931400e-01,8.730889074569675445e-01
8.822022022022022458e-01,8.825855524588412937e-01
8.813113113113113517e-01,8.895649916263544954e-01
8.804204204204204576e-01,8.942355544789239996e-01
8.795295295295295634e-01,9.024163115456642625e-01
8.786386386386386693e-01,9.069575011188284464e-01
8.777477477477477752e-01,9.161921826491902232e-01
8.768568568568568811e-01,9.256116597641580457e-01
8.759659659659659869e-01,9.385288032629617305e-01
8.750750750750750928e-01,9.457470060620213337e-01
8.741841841841841987e-01,9.483661849158826485e-01
8.732932932932933046e-01,9.549747587365965407e-01
8.724024024024024104e-01,9.657338707394933497e-01
8.715115115115115163e-01,9.784441754279707970e-01
8.706206206206206222e-01,9.887292983281843473e-01
8.697297297297297280e-01,9.907195625727736044e-01
8.688388388388388339e-01,1.000088014463177855e+00
8.679479479479479398e-01,1.007246542413376522e+00
8.670570570570570457e-01,1.012497790643072104e+00
8.661661661661661515e-01,1.026693657634919044e+00
8.652752752752752574e-01,1.034483167977271467e+00
8.643843843843843633e-01,1.036824050388907681e+00
8.634934934934934692e-01,1.044149054190012915e+00
8.626026026026025750e-01,1.045779162040796795e+00
8.617117117117116809e-01,1.051365624845588487e+00
8.608208208208207868e-01,1.063889091556822430e+00
8.599299299299298927e-01,1.067863813512932580e+00
8.590390390390389985e-01,1.072647685532355899e+00
8.581481481481481044e-01,1.084595845398165448e+00
8.572572572572572103e-01,1.090708108998327930e+00
8.563663663663663161e-01,1.094259276564854444e+00
8.554754754754754220e-01,1.097110672385783969e+00
8.545845845845845279e-01,1.100807546468112186e+00
8.536936936936936338e-01,1.104118116236117775e+00
8.528028028028027396e-01,1.117127119426805093e+00
8.519119119119118455e-01,1.121869032056761251e+00
8.510210210210209514e-01,1.126163134001040955e+00
8.501301301301300573e-01,1.133208214663921742e+00
8.492392392392392741e-01,1.145301785487606860e+00
8.483483483483483800e-01,1.155766694756374502e+00
8.474574574574574859e-01,1.175120279215356556e+00
8.465665665665665918e-01,1.178180549593166537e+00
8.456756756756756976e-01,1.186274085682159418e+00
8.447847847847848035e-01,1.196060740317453464e+00
8.438938938938939094e-01,1.207317944554761047e+00
8.430030030030030153e-01,1.214081483932233141e+00
8.421121121121121211e-01,1.224715784505583605e+00
8.412212212212212270e-01,1.227120766884564951e+00
8.403303303303303329e-01,1.234497439432373778e+00
8.394394394394394388e-01,1.236786793342514734e+00
8.385485485485485446e-01,1.241112872276471935e+00
8.376576576576576505e-01,1.246481630339958402e+00
8.367667667667667564e-01,1.253776864012250414e+00
8.358758758758758622e-01,1.259254682926696622e+00
8.349849849849849681e-01,1.266478676023311323e+00
8.340940940940940740e-01,1.269152906023963689e+00
8.332032032032031799e-01,1.276844020235783361e+00
8.323123123123122857e-01,1.282633120282659300e+00
8.314214214214213916e-01,1.284864260367790667e+00
8.305305305305304975e-01,1.301578206900047441e+00
8.296396396396396034e-01,1.304304267870718403e+00
8.287487487487487092e-01,1.310930738210198676e+00
8.278578578578578151e-01,1.317573884933461725e+00
8.269669669669669210e-01,1.320892538923978510e+00
8.260760760760761379e-01,1.325274653966325600e+00
8.251851851851852437e-01,1.330381169435683963e+00
8.242942942942943496e-01,1.340515300143004129e+00
8.234034034034034555e-01,1.346572472238273255e+00
8.225125125125125614e-01,1.361009249287566059e+00
8.216216216216216672e-01,1.367780090358283518e+00
8.207307307307307731e-01,1.375842623518081398e+00
8.198398398398398790e-01,1.377921642559879700e+00
8.189489489489489848e-01,1.385984154365753840e+00
8.180580580580580907e-01,1.389397795237357514e+00
8.171671671671671966e-01,1.398391897137640782e+00
8.162762762762763025e-01,1.404961884946905881e+00
8.153853853853854083e-01,1.417806429167272952e+00
8.144944944944945142e-01,1.421006765504658764e+00
8.136036036036036201e-01,1.425882152845703965e+00
8.127127127127127260e-01,1.434531563564807044e+00
8.118218218218218318e-01,1.437760674965832264e+00
8.109309309309309377e-01,1.445562567541913923e+00
8.100400400400400436e-01,1.451880453899712986e+00
8.091491491491491495e-01,1.455639892497224475e+00
8.082582582582582553e-01,1.465152814411154081e+00
8.073673673673673612e-01,1.468169698464298012e+00
8.064764764764764671e-01,1.473786532489166357e+00
8.055855855855855729e-01,1.483502774452771122e+00
8.046946946946946788e-01,1.484533459681092404e+00
8.038038038038037847e-01,1.488448021311500780e+00
8.029129129129128906e-01,1.505235494639139748e+00
8.020220220220219964e-01,1.510701546233489179e+00
8.011311311311311023e-01,1.521093732592922798e+00
8.002402402402402082e-01,1.529644554367731502e+00
7.993493493493493141e-01,1.539094720716644771e+00
7.984584584584584199e-01,1.540814155219045745e+00
7.975675675675675258e-01,1.545610541474150113e+00
7.966766766766766317e-01,1.547599255543752994e+00
7.957857857857857375e-01,1.553866492323171533e+00
7.948948948948948434e-01,1.562900769244209398e+00
7.940040040040039493e-01,1.567190479947575987e+00
7.931131131131130552e-01,1.572981889024516189e+00
7.922222222222221610e-01,1.576226311865821961e+00
7.913313313313312669e-01,1.578516665708182831e+00
7.904404404404403728e-01,1.579958711301830521e+00
7.895495495495494787e-01,1.582666351424572238e+00
7.886586586586585845e-01,1.585591370860782945e+00
7.877677677677678014e-01,1.591945067304468386e+00
7.868768768768769073e-01,1.594357772372124948e+00
7.859859859859860132e-01,1.596041094240095104e+00
7.850950950950951190e-01,1.599655780786077841e+00
7.842042042042042249e-01,1.601168204839498177e+00
7.833133133133133308e-01,1.604611318576487200e+00
7.824224224224224367e-01,1.609281108744706756e+00
7.815315315315315425e-01,1.618782626390332435e+00
7.806406406406406484e-01,1.624326887900514604e+00
7.797497497497497543e-01,1.625625167391423043e+00
7.788588588588588602e-01,1.626177523141117742e+00
7.779679679679679660e-01,1.629581340006700962e+00
7.770770770770770719e-01,1.636217590990162840e+00
7.761861861861861778e-01,1.640775181002760430e+00
7.752952952952952836e-01,1.644317552288874440e+00
7.744044044044043895e-01,1.651806976939224958e+00
7.735135135135134954e-01,1.654419467833347479e+00
7.726226226226226013e-01,1.663133488865198295e+00
7.717317317317317071e-01,1.663428352688006928e+00
7.708408408408408130e-01,1.665690041967234913e+00
7.699499499499499189e-01,1.673863482393808333e+00
7.690590590590590248e-01,1.677827271577517321e+00
7.681681681681681306e-01,1.679802835512604231e+00
7.672772772772772365e-01,1.681917049967158517e+00
7.663863863863863424e-01,1.683312508115261341e+00
7.654954954954955593e-01,1.685890372568127571e+00
7.646046046046046651e-01,1.686573937611472118e+00
7.637137137137137710e-01,1.694302625736055390e+00
7.628228228228228769e-01,1.696820388654634693e+00
7.619319319319319828e-01,1.700292311904806120e+00
7.610410410410410886e-01,1.702579963393064721e+00
7.601501501501501945e-01,1.704958924027090372e+00
7.592592592592593004e-01,1.707090478892156149e+00
7.583683683683684063e-01,1.707555031172182103e+00
7.574774774774775121e-01,1.709670359853859845e+00
7.565865865865866180e-01,1.711549900836791371e+00
7.556956956956957239e-01,1.713771272133382650e+00
7.548048048048048297e-01,1.715613404007561682e+00
7.539139139139139356e-01,1.717371356078771116e+00
7.530230230230230415e-01,1.720154405948155052e+00
7.521321321321321474e-01,1.722909209141664011e+00
7.512412412412412532e-01,1.725091344014090478e+00
7.503503503503503591e-01,1.726659878014991989e+00
7.494594594594594650e-01,1.727806948919582197e+00
7.485685685685685709e-01,1.729184783201072939e+00
7.476776776776776767e-01,1.730313579297908300e+00
7.467867867867867826e-01,1.732442333730037420e+00
7.458958958958958885e-01,1.735077083872023307e+00
7.450050050050049943e-01,1.737140525488557241e+00
7.441141141141141002e-01,1.739843681030738276e+00
7.432232232232232061e-01,1.741752812559133501e+00
7.423323323323323120e-01,1.746915732334242577e+00
7.414414414414414178e-01,1.747299731379957644e+00
7.405505505505505237e-01,1.747884460348144708e+00
7.396596596596596296e-01,1.750502916204025761e+00
7.387687687687687355e-01,1.753831368156793191e+00
7.378778778778778413e-01,1.754606465506166835e+00
7.369869869869869472e-01,1.754843089777015974e+00
7.360960960960960531e-01,1.755959704216959461e+00
7.352052052052051589e-01,1.758085744377531068e+00
7.343143143143142648e-01,1.761010935039785785e+00
7.334234234234233707e-01,1.763852822135969722e+00
7.325325325325324766e-01,1.764518742480486901e+00
7.316416416416415824e-01,1.766445515708221947e+00
7.307507507507506883e-01,1.766943582213485575e+00
7.298598598598597942e-01,1.768503082116681613e+00
7.289689689689689001e-01,1.769055593904063750e+00
7.280780780780780059e-01,1.769693245278812332e+00
7.271871871871871118e-01,1.770726335086146186e+00
7.262962962962962177e-01,1.772654113423810074e+00
7.254054054054053235e-01,1.776248832210014506e+00
7.245145145145144294e-01,1.777727613562761988e+00
7.236236236236236463e-01,1.779143721832479264e+00
7.227327327327327522e-01,1.779740113869267448e+00
7.218418418418418581e-01,1.780020145379361152e+00
7.209509509509509639e-01,1.781158156930926939e+00
7.200600600600600698e-01,1.782405844051188293e+00
7.191691691691691757e-01,1.783414525455071065e+00
7.182782782782782816e-01,1.784430965022585136e+00
7.173873873873873874e-01,1.785695539573965984e+00
7.164964964964964933e-01,1.787178739319725818e+00
7.156056056056055992e-01,1.788060389120406324e+00
7.147147147147147050e-01,1.789741899610747922e+00
7.138238238238238109e-01,1.790636510533406556e+00
7.129329329329329168e-01,1.791753179859361333e+00
7.120420420420420227e-01,1.795112577223608286e+00
7.111511511511511285e-01,1.798152844524860017e+00
7.102602602602602344e-01,1.799811909690677725e+00
7.093693693693693403e-01,1.800370862038102704e+00
7.084784784784785572e-01,1.805331569803799052e+00
7.075875875875876631e-01,1.807268108753111724e+00
7.066966966966967689e-01,1.810993935682713607e+00
7.058058058058058748e-01,1.814915266842997310e+00
7.049149149149149807e-01,1.817804065652897760e+00
7.040240240240240865e-01,1.818169225994273441e+00
7.031331331331331924e-01,1.821332689341781164e+00
7.022422422422422983e-01,1.824898749124894692e+00
7.013513513513514042e-01,1.825887846342511667e+00
7.004604604604605100e-01,1.826808687360267580e+00
6.995695695695696159e-01,1.832030323755159174e+00
6.986786786786787218e-01,1.836202629794441155e+00
6.977877877877878277e-01,1.836889445278433231e+00
6.968968968968969335e-01,1.838855843279227242e+00
6.960060060060060394e-01,1.841745657528292002e+00
6.951151151151151453e-01,1.842617438670470342e+00
6.942242242242242511e-01,1.844565604253459501e+00
6.933333333333333570e-01,1.848726750546347608e+00
6.924424424424424629e-01,1.851444311891491168e+00
6.915515515515515688e-01,1.856376554121937694e+00
6.906606606606606746e-01,1.857924087898598975e+00
6.897697697697697805e-01,1.864154483613633007e+00
6.888788788788788864e-01,1.868177921892653082e+00
6.879879879879879923e-01,1.869802529086072473e+00
6.870970970970970981e-01,1.872730361654665110e+00
6.862062062062062040e-01,1.877827940091654657e+00
6.853153153153153099e-01,1.879022802460516672e+00
6.844244244244244157e-01,1.880088003160523602e+00
6.835335335335335216e-01,1.880844331459625929e+00
6.826426426426426275e-01,1.882141559725822644e+00
6.817517517517517334e-01,1.887196185551711425e+00
6.808608608608608392e-01,1.888594999539316088e+00
6.799699699699699451e-01,1.890500022171391237e+00
6.790790790790790510e-01,1.893248001443364581e+00
6.781881881881881569e-01,1.896022399723813923e+00
6.772972972972972627e-01,1.897251728818731831e+00
6.764064064064063686e-01,1.898957719838108238e+00
6.755155155155154745e-01,1.900680208480312938e+00
6.746246246246245803e-01,1.902087621015305263e+00
6.737337337337336862e-01,1.902754167982951383e+00
6.728428428428427921e-01,1.906044881408819114e+00
6.719519519519518980e-01,1.909622084509585926e+00
6.710610610610610038e-01,1.912208108861650935e+00
6.701701701701701097e-01,1.917310907189453628e+00
6.692792792792792156e-01,1.921400522091068819e+00
6.683883883883883215e-01,1.923458728246354887e+00
6.674974974974974273e-01,1.923947098108635512e+00
6.666066066066065332e-01,1.926115691433730959e+00
6.657157157157156391e-01,1.928545053363147410e+00
6.648248248248247450e-01,1.929759092049454727e+00
6.639339339339338508e-01,1.932627687844375330e+00
6.630430430430430677e-01,1.935483851979730607e+00
6.621521521521521736e-01,1.937845481630653399e+00
6.612612612612612795e-01,1.938438517935982874e+00
6.603703703703703853e-01,1.938761964276797922e+00
6.594794794794794912e-01,1.941116380230625937e+00
6.585885885885885971e-01,1.942099470149750262e+00
6.576976976976977030e-01,1.942897848347871159e+00
6.568068068068068088e-01,1.944368830773722134e+00
6.559159159159159147e-01,1.946122831210496784e+00
6.550250250250250206e-01,1.948433434227047067e+00
6.541341341341341264e-01,1.950640150660065242e+00
6.532432432432432323e-01,1.952718711842907018e+00
6.523523523523523382e-01,1.954072616453393696e+00
6.514614614614614441e-01,1.956776431346631373e+00
6.505705705705705499e-01,1.957898785037432754e+00
6.496796796796796558e-01,1.959293931520787568e+00
6.487887887887887617e-01,1.960639449799889800e+00
6.478978978978978676e-01,1.962781784952206898e+00
6.470070070070070845e-01,1.964020767751721630e+00
6.461161161161161903e-01,1.964916291219993116e+00
6.452252252252252962e-01,1.967621331955276887e+00
6.443343343343344021e-01,1.968895063010631219e+00
6.434434434434435079e-01,1.970525194564365146e+00
6.425525525525526138e-01,1.972845830889981888e+00
6.416616616616617197e-01,1.973185894447767375e+00
6.407707707707708256e-01,1.974090654215279850e+00
6.398798798798799314e-01,1.991616500872811280e+00
6.389889889889890373e-01,2.002937238133253750e+00
6.380980980980981432e-01,2.013806084223765502e+00
6.372072072072072491e-01,2.019918110172595149e+00
6.363163163163163549e-01,2.040667339624163912e+00
6.354254254254254608e-01,2.052985034832904621e+00
6.345345345345345667e-01,2.064242167323419253e+00
6.336436436436436725e-01,2.074197605590601512e+00
6.327527527527527784e-01,2.086428120414110410e+00
6.318618618618618843e-01,2.095341849182606797e+00
6.309709709709709902e-01,2.101394502258612906e+00
6.300800800800800960e-01,2.109707319426467276e+00
6.291891891891892019e-01,2.125271366427331721e+00
6.282982982982983078e-01,2.157250272336284524e+00
6.274074074074074137e-01,2.164536362139571235e+00
6.265165165165165195e-01,2.173418398566722143e+00
6.256256256256256254e-01,2.186698794322372130e+00
6.247347347347347313e-01,2.192363895029952214e+00
6.238438438438438371e-01,2.210260697244642358e+00
6.229529529529529430e-01,2.224132013165015298e+00
6.220620620620620489e-01,2.232748002439663981e+00
6.211711711711711548e-01,2.240734354793124439e+00
6.202802802802802606e-01,2.254285479535634185e+00
6.193893893893893665e-01,2.289202047193882539e+00
6.184984984984984724e-01,2.291755745365034347e+00
6.176076076076075783e-01,2.302611315517260504e+00
6.167167167167166841e-01,2.312759254539642928e+00
6.158258258258257900e-01,2.326617951709588183e+00
6.149349349349348959e-01,2.353532535980196183e+00
6.140440440440440018e-01,2.359416949765041238e+00
6.131531531531531076e-01,2.360656855012519095e+00
6.122622622622622135e-01,2.365651681990091681e+00
6.113713713713713194e-01,2.382406704513739815e+00
6.104804804804804252e-01,2.392380024303959019e+00
6.095895895895895311e-01,2.400450617627449379e+00
6.086986986986986370e-01,2.416091035473401316e+00
6.078078078078077429e-01,2.427708394875709885e+00
6.069169169169168487e-01,2.433280251485385293e+00
6.060260260260259546e-01,2.445274919576078787e+00
6.051351351351350605e-01,2.457347232995626740e+00
6.042442442442441664e-01,2.473329536901522907e+00
6.033533533533532722e-01,2.474674829371858120e+00
6.024624624624623781e-01,2.481821631668525097e+00
6.015715715715715950e-01,2.493508739624748838e+00
6.006806806806807009e-01,2.499452312979565161e+00
5.997897897897898067e-01,2.518551374705034984e+00
5.988988988988989126e-01,2.545827384074555777e+00
5.980080080080080185e-01,2.559921824679893376e+00
5.971171171171171244e-01,2.566511278693783371e+00
5.962262262262262302e-01,2.569171044091810074e+00
5.953353353353353361e-01,2.585407926268322498e+00
5.944444444444444420e-01,2.591174098038030671e+00
5.935535535535535479e-01,2.605361760575526819e+00
5.926626626626626537e-01,2.629810118995424606e+00
5.917717717717717596e-01,2.636863443618256753e+00
5.908808808808808655e-01,2.657323996093815754e+00
5.899899899899899713e-01,2.662392227097213571e+00
5.890990990990990772e-01,2.677126601687435326e+00
5.882082082082081831e-01,2.684335030079502360e+00
5.873173173173172890e-01,2.688199822051549503e+00
5.864264264264265059e-01,2.693565226867160156e+00
5.855355355355356117e-01,2.712870278475756791e+00
5.846446446446447176e-01,2.731592105082796262e+00
5.837537537537538235e-01,2.739071969599299106e+00
5.828628628628629293e-01,2.746990312809649559e+00
5.819719719719720352e-01,2.755013679813920646e+00
5.810810810810811411e-01,2.760814546706476413e+00
5.801901901901902470e-01,2.767342901528346388e+00
5.792992992992993528e-01,2.787071547475416633e+00
5.784084084084084587e-01,2.794261351815715777e+00
5.775175175175175646e-01,2.812147819300288010e+00
5.766266266266266705e-01,2.823621569080941196e+00
5.757357357357357763e-01,2.842882857931922747e+00
5.748448448448448822e-01,2.853411341426004721e+00
5.739539539539539881e-01,2.865090791844556062e+00
5.730630630630630939e-01,2.885243827987615806e+00
5.721721721721721998e-01,2.897891423622611651e+00
5.712812812812813057e-01,2.912858997067078626e+00
5.703903903903904116e-01,2.920013672288176210e+00
5.694994994994995174e-01,2.925705129346289457e+00
5.686086086086086233e-01,2.933865999526953150e+00
5.677177177177177292e-01,2.938801433991395484e+00
5.668268268268268351e-01,2.955339173317132140e+00
5.659359359359359409e-01,2.975794697861124494e+00
5.650450450450450468e-01,2.988010526303468417e+00
5.641541541541541527e-01,2.995468527377079582e+00
5.632632632632632586e-01,3.002658396125331031e+00
5.623723723723723644e-01,3.017922649082787956e+00
5.614814814814814703e-01,3.043910831127260685e+00
5.605905905905905762e-01,3.045346717568001349e+00
5.596996996996996820e-01,3.051205221177146765e+00
5.588088088088087879e-01,3.064281760349579997e+00
5.579179179179178938e-01,3.076567099352585544e+00
5.570270270270269997e-01,3.096224913815054602e+00
5.561361361361361055e-01,3.126226564223272941e+00
5.552452452452452114e-01,3.134988793482372138e+00
5.543543543543543173e-01,3.138337568218327434e+00
5.534634634634634232e-01,3.145751991403682002e+00
5.525725725725725290e-01,3.161606917462839839e+00
5.516816816816816349e-01,3.168592929348295950e+00
5.507907907907907408e-01,3.172479725690724894e+00
5.498998998998998466e-01,3.183124024017077502e+00
5.490090090090089525e-01,3.184020778456933431e+00
5.481181181181180584e-01,3.190069522295264637e+00
5.472272272272271643e-01,3.197043771048646565e+00
5.463363363363362701e-01,3.206282052652702053e+00
5.454454454454453760e-01,3.209064087486193984e+00
5.445545545545544819e-01,3.221880857117474406e+00
5.436636636636635878e-01,3.246441578935236105e+00
5.427727727727726936e-01,3.267265777274113603e+00
5.418818818818817995e-01,3.281852205948119217e+00
5.409909909909910164e-01,3.293867780718363392e+00
5.401001001001001223e-01,3.314164704790982352e+00
5.392092092092092281e-01,3.318102037351877698e+00
5.383183183183183340e-01,3.325838664031860237e+00
5.374274274274274399e-01,3.344768682564339013e+00
5.365365365365365458e-01,3.356455570779236286e+00
5.356456456456456516e-01,3.363023975437853696e+00
5.347547547547547575e-01,3.370843181308192271e+00
5.338638638638638634e-01,3.373883786825282005e+00
5.329729729729729693e-01,3.383737767408690367e+00
5.320820820820820751e-01,3.394475347074155103e+00
5.311911911911911810e-01,3.413287811416982453e+00
5.303003003003002869e-01,3.416670079496553214e+00
5.294094094094093927e-01,3.418684115990444194e+00
5.285185185185184986e-01,3.429180190957492602e+00
5.276276276276276045e-01,3.437010883892741120e+00
5.267367367367367104e-01,3.444979483756666738e+00
5.258458458458459273e-01,3.456647739965475807e+00
5.249549549549550331e-01,3.474580910211755747e+00
5.240640640640641390e-01,3.484843200071463976e+00
5.231731731731732449e-01,3.486764281640830632e+00
5.222822822822823507e-01,3.494783848665379278e+00
5.213913913913914566e-01,3.498973479918402685e+00
5.205005005005005625e-01,3.506528313154912979e+00
5.196096096096096684e-01,3.526548895348418089e+00
5.187187187187187742e-01,3.541596522865346763e+00
5.178278278278278801e-01,3.551149511579112072e+00
5.169369369369369860e-01,3.552919033804500248e+00
5.160460460460460919e-01,3.567988479501490673e+00
5.151551551551551977e-01,3.571998339950883228e+00
5.142642642642643036e-01,3.578591326733889577e+00
5.133733733733734095e-01,3.583422085426439363e+00
5.124824824824825154e-01,3.594063730495077547e+00
5.115915915915916212e-01,3.605511184091799493e+00
5.107007007007007271e-01,3.620840224391141060e+00
5.098098098098098330e-01,3.626003496398862325e+00
5.089189189189189388e-01,3.634158545274216667e+00
5.080280280280280447e-01,3.642247513746227128e+00
5.071371371371371506e-01,3.647207818641291954e+00
5.062462462462462565e-01,3.658475857855794988e+00
5.053553553553553623e-01,3.662560867837878043e+00
5.044644644644644682e-01,3.674404541743105934e+00
5.035735735735735741e-01,3.681879171571854403e+00
5.026826826826826800e-01,3.695830141106245303e+00
5.017917917917917858e-01,3.706319419120259973e+00
5.009009009009008917e-01,3.713975803934603803e+00
5.000100100100099976e-01,3.721822742296993169e+00
4.991191191191191034e-01,3.728771091118314729e+00
4.982282282282282093e-01,3.730257126538488066e+00
4.973373373373373152e-01,3.742865010805700887e+00
4.964464464464464211e-01,3.753823595163948479e+00
4.955555555555555824e-01,3.756828313721824131e+00
4.946646646646646883e-01,3.775566287092971152e+00
4.937737737737737942e-01,3.783945502821928653e+00
4.928828828828829001e-01,3.788924230162538986e+00
4.919919919919920059e-01,3.802401189738985998e+00
4.911011011011011118e-01,3.817609513949774769e+00
4.902102102102102177e-01,3.823019230709649996e+00
4.893193193193192680e-01,3.826773089837281372e+00
4.884284284284283739e-01,3.828431361151480417e+00
4.875375375375375908e-01,3.833460934463109204e+00
4.866466466466466967e-01,3.852996289810189268e+00
4.857557557557558026e-01,3.871987293406143227e+00
4.848648648648649084e-01,3.882113326224446936e+00
4.839739739739740143e-01,3.889330940030573114e+00
4.830830830830831202e-01,3.907795032035304761e+00
4.821921921921922261e-01,3.919045221181721494e+00
4.813013013013013319e-01,3.931808119949847136e+00
4.804104104104104378e-01,3.945295210764429239e+00
4.795195195195195437e-01,3.949232851402316058e+00
4.786286286286286495e-01,3.960942006749884836e+00
4.777377377377377554e-01,3.967811686229660406e+00
4.768468468468468613e-01,3.979849752548058284e+00
4.759559559559559672e-01,3.989004376019516851e+00
4.750650650650650730e-01,3.992253322050377307e+00
4.741741741741741789e-01,4.000585488727957717e+00
4.732832832832832848e-01,4.005679099125385889e+00
4.723923923923923907e-01,4.024227627298831322e+00
4.715015015015014965e-01,4.028107103147138268e+00
4.706106106106106024e-01,4.037912093821240944e+00
4.697197197197197083e-01,4.057877221597708584e+00
4.688288288288288141e-01,4.067654719766577109e+00
4.679379379379379200e-01,4.082926056472860665e+00
4.670470470470470259e-01,4.100710959241098408e+00
4.661561561561561318e-01,4.107679595425524965e+00
4.652652652652652376e-01,4.108874369002167626e+00
4.643743743743743435e-01,4.117998075092343058e+00
4.634834834834834494e-01,4.119975239841795478e+00
4.625925925925925553e-01,4.127626836888972583e+00
4.617017017017016611e-01,4.143900197515260508e+00
4.608108108108107670e-01,4.151324495457723529e+00
4.599199199199198729e-01,4.152182613541652856e+00
4.590290290290289787e-01,4.162288803425173711e+00
4.581381381381380846e-01,4.177673278307367788e+00
4.572472472472473015e-01,4.181718157927689639e+00
4.563563563563564074e-01,4.187881720022369691e+00
4.554654654654655133e-01,4.190553685114988269e+00
4.545745745745746191e-01,4.207078787776324269e+00
4.536836836836837250e-01,4.220730826837399974e+00
4.527927927927928309e-01,4.226588933018566863e+00
4.519019019019019368e-01,4.233287215624284450e+00
4.510110110110110426e-01,4.239342739129765114e+00
4.501201201201201485e-01,4.250245109934613907e+00
4.492292292292292544e-01,4.252664988948722247e+00
4.483383383383383602e-01,4.258229318614424663e+00
4.474474474474474661e-01,4.260939080283980829e+00
4.465565565565565720e-01,4.270237060337286117e+00
4.456656656656656779e-01,4.274098252758857797e+00
4.447747747747747837e-01,4.288317331867913751e+00
4.438838838838838896e-01,4.301008870719852162e+00
4.429929929929929955e-01,4.308352924116111815e+00
4.421021021021021014e-01,4.312583601185115079e+00
4.412112112112112072e-01,4.320879527430819600e+00
4.403203203203203131e-01,4.329141234029365570e+00
4.394294294294294190e-01,4.332991707706606022e+00
4.385385385385385248e-01,4.347686658018869998e+00
4.376476476476476307e-01,4.357679679869955081e+00
4.367567567567567366e-01,4.369878777200274733e+00
4.358658658658658425e-01,4.381409479405571794e+00
4.349749749749749483e-01,4.400223958029133797e+00
4.340840840840840542e-01,4.404666485558173861e+00
4.331931931931931601e-01,4.409990794777337797e+00
4.323023023023022660e-01,4.415872822651965457e+00
4.314114114114113718e-01,4.433853430780783533e+00
4.305205205205204777e-01,4.440377805095690356e+00
4.296296296296295836e-01,4.446643803733480560e+00
4.287387387387386894e-01,4.453732733064342142e+00
4.278478478478477953e-01,4.462722373765311445e+00
4.269569569569570122e-01,4.481430918516893236e+00
4.260660660660661181e-01,4.498272231414087052e+00
4.251751751751752240e-01,4.507576878068724646e+00
4.242842842842843298e-01,4.520977636441386061e+00
4.233933933933934357e-01,4.525927917532741596e+00
4.225025025025025416e-01,4.539292094346622619e+00
4.216116116116116475e-01,4.545031164129849977e+00
4.207207207207207533e-01,4.553263763776889128e+00
4.198298298298298592e-01,4.560062572802788594e+00
4.189389389389389651e-01,4.566810524689918438e+00
4.180480480480480709e-01,4.568213265301335646e+00
4.171571571571571768e-01,4.572150668315091870e+00
4.162662662662662827e-01,4.574591925691934513e+00
4.153753753753753886e-01,4.582420400027023888e+00
4.144844844844844944e-01,4.583292406959803778e+00
4.135935935935936003e-01,4.588151404584484894e+00
4.127027027027027062e-01,4.590727232016318382e+00
4.118118118118118121e-01,4.599437958074563682e+00
4.109209209209209179e-01,4.603326397274924986e+00
4.100300300300300238e-01,4.611427734057186534e+00
4.091391391391391297e-01,4.612460259705127186e+00
4.082482482482482355e-01,4.618280827538741917e+00
4.073573573573573414e-01,4.621274004899651011e+00
4.064664664664664473e-01,4.627140640342454425e+00
4.055755755755755532e-01,4.632590609926950265e+00
4.046846846846846590e-01,4.637119711239163777e+00
4.037937937937937649e-01,4.645379413776962174e+00
4.029029029029028708e-01,4.649157298965930885e+00
4.020120120120119767e-01,4.654626098443374715e+00
4.011211211211210825e-01,4.658513198322417281e+00
4.002302302302301884e-01,4.663303804457822999e+00
3.993393393393392943e-01,4.674696741338697947e+00
3.984484484484484001e-01,4.686872033118122616e+00
3.975575575575575060e-01,4.694713073884068777e+00
3.966666666666667229e-01,4.700665136197867966e+00
3.957757757757758288e-01,4.717282772932805734e+00
3.948848848848849347e-01,4.723851799996110046e+00
3.939939939939940405e-01,4.729547131471092847e+00
3.931031031031031464e-01,4.738164002168789857e+00
3.922122122122122523e-01,4.741019931059041959e+00
3.913213213213213582e-01,4.756102988979572288e+00
3.904304304304304640e-01,4.763440498711974058e+00
3.895395395395395699e-01,4.765504483245515566e+00
3.886486486486486758e-01,4.775871304346997803e+00
3.877577577577577816e-01,4.781869352733594702e+00
3.868668668668668875e-01,4.785823834219568695e+00
3.859759759759759934e-01,4.794904837118041385e+00
3.850850850850850993e-01,4.805875307529444029e+00
3.841941941941942051e-01,4.824983464638687991e+00
3.833033033033033110e-01,4.831625111581762333e+00
3.824124124124124169e-01,4.836388075656320673e+00
3.815215215215215228e-01,4.839601263430212796e+00
3.806306306306306286e-01,4.842879697839066466e+00
3.797397397397397345e-01,4.858369920988110380e+00
3.788488488488488404e-01,4.862481504352545336e+00
3.779579579579579462e-01,4.863471802563364754e+00
3.770670670670670521e-01,4.866010405184241883e+00
3.761761761761761580e-01,4.870733322243702368e+00
3.752852852852852639e-01,4.873817150785559882e+00
3.743943943943943697e-01,4.879308708396262517e+00
3.735035035035034756e-01,4.887547281598162208e+00
3.726126126126125815e-01,4.897874556987046546e+00
3.717217217217216874e-01,4.906821000444256953e+00
3.708308308308307932e-01,4.912194062228800284e+00
3.699399399399398991e-01,4.927550290503843300e+00
3.690490490490490050e-01,4.930069883126948049e+00
3.681581581581581109e-01,4.940976061253281593e+00
3.672672672672672167e-01,4.941881641498029332e+00
3.663763763763764336e-01,4.945514193272098957e+00
3.654854854854855395e-01,4.948833915988480214e+00
3.645945945945946454e-01,4.953550619875430883e+00
3.637037037037037512e-01,4.963169460977387537e+00
3.628128128128128571e-01,4.968523300708478807e+00
3.619219219219219630e-01,4.973180492228949312e+00
3.610310310310310689e-01,4.992880229907018297e+00
3.601401401401401747e-01,4.994643151034694917e+00
3.592492492492492806e-01,5.004941586214492588e+00
3.583583583583583865e-01,5.008878666311495031e+00
3.574674674674674923e-01,5.010714938856949630e+00
3.565765765765765982e-01,5.013738204079218441e+00
3.556856856856857041e-01,5.026363291979690118e+00
3.547947947947948100e-01,5.032999139138836675e+00
3.539039039039039158e-01,5.039769417065775414e+00
3.530130130130130217e-01,5.042989468570665323e+00
3.521221221221221276e-01,5.046016778238603173e+00
3.512312312312312335e-01,5.055413024530097665e+00
3.503403403403403393e-01,5.058926587565624189e+00
3.494494494494494452e-01,5.071736641572663906e+00
3.485585585585585511e-01,5.083866757021592520e+00
3.476676676676676569e-01,5.084317602410322934e+00
3.467767767767767628e-01,5.092162241638017228e+00
3.458858858858858687e-01,5.099831746146366918e+00
3.449949949949949746e-01,5.101382171558710432e+00
3.441041041041040804e-01,5.107077256129327836e+00
3.432132132132131863e-01,5.111623480558773913e+00
3.423223223223222922e-01,5.119580102851643666e+00
3.414314314314313981e-01,5.123872283570347186e+00
3.405405405405405039e-01,5.134368124410304546e+00
3.396496496496496098e-01,5.140187386007506021e+00
3.387587587587587157e-01,5.142862338081367390e+00
3.378678678678678216e-01,5.147158161205426907e+00
3.369769769769769274e-01,5.152386108431744383e+00
3.360860860860861443e-01,5.156778624605321326e+00
3.351951951951952502e-01,5.159503403130425880e+00
3.343043043043043561e-01,5.161966399320278676e+00
3.334134134134134619e-01,5.170367574345714701e+00
3.325225225225225678e-01,5.172570903662731645e+00
3.316316316316316737e-01,5.174659266259522106e+00
3.307407407407407796e-01,5.178581003349141731e+00
3.298498498498498854e-01,5.183451772884308362e+00
3.289589589589589913e-01,5.188908195793376699e+00
3.280680680680680972e-01,5.194687044613063520e+00
3.271771771771772030e-01,5.201866151649874759e+00
3.262862862862863089e-01,5.207209938381637038e+00
3.253953953953954148e-01,5.210463263415300084e+00
3.245045045045045207e-01,5.218592471519823306e+00
3.236136136136136265e-01,5.229575922134217514e+00
3.227227227227227324e-01,5.235772472727269644e+00
3.218318318318318383e-01,5.244549138089535489e+00
3.209409409409409442e-01,5.253285824249359415e+00
3.200500500500500500e-01,5.258503870445302653e+00
3.191591591591591559e-01,5.272297437601025649e+00
3.182682682682682618e-01,5.273722665853128433e+00
3.173773773773773677e-01,5.278206678967138465e+00
3.164864864864864735e-01,5.290606929105197587e+00
3.155955955955955794e-01,5.297793854417225390e+00
3.147047047047046853e-01,5.301942985334438418e+00
3.138138138138137911e-01,5.306051121663776904e+00
3.129229229229228970e-01,5.310951891411534120e+00
3.120320320320320029e-01,5.316724892071594155e+00
3.111411411411411088e-01,5.319106115663800871e+00
3.102502502502502146e-01,5.322458390418290719e+00
3.093593593593593205e-01,5.329850999870203054e+00
3.084684684684684264e-01,5.342179268685613103e+00
3.075775775775775323e-01,5.344168912420160567e+00
3.066866866866866381e-01,5.350521813494986567e+00
3.057957957957957440e-01,5.360313054600750249e+00
3.049049049049049609e-01,5.362815664337596822e+00
3.040140140140140668e-01,5.364793331855130631e+00
3.031231231231231726e-01,5.369850278516111075e+00
3.022322322322322785e-01,5.373881477325042511e+00
3.013413413413413844e-01,5.376366610619078834e+00
3.004504504504504903e-01,5.383785131341732644e+00
2.995595595595595961e-01,5.386463463946300045e+00
2.986686686686687020e-01,5.387530985036813824e+00
2.977777777777778079e-01,5.390521705249025963e+00
2.968868868868869138e-01,5.394395828709627416e+00
2.959959959959960196e-01,5.396231835991768477e+00
2.951051051051051255e-01,5.401521486770771041e+00
2.942142142142142314e-01,5.406807140491184605e+00
2.933233233233233372e-01,5.415389499324205325e+00
2.924324324324324431e-01,5.418694343404644620e+00
2.915415415415415490e-01,5.423059714163017908e+00
2.906506506506506549e-01,5.424132120103048571e+00
2.897597597597597607e-01,5.425542299256258083e+00
2.888688688688688666e-01,5.431769513563248886e+00
2.879779779779779725e-01,5.436528604491629224e+00
2.870870870870870784e-01,5.439901071453443926e+00
2.861961961961961842e-01,5.444776747638286452e+00
2.853053053053052901e-01,5.452565950383269744e+00
2.844144144144143960e-01,5.455559673507064389e+00
2.835235235235235018e-01,5.457867663844495176e+00
2.826326326326326077e-01,5.460374515469384349e+00
2.817417417417417136e-01,5.464188564870981146e+00
2.808508508508508195e-01,5.471940451465016508e+00
2.799599599599599253e-01,5.476222588716668227e+00
2.790690690690690312e-01,5.485018649669636481e+00
2.781781781781781371e-01,5.494573632903789751e+00
2.772872872872872430e-01,5.498085069956623272e+00
2.763963963963963488e-01,5.499980831385227198e+00
2.755055055055054547e-01,5.503568311312008632e+00
2.746146146146146716e-01,5.506531236634894633e+00
2.737237237237237775e-01,5.507348621527907717e+00
2.728328328328328833e-01,5.511244643070235760e+00
2.719419419419419892e-01,5.514588704770057248e+00
2.710510510510510951e-01,5.532521939906132502e+00
2.701601601601602010e-01,5.538952344745673884e+00
2.692692692692693068e-01,5.540371656488458640e+00
2.683783783783784127e-01,5.545346373827535480e+00
2.674874874874875186e-01,5.564566077484035311e+00
2.665965965965966245e-01,5.568092156126175141e+00
2.657057057057057303e-01,5.578276008467977221e+00
2.648148148148148362e-01,5.591379135808690393e+00
2.639239239239239421e-01,5.596556752910850641e+00
2.630330330330330479e-01,5.599598588998034643e+00
2.621421421421421538e-01,5.606610049284269870e+00
2.612512512512512597e-01,5.612533405627589289e+00
2.603603603603603656e-01,5.621061785190621940e+00
2.594694694694694714e-01,5.624477705836682162e+00
2.585785785785785773e-01,5.625045610579795685e+00
2.576876876876876832e-01,5.628124297580539448e+00
2.567967967967967891e-01,5.631266867120339192e+00
2.559059059059058949e-01,5.631960624781450875e+00
2.550150150150150008e-01,5.634207699689317117e+00
2.541241241241241067e-01,5.637598357351459200e+00
2.532332332332332125e-01,5.639475043983561697e+00
2.523423423423423184e-01,5.640730186707685334e+00
2.514514514514514243e-01,5.642800295616434703e+00
2.505605605605605302e-01,5.649337291198816224e+00
2.496696696696696360e-01,5.655512080114503348e+00
2.487787787787787419e-01,5.657613557232102686e+00
2.478878878878878478e-01,5.659444912478757139e+00
2.469969969969969537e-01,5.662967161149037310e+00
2.461061061061060595e-01,5.669833450538899200e+00
2.452152152152151654e-01,5.671983882559428203e+00
2.443243243243243823e-01,5.676849202448648768e+00
2.434334334334334882e-01,5.679961593357051086e+00
2.425425425425425940e-01,5.681680340358145287e+00
2.416516516516516999e-01,5.683341257871804331e+00
2.407607607607608058e-01,5.685637542132315758e+00
2.398698698698699117e-01,5.692842644242812611e+00
2.389789789789790175e-01,5.695855231650535089e+00
2.380880880880881234e-01,5.698883730027861638e+00
2.371971971971972293e-01,5.702168781503059058e+00
2.363063063063063352e-01,5.711036733079163596e+00
2.354154154154154410e-01,5.715453222252010690e+00
2.345245245245245469e-01,5.717007018455415590e+00
2.336336336336336528e-01,5.719421872137017360e+00
2.327427427427427586e-01,5.723911263504066760e+00
2.318518518518518645e-01,5.730602182235235986e+00
2.309609609609609704e-01,5.734753750587033849e+00
2.300700700700700763e-01,5.735497710815240957e+00
2.291791791791791821e-01,5.737344189270867645e+00
2.282882882882882880e-01,5.742253071277301224e+00
2.273973973973973939e-01,5.743629925261163116e+00
2.265065065065064998e-01,5.749002390412670138e+00
2.256156156156156056e-01,5.754522822555866668e+00
2.247247247247247115e-01,5.755184013627708595e+00
2.238338338338338174e-01,5.758456860980376568e+00
2.229429429429429232e-01,5.760373873212897955e+00
2.220520520520520291e-01,5.764388855058531824e+00
2.211611611611611350e-01,5.765150145946836169e+00
2.202702702702702409e-01,5.771414617377470080e+00
2.193793793793793467e-01,5.776787198339657259e+00
2.184884884884884526e-01,5.778127485181849821e+00
2.175975975975975585e-01,5.783320526706288156e+00
2.167067067067066644e-01,5.786951530628660301e+00
2.158158158158157702e-01,5.789377630945294229e+00
2.149249249249248761e-01,5.790885803778840213e+00
2.140340340340340930e-01,5.795838962338503819e+00
2.131431431431431989e-01,5.797194558003362808e+00
2.122522522522523047e-01,5.800993596208718905e+00
2.113613613613614106e-01,5.809924530621978889e+00
2.104704704704705165e-01,5.812187018175293929e+00
2.095795795795796224e-01,5.814180355849057236e+00
2.086886886886887282e-01,5.822512566539157497e+00
2.077977977977978341e-01,5.823159499162415820e+00
2.069069069069069400e-01,5.826665372521537378e+00
2.060160160160160459e-01,5.829588760837220107e+00
2.051251251251251517e-01,5.837190348403500373e+00
2.042342342342342576e-01,5.845228164845301499e+00
2.033433433433433635e-01,5.850827051879069707e+00
2.024524524524524693e-01,5.854053826257363369e+00
2.015615615615615752e-01,5.857805107788059296e+00
2.006706706706706811e-01,5.860526505644428674e+00
1.997797797797797870e-01,5.863831602143606325e+00
1.988888888888888928e-01,5.867648961110987216e+00
1.979979979979979987e-01,5.871812517398837805e+00
1.971071071071071046e-01,5.876092014423793586e+00
1.962162162162162105e-01,5.878020292226231014e+00
1.953253253253253163e-01,5.882263706798360303e+00
1.944344344344344222e-01,5.883621049749253373e+00
1.935435435435435281e-01,5.891584958209611145e+00
1.926526526526526339e-01,5.892040501327779900e+00
1.917617617617617398e-01,5.896039593534613488e+00
1.908708708708708457e-01,5.902155244584617932e+00
1.899799799799799516e-01,5.904739071931461858e+00
1.890890890890890574e-01,5.906284545538996511e+00
1.881981981981981633e-01,5.910063564168574146e+00
1.873073073073072692e-01,5.911178276028955736e+00
1.864164164164163751e-01,5.913367731201487842e+00
1.855255255255254809e-01,5.916440568254511589e+00
1.846346346346345868e-01,5.919242046515615918e+00
1.837437437437438037e-01,5.923573457599927039e+00
1.828528528528529096e-01,5.926529681935804206e+00
1.819619619619620154e-01,5.930682996418022768e+00
1.810710710710711213e-01,5.936602552323099857e+00
1.801801801801802272e-01,5.939077553956140676e+00
1.792892892892893331e-01,5.944391501374703957e+00
1.783983983983984389e-01,5.945870651307100907e+00
1.775075075075075448e-01,5.947182755969543599e+00
1.766166166166166507e-01,5.949696597219362282e+00
1.757257257257257566e-01,5.953206669994512978e+00
1.748348348348348624e-01,5.955810080848010557e+00
1.739439439439439683e-01,5.960685300501923578e+00
1.730530530530530742e-01,5.962040497214009527e+00
1.721621621621621800e-01,5.962736821287327516e+00
1.712712712712712859e-01,5.963916165156283533e+00
1.703803803803803918e-01,5.969755340316392989e+00
1.694894894894894977e-01,5.974519289210399542e+00
1.685985985985986035e-01,5.977348618252417367e+00
1.677077077077077094e-01,5.980890069285828226e+00
1.668168168168168153e-01,5.981415090667926648e+00
1.659259259259259212e-01,5.996105219861434854e+00
1.650350350350350270e-01,5.997447585280422544e+00
1.641441441441441329e-01,5.999245095106797265e+00
1.632532532532532388e-01,6.001428288610272332e+00
1.623623623623623446e-01,6.005305762814657555e+00
1.614714714714714505e-01,6.007632979329670775e+00
1.605805805805805564e-01,6.012010105802596982e+00
1.596896896896896623e-01,6.014528813991219636e+00
1.587987987987987681e-01,6.016481623760164155e+00
1.579079079079078740e-01,6.018107852753607823e+00
1.570170170170169799e-01,6.020135021932639496e+00
1.561261261261260858e-01,6.022131414381153292e+00
1.552352352352351916e-01,6.025416373182530094e+00
1.543443443443442975e-01,6.032949116682132740e+00
1.534534534534535144e-01,6.039362296864331903e+00
1.525625625625626203e-01,6.044440649802304222e+00
1.516716716716717261e-01,6.047706046814152359e+00
1.507807807807808320e-01,6.050849223980995895e+00
1.498898898898899379e-01,6.057861194367132107e+00
1.489989989989990438e-01,6.059292538291247254e+00
1.481081081081081496e-01,6.061637844854202761e+00
1.472172172172172555e-01,6.065516252803458741e+00
1.463263263263263614e-01,6.070739993511106825e+00
1.454354354354354673e-01,6.072948271585491220e+00
1.445445445445445731e-01,6.075265779672013977e+00
1.436536536536536790e-01,6.077129012573900368e+00
1.427627627627627849e-01,6.078717447248047634e+00
1.418718718718718907e-01,6.083379731115923228e+00
1.409809809809809966e-01,6.089797942996544755e+00
1.400900900900901025e-01,6.093362492911379213e+00
1.391991991991992084e-01,6.095861566681029409e+00
1.383083083083083142e-01,6.098016578695226286e+00
1.374174174174174201e-01,6.101040916480688914e+00
1.365265265265265260e-01,6.102329809083910206e+00
1.356356356356356319e-01,6.103307836233264894e+00
1.347447447447447377e-01,6.108747857337761822e+00
1.338538538538538436e-01,6.113071043235287050e+00
1.329629629629629495e-01,6.120992652182647653e+00
1.320720720720720553e-01,6.124915722387537009e+00
1.311811811811811612e-01,6.129754587835305024e+00
1.302902902902902671e-01,6.131521926320842475e+00
1.293993993993993730e-01,6.135324030598742873e+00
1.285085085085084788e-01,6.138865044301226703e+00
1.276176176176175847e-01,6.140743234006317941e+00
1.267267267267266906e-01,6.146371574662764736e+00
1.258358358358357965e-01,6.149058875610120545e+00
1.249449449449449023e-01,6.154651522302164501e+00
1.240540540540540082e-01,6.156557095431989701e+00
1.231631631631632251e-01,6.159708597155630905e+00
1.222722722722723310e-01,6.163751943130608701e+00
1.213813813813814368e-01,6.169655526593079031e+00
1.204904904904905427e-01,6.173527595001675472e+00
1.195995995995996486e-01,6.178260237757761786e+00
1.187087087087087545e-01,6.179171719550089925e+00
1.178178178178178603e-01,6.181202484737255531e+00
1.169269269269269662e-01,6.182544726915558009e+00
1.160360360360360721e-01,6.185367453013979500e+00
1.151451451451451780e-01,6.189148702176218819e+00
1.142542542542542838e-01,6.193526082017867473e+00
1.133633633633633897e-01,6.198089839089298003e+00
1.124724724724724956e-01,6.201690041602311076e+00
1.115815815815816014e-01,6.202876264272200402e+00
1.106906906906907073e-01,6.213186068649155125e+00
1.097997997997998132e-01,6.215447332778019529e+00
1.089089089089089191e-01,6.217762633631578773e+00
1.080180180180180249e-01,6.219296488122777689e+00
1.071271271271271308e-01,6.222582384103114705e+00
1.062362362362362367e-01,6.223622860496722531e+00
1.053453453453453426e-01,6.227644818595662102e+00
1.044544544544544484e-01,6.232579800224733901e+00
1.035635635635635543e-01,6.236504338099743805e+00
1.026726726726726602e-01,6.236658435723923866e+00
1.017817817817817660e-01,6.239977125083814080e+00
1.008908908908908719e-01,6.243781383986093836e+00
1.000000000000000056e-01,6.245861139766999415e+00
