6.598477848825099024e+00 0.000000000000000000e+00
6.530000193753513038e+00 2.280326315471344345e-01
6.411764532074687217e+00 4.483542526604567535e-01
6.244920924014522257e+00 6.563676380131678867e-01
6.031125630454637232e+00 8.476194302990815999e-01
5.772523178408394351e+00 1.017851583118383862e+00
5.471723110046606386e+00 1.163050650681906717e+00
5.131771670483729508e+00 1.279494381648921708e+00
4.756118745549119176e+00 1.363795104407179659e+00
4.348580413966883107e+00 1.412939427150485816e+00
3.913297528907022649e+00 1.424323818349639614e+00
3.454690793089809642e+00 1.395785682559540275e+00
2.977412844336248643e+00 1.325629606304577157e+00
2.486297941171589976e+00 1.212648530793591251e+00
1.986309993984798350e+00 1.056139758005172347e+00
1.482490222816588377e+00 8.559161292141452826e-01
9.799085696422735747e-01 6.123148328427635567e-01
4.836513957031313149e-01 3.262269855844888156e-01
1.566228810086054204e-02 1.137931839114750092e-02
4.713130172713853039e-01 3.682300859796454606e-01
9.198732282697963392e-01 7.718652865710398103e-01
1.343603433669663616e+00 1.209785965608629610e+00
1.738379199022150434e+00 1.678733278853803190e+00
2.100461064859794114e+00 2.175091105599136210e+00
2.426492892550558000e+00 2.694893373610736553e+00
2.713531850999810757e+00 3.233861332047840431e+00
2.959078370789043788e+00 3.787447599694964584e+00
3.161102232462768669e+00 4.350883961522819199e+00
3.318063799487995347e+00 4.919231880155984449e+00
3.428929971175716407e+00 5.487435030536232716e+00
3.493184617118529012e+00 6.050373237067326215e+00
3.510833354844033138e+00 6.602917205875821871e+00
3.482402608603794913e+00 7.139983446346123586e+00
3.408932955606656989e+00 7.656588778066542034e+00
3.291966831120595405e+00 8.147903825589091653e+00
3.133530726874837136e+00 8.609304915255840740e+00
2.936112078136203341e+00 9.036423806181213436e+00
2.702631093352984681e+00 9.425194711332746778e+00
2.436407835854578430e+00 9.771898094362866161e+00
2.141124919223631906e+00 1.007320076313411761e+01
1.820786226081867465e+00 1.032619182138843250e+01
1.479672103641296754e+00 1.052841408530581369e+01
1.122291528001320149e+00 1.067789062129091349e+01
7.533317624009949753e-01 1.077314611467721228e+01
3.776060621037244380e-01 1.081322283556657915e+01
6.611678877265186864e-16 1.079769102710837991e+01
-3.745829978714557695e-01 1.072665360252091737e+01
-7.412763090269347543e-01 1.060074509940144338e+01
-1.095304363503960987e+00 1.042112490267699343e+01
-1.432035889600373757e+00 1.018946481023004047e+01
-1.747035571893190253e+00 9.907931077103281581e+00
-2.036113554447183560e+00 9.579161134569428526e+00
-2.295372245740495920e+00 9.206235238583332148e+00
-2.521249911408071753e+00 8.792643357577125229e+00
-2.710560576109116937e+00 8.342247661607302689e+00
-2.860529796276036318e+00 7.859241022945541388e+00
-2.968825910756815567e+00 7.348101981795855941e+00
-3.033586425924141849e+00 6.813546669442283488e+00
-3.053439245150274761e+00 6.260478214360593263e+00
-3.027518509052316453e+00 5.693934184300564638e+00
-2.955474871979821394e+00 5.119032638762177179e+00
-2.837480101198774918e+00 4.540917381415295218e+00
-2.674225947457712582e+00 3.964703010684808682e+00
-2.466917298426174021e+00 3.395420368851377546e+00
-2.217259689201522832e+00 2.837962985592516585e+00
-1.927441306051975722e+00 2.297035101001918544e+00
-1.600109680318493099e+00 1.777101836061057538e+00
-1.238343329191697206e+00 1.282342056258337637e+00
-8.456186643322585184e-01 8.166044519130128965e-01
-4.257726327097889341e-01 3.833674004432329196e-01
-1.706013273339981526e-02 1.431515108443123276e-02
-4.783900557707270185e-01 3.737592744374160225e-01
-9.536194543877390961e-01 6.928450891459609906e-01
-1.437899173034514755e+00 9.698752385724626057e-01
-1.926275282188934623e+00 1.203670387180356460e+00
-2.413724923679207546e+00 1.393564734435899011e+00
-2.895210829938305253e+00 1.539410904926655999e+00
-3.365736127123216015e+00 1.641579193711442564e+00
-3.820398738519439785e+00 1.700951107705401366e+00
-4.254444782966876559e+00 1.718907268686181045e+00
-4.663320381680441606e+00 1.697309811778587418e+00
-5.042721305657621222e+00 1.638479474821479709e+00
-5.388639919845281234e+00 1.545167632531349922e+00
-5.697408909929018606e+00 1.420523584893545355e+00
-5.965741312860735057e+00 1.268057461274481046e+00
-6.190766412715674072e+00 1.091599149825528858e+00
-6.370061108740124212e+00 8.952537053275801959e-01
-6.501676412025517493e+00 6.833537272308309873e-01
-6.584158780582674453e+00 4.604092328560189795e-01
-6.616566059109156406e+00 2.310555781770707306e-01
-6.598477848825099024e+00 8.080804776808370155e-16
-6.530000193753513038e+00 -2.280326315471339349e-01
-6.411764532074688994e+00 -4.483542526604537004e-01
-6.244920924014523145e+00 -6.563676380131653332e-01
-6.031125630454637232e+00 -8.476194302990821550e-01
-5.772523178408394351e+00 -1.017851583118384751e+00
-5.471723110046606386e+00 -1.163050650681905163e+00
-5.131771670483728620e+00 -1.279494381648920154e+00
-4.756118745549119176e+00 -1.363795104407178771e+00
-4.348580413966883107e+00 -1.412939427150487370e+00
-3.913297528907023537e+00 -1.424323818349639614e+00
-3.454690793089810974e+00 -1.395785682559540719e+00
-2.977412844336252640e+00 -1.325629606304577379e+00
-2.486297941171593084e+00 -1.212648530793591917e+00
-1.986309993984795907e+00 -1.056139758005171236e+00
-1.482490222816587488e+00 -8.559161292141452826e-01
-9.799085696422720204e-01 -6.123148328427623355e-01
-4.836513957031314814e-01 -3.262269855844886490e-01
-1.566228810086054204e-02 -1.137931839114749918e-02
-4.713130172713837496e-01 -3.682300859796440173e-01
-9.198732282697960061e-01 -7.718652865710394773e-01
-1.343603433669660951e+00 -1.209785965608627389e+00
-1.738379199022147770e+00 -1.678733278853801192e+00
-2.100461064859797666e+00 -2.175091105599138430e+00
-2.426492892550559333e+00 -2.694893373610737441e+00
-2.713531850999812534e+00 -3.233861332047840875e+00
-2.959078370789042900e+00 -3.787447599694965028e+00
-3.161102232462768669e+00 -4.350883961522819199e+00
-3.318063799487998455e+00 -4.919231880155983561e+00
-3.428929971175716407e+00 -5.487435030536230940e+00
-3.493184617118529900e+00 -6.050373237067321774e+00
-3.510833354844030474e+00 -6.602917205875819207e+00
-3.482402608603797578e+00 -7.139983446346120921e+00
-3.408932955606656989e+00 -7.656588778066542034e+00
-3.291966831120598513e+00 -8.147903825589091653e+00
-3.133530726874842021e+00 -8.609304915255840740e+00
-2.936112078136204673e+00 -9.036423806181213436e+00
-2.702631093352982017e+00 -9.425194711332748554e+00
-2.436407835854577542e+00 -9.771898094362866161e+00
-2.141124919223635903e+00 -1.007320076313411761e+01
-1.820786226081866799e+00 -1.032619182138843250e+01
-1.479672103641288983e+00 -1.052841408530581724e+01
-1.122291528001319039e+00 -1.067789062129091349e+01
-7.533317624009963076e-01 -1.077314611467721228e+01
-3.776060621037306553e-01 -1.081322283556658093e+01
-1.983503663179556059e-15 -1.079769102710837991e+01
3.745829978714616537e-01 -1.072665360252091737e+01
7.412763090269334221e-01 -1.060074509940144516e+01
1.095304363503957656e+00 -1.042112490267699343e+01
1.432035889600374423e+00 -1.018946481023004047e+01
1.747035571893187145e+00 -9.907931077103281581e+00
2.036113554447179119e+00 -9.579161134569433855e+00
2.295372245740493256e+00 -9.206235238583335700e+00
2.521249911408073974e+00 -8.792643357577121677e+00
2.710560576109116049e+00 -8.342247661607302689e+00
2.860529796276033654e+00 -7.859241022945545829e+00
2.968825910756814679e+00 -7.348101981795855941e+00
3.033586425924146734e+00 -6.813546669442283488e+00
3.053439245150274317e+00 -6.260478214360594151e+00
3.027518509052315565e+00 -5.693934184300563750e+00
2.955474871979821838e+00 -5.119032638762174514e+00
2.837480101198777582e+00 -4.540917381415301435e+00
2.674225947457713026e+00 -3.964703010684813567e+00
2.466917298426174909e+00 -3.395420368851379767e+00
2.217259689201525052e+00 -2.837962985592516585e+00
1.927441306051975722e+00 -2.297035101001918544e+00
1.600109680318491989e+00 -1.777101836061058648e+00
1.238343329191696318e+00 -1.282342056258338303e+00
8.456186643322572971e-01 -8.166044519130126744e-01
4.257726327097883234e-01 -3.833674004432321425e-01
1.706013273339718889e-02 -1.431515108442903139e-02
4.783900557707245760e-01 -3.737592744374145237e-01
9.536194543877366536e-01 -6.928450891459593253e-01
1.437899173034512312e+00 -9.698752385724620506e-01
1.926275282188932403e+00 -1.203670387180357793e+00
2.413724923679205325e+00 -1.393564734435899899e+00
2.895210829938306141e+00 -1.539410904926655110e+00
3.365736127123216459e+00 -1.641579193711441675e+00
3.820398738519440673e+00 -1.700951107705400256e+00
4.254444782966877447e+00 -1.718907268686181711e+00
4.663320381680440718e+00 -1.697309811778585198e+00
5.042721305657620334e+00 -1.638479474821479931e+00
5.388639919845279458e+00 -1.545167632531350144e+00
5.697408909929018606e+00 -1.420523584893546243e+00
5.965741312860734169e+00 -1.268057461274484599e+00
6.190766412715672296e+00 -1.091599149825535076e+00
6.370061108740124212e+00 -8.952537053275810841e-01
6.501676412025517493e+00 -6.833537272308288779e-01
6.584158780582674453e+00 -4.604092328560139835e-01
6.616566059109153741e+00 -2.310555781770713968e-01
