0.001	2.80113300197	2.31853165752e-14	1000000.0
0.002	2.31210701963	1.54472084946e-14	1000000.0
0.003	1.8421409781	9.29850531876e-15	1000000.0
0.004	1.46657038805	5.50013114963e-15	1000000.0
0.005	1.18703277787	3.33984651784e-15	1000000.0
0.006	0.96501224432	2.03676606007e-15	1000000.0
0.007	0.783978519222	1.23349305716e-15	1000000.0
0.008	0.640771125475	7.55190969252e-16	1000000.0
0.009	0.519509834717	4.51838831401e-16	1000000.0
0.01	0.424001607452	2.7425501724e-16	1000000.0
0.011	0.349897226201	1.71027815487e-16	1000000.0
0.012	0.282682244233	1.00945732004e-16	1000000.0
0.013	0.230922858035	6.1016544664e-17	1000000.0
0.014	0.189634440289	3.75187593131e-17	1000000.0
0.015	0.154627868338	2.26003862555e-17	1000000.0
0.016	0.125840317211	1.35360497403e-17	1000000.0
0.017	0.101901478441	7.99995159409e-18	1000000.0
0.018	0.083735757109	4.89264170035e-18	1000000.0
0.019	0.0682020604376	2.92877914738e-18	1000000.0
0.02	0.055363805033	1.73974040524e-18	1000000.0
0.021	0.0446122471092	1.01625740042e-18	1000000.0
0.022	0.0366096108294	6.20660803404e-19	1000000.0
0.023	0.0307075023027	3.99410489765e-19	1000000.0
0.024	0.0244075930792	2.25072855993e-19	1000000.0
0.025	0.0195382522077	1.28137974716e-19	1000000.0
0.026	0.0164318171482	8.3437139148e-20	1000000.0
0.027	0.0136521691638	5.25029290951e-20	1000000.0
0.028	0.0112725264208	3.27148347599e-20	1000000.0
0.029	0.00915241536577	1.94095197827e-20	1000000.0
0.03	0.00744015775211	3.13756229989e-22	11000000.0
0.031	0.00608496398692	1.90093951602e-22	11000000.0
0.032	0.00498746712532	1.151904557e-22	11000000.0
0.033	0.00413004223347	7.13465710449e-23	11000000.0
0.034	0.00337937243237	4.33710378827e-23	11000000.0
0.035	0.00277319988664	2.59707791718e-23	11000000.0
0.036	0.00228792339499	1.59377845662e-23	11000000.0
0.037	0.0019247417086	1.02534953801e-23	11000000.0
0.038	0.0016099475402	6.46348269664e-24	11000000.0
0.039	0.00136986079816	4.29908300196e-24	11000000.0
0.04	0.00111844096898	2.48553576488e-24	11000000.0
0.041	0.000996706371774	1.86941014878e-24	11000000.0
0.042	0.000855116595928	1.20826774688e-24	11000000.0
0.043	0.000755702520452	8.81536613374e-25	11000000.0
0.044	0.00068732583887	6.78490541085e-25	11000000.0
0.045	0.000576223050869	4.0830256663e-25	11000000.0
0.046	0.000545290658825	3.37462164769e-25	11000000.0
0.047	0.000482609290564	2.3196114236e-25	11000000.0
0.048	0.000446319881349	1.82037953258e-25	11000000.0
0.049	0.000430343385702	1.60210721956e-25	11000000.0
0.05	0.000385755120935	1.44947030036e-15	31000000.0
0.051	0.000378801496845	1.35941640746e-15	31000000.0
0.052	0.000367415890036	1.24095198367e-15	31000000.0
0.053	0.000353687048343	9.67436977815e-16	31000000.0
0.054	0.000347202632286	9.26852622945e-16	31000000.0
0.055	0.000338365206854	8.07640768052e-16	31000000.0
0.056	0.000336333055504	6.39876642614e-16	31000000.0
0.057	0.000339142591841	6.73183330272e-16	31000000.0
0.058	0.000331790386155	5.01417020976e-16	31000000.0
0.059	0.000339197230993	5.6107797496e-16	31000000.0
0.06	0.000338649539403	4.62155935816e-16	31000000.0
0.061	0.000348764200197	3.78944265682e-26	11000000.0
0.062	0.000343724687547	2.69334146244e-26	11000000.0
0.063	0.000351022885432	3.11241111728e-26	11000000.0
0.064	0.00034862199427	2.05908341087e-26	11000000.0
0.065	0.00035067950319	1.41149070605e-26	11000000.0
0.066	0.000356971237933	1.99349961543e-26	11000000.0
0.067	0.000360223322618	1.49363347341e-26	11000000.0
0.068	0.000367536961954	2.19988709228e-26	11000000.0
0.069	0.000369240898511	1.73123109892e-26	11000000.0
0.07	0.000372056554306	5.8207823017e-27	11000000.0
0.071	0.000376969559492	8.15597185188e-26	1000000.0
0.072	0.000380860269736	8.34264929206e-26	1000000.0
0.073	0.000385685213411	1.65489349008e-25	1000000.0
0.074	0.000390839842799	1.30658495141e-25	1000000.0
0.075	0.000394613502524	9.26749037054e-26	1000000.0
0.076	0.000400586322974	9.68281885526e-26	1000000.0
0.077	0.000404115093818	9.92630793463e-26	1000000.0
0.078	0.00040841891969	1.02594511904e-25	1000000.0
0.079	0.000414343771375	1.06895882327e-25	1000000.0
0.08	0.000419024176025	1.1055528679e-25	1000000.0
0.081	0.000422911374562	1.13080880955e-25	1000000.0
0.082	0.000429516868094	1.18769942037e-25	1000000.0
0.083	0.000432795854048	1.20867442972e-25	1000000.0
0.084	0.000437730179704	1.25285891625e-25	1000000.0
0.085	0.000443822466651	1.30604752193e-25	1000000.0
0.086	0.000448327817414	1.3480471922e-25	1000000.0
0.087	0.000454336964264	1.398589508e-25	1000000.0
0.088	0.000458798165851	1.43770582576e-25	1000000.0
0.089	0.000463068127687	1.4775021069e-25	1000000.0
0.09	0.000466792720542	1.51213621534e-25	1000000.0
0.091	0.000471876911129	1.56944219821e-25	1000000.0
0.092	0.000478346307182	1.62342384846e-25	1000000.0
0.093	0.000483635628707	1.68093069074e-25	1000000.0
0.094	0.000488327550747	1.73517604325e-25	1000000.0
0.095	0.000492232595588	1.77134756043e-25	1000000.0
0.096	0.000496277031264	1.81116091764e-25	1000000.0
0.097	0.000501689004059	1.87031679068e-25	1000000.0
0.098	0.000505060459976	1.90983355822e-25	1000000.0
0.099	0.000512295951467	1.98765929091e-25	1000000.0
0.1	0.000515057180456	2.0185676304e-25	1000000.0
0.11	0.000564588351789	2.64055438938e-25	1000000.0
0.12	0.000613592100792	3.38859701141e-25	1000000.0
0.13	0.00066297427695	4.26025321494e-25	1000000.0
0.14	0.000710778788274	5.24086540661e-25	1000000.0
0.15	0.000758941834127	6.34420992336e-25	1000000.0
0.16	0.000809372875822	7.70104562277e-25	1000000.0
0.17	0.000856980537545	9.11331100842e-25	1000000.0
0.18	0.000907648123736	1.07912322589e-24	1000000.0
0.19	0.000955700713553	1.26072301941e-24	1000000.0
0.2	0.00100581680736	1.46893453652e-24	1000000.0
0.21	0.00105304729851	1.68436098553e-24	1000000.0
0.22	0.00110205751373	1.92697929773e-24	1000000.0
0.23	0.00114921969155	2.19072742246e-24	1000000.0
0.24	0.00119837642706	2.47444063267e-24	1000000.0
0.25	0.00124843285343	2.79431782668e-24	1000000.0
0.26	0.00129902017472	3.15034799819e-24	1000000.0
0.27	0.0013444596914	3.48828568567e-24	1000000.0
0.28	0.00139511509474	3.89377972234e-24	1000000.0
0.29	0.00144532261125	4.32294464177e-24	1000000.0
0.3	0.00149719857131	4.80891880128e-24	1000000.0
0.31	0.00154344654353	5.25856774194e-24	1000000.0
0.32	0.00159691389806	5.83663657037e-24	1000000.0
0.33	0.00164260497385	6.33357931039e-24	1000000.0
0.34	0.0016863381838	6.85674541796e-24	1000000.0
0.35	0.00173860679133	7.51772321965e-24	1000000.0
0.36	0.00179312091344	8.21694652176e-24	1000000.0
0.37	0.00183326151334	8.80233934588e-24	1000000.0
0.38	0.00188207413417	9.53223616945e-24	1000000.0
0.39	0.00193156104408	1.02765041941e-23	1000000.0
0.4	0.00198220899949	1.11164297289e-23	1000000.0
0.41	0.00203748856329	1.20810082912e-23	1000000.0
0.42	0.00207668040443	1.28163486205e-23	1000000.0
0.43	0.00213165734139	1.38398876935e-23	1000000.0
0.44	0.0021765296816	1.46891707461e-23	1000000.0
0.45	0.00222745581558	1.57555542611e-23	1000000.0
0.46	0.00228470013483	1.70248406046e-23	1000000.0
0.47	0.00232235818222	1.78814487064e-23	1000000.0
0.48	0.00238564592485	1.93720901639e-23	1000000.0
0.49	0.00242005048388	2.01826849067e-23	1000000.0
0.5	0.00247142750181	2.14804188191e-23	1000000.0
0.51	0.00252313247161	2.2859104971e-23	1000000.0
0.52	0.00256797826146	2.40855347576e-23	1000000.0
0.53	0.00261708160459	2.5484786506e-23	1000000.0
0.54	0.00265982388679	2.67137394934e-23	1000000.0
0.55	0.00272169981374	2.87058778481e-23	1000000.0
0.56	0.00276634982676	3.01259444437e-23	1000000.0
0.57	0.00281367022411	3.17520676089e-23	1000000.0
0.58	0.00286821595036	3.35682103203e-23	1000000.0
0.59	0.00291022922249	3.507800828e-23	1000000.0
0.6	0.00295873093768	3.69162660899e-23	1000000.0
0.61	0.0030077103136	3.86832099528e-23	1000000.0
0.62	0.00306373111147	4.0983736531e-23	1000000.0
0.63	0.00310780106826	4.26887119445e-23	1000000.0
0.64	0.00315124867058	4.43980695466e-23	1000000.0
0.65	0.00320838600312	4.70035773157e-23	1000000.0
0.66	0.00325641608944	4.90735522041e-23	1000000.0
0.67	0.0033074785615	5.15843161085e-23	1000000.0
0.68	0.00335201752328	5.35661958327e-23	1000000.0
0.69	0.00340247331569	5.60590793727e-23	1000000.0
0.7	0.00345064659854	5.84428874997e-23	1000000.0
0.71	0.00349815788941	6.091178302e-23	1000000.0
0.72	0.00354668638894	6.34961468897e-23	1000000.0
0.73	0.00359656274679	6.6190616202e-23	1000000.0
0.74	0.00364076257751	6.86081834065e-23	1000000.0
0.75	0.00369499095473	7.16193572041e-23	1000000.0
0.76	0.00375015133053	7.50009100012e-23	1000000.0
0.77	0.00379089766538	7.75280527257e-23	1000000.0
0.78	0.00383787197028	8.03812294115e-23	1000000.0
0.79	0.00388669355671	8.3548019866e-23	1000000.0
0.8	0.0039258835856	8.59092795421e-23	1000000.0
0.81	0.0039815958679	8.95772292948e-23	1000000.0
0.82	0.00402670567485	9.26476981749e-23	1000000.0
0.83	0.00408245930187	9.6618004141e-23	1000000.0
0.84	0.00413010433339	1.00126999444e-22	1000000.0
0.85	0.00417050087811	1.03090810561e-22	1000000.0
0.86	0.0042244788243	1.07063360606e-22	1000000.0
0.87	0.00427317812811	1.10991315557e-22	1000000.0
0.88	0.00430908062902	1.13643159675e-22	1000000.0
0.89	0.00434924920091	1.16729231432e-22	1000000.0
0.9	0.00440158680337	1.21088962829e-22	1000000.0
0.91	0.00445005582851	1.25021476346e-22	1000000.0
0.92	0.00449323920231	1.28868665583e-22	1000000.0
0.93	0.00454596602133	1.33047901021e-22	1000000.0
0.94	0.00457855645149	1.3616274619e-22	1000000.0
0.95	0.00462998158088	1.40931652534e-22	1000000.0
0.96	0.00467798191139	1.45280293782e-22	1000000.0
0.97	0.00471666144814	1.48685971675e-22	1000000.0
0.98	0.00474525459955	1.51313027175e-22	1000000.0
0.99	0.00480183027697	1.56929519181e-22	1000000.0
1.0	0.00483932947944	1.60878679028e-22	1000000.0
