0.01	2.68361819136	2.12459275686e-14	1000000.0
0.02	2.07534688122	1.21734670659e-14	1000000.0
0.03	1.55145891481	6.26701575353e-15	1000000.0
0.04	1.19020795287	3.3629630931e-15	1000000.0
0.05	0.915203640701	1.79128594168e-15	1000000.0
0.06	0.714152351494	9.81800391356e-16	1000000.0
0.07	0.554468445118	5.29079154071e-16	1000000.0
0.08	0.428187824213	2.80175348285e-16	1000000.0
0.09	0.334981364012	1.52784813714e-16	1000000.0
0.1	0.260839698116	8.18969019074e-17	1000000.0
0.11	0.204210625986	4.4362897959e-17	1000000.0
0.12	0.159561859794	2.39842310537e-17	1000000.0
0.13	0.126085366431	1.32404570086e-17	1000000.0
0.14	0.0986674540303	7.09487369498e-18	1000000.0
0.15	0.077918264021	3.87622948979e-18	1000000.0
0.16	0.0633829050579	2.28417517072e-18	1000000.0
0.17	0.051564090657	1.33240449812e-18	1000000.0
0.18	0.0426387224108	8.07116604739e-19	1000000.0
0.19	0.0354072983952	4.87477701607e-19	1000000.0
0.2	0.0302499696382	3.16460126818e-19	1000000.0
0.201	0.0301877733574	3.15371540124e-19	1000000.0
0.202	0.0291676032338	2.86511239341e-19	1000000.0
0.203	0.0287152117186	2.73472104597e-19	1000000.0
0.204	0.0283408998032	2.63789567461e-19	1000000.0
0.205	0.0274272378532	2.38585307937e-19	1000000.0
0.206	0.0270809948444	2.31825010926e-19	1000000.0
0.207	0.0271025247196	2.31496729814e-19	1000000.0
0.208	0.0261816109268	2.10343598149e-19	1000000.0
0.209	0.0258762648368	2.03352816465e-19	1000000.0
0.21	0.0259119955543	2.02582289254e-19	1000000.0
0.211	0.025574115176	1.95703538774e-19	1000000.0
0.212	0.0252709082429	1.88681093598e-19	1000000.0
0.213	0.0249251238011	1.80920895913e-19	1000000.0
0.214	0.02447204263	1.71268148203e-19	1000000.0
0.215	0.0243806415713	1.68960855029e-19	1000000.0
0.216	0.0242039519184	1.66242452276e-19	1000000.0
0.217	0.023426914928	1.50668448566e-19	1000000.0
0.218	0.0231916427113	1.45652126528e-19	1000000.0
0.219	0.0231090161723	1.4431037021e-19	1000000.0
0.22	0.023268655164	1.47716934544e-19	1000000.0
0.221	0.0219564573586	1.2263327566e-19	1000000.0
0.222	0.022277659458	1.29010785195e-19	1000000.0
0.223	0.0217585534225	1.19406897106e-19	1000000.0
0.224	0.0219232936631	1.22151690274e-19	1000000.0
0.225	0.0216544800188	1.17778728467e-19	1000000.0
0.226	0.0218434470191	1.19312083047e-19	1000000.0
0.227	0.0211450375343	1.08822529741e-19	1000000.0
0.228	0.0211511339758	1.08884447582e-19	1000000.0
0.229	0.0205325449472	9.89183576551e-20	1000000.0
0.23	0.0208435095162	1.04107343176e-19	1000000.0
0.231	0.0203299457759	9.57004566235e-20	1000000.0
0.232	0.0201334425141	9.25676213032e-20	1000000.0
0.233	0.0198383964049	8.80575042069e-20	1000000.0
0.234	0.0195917212001	8.44662220554e-20	1000000.0
0.235	0.0196030013033	8.50544264313e-20	1000000.0
0.236	0.0197297885515	8.65701773517e-20	1000000.0
0.237	0.0194798300184	8.25009161734e-20	1000000.0
0.238	0.019124608324	7.77456284892e-20	1000000.0
0.239	0.0188550604835	7.34568190359e-20	1000000.0
0.24	0.0188831027052	7.48313869133e-20	1000000.0
0.241	0.019139869846	7.80327937848e-20	1000000.0
0.242	0.0187451058768	7.13566451622e-20	1000000.0
0.243	0.0184002981656	6.75528609549e-20	1000000.0
0.244	0.0180803111529	6.24481458644e-20	1000000.0
0.245	0.0183929131887	6.67887355958e-20	1000000.0
0.246	0.0179241862378	5.9900576514e-20	1000000.0
0.247	0.0179123617022	6.06999790697e-20	1000000.0
0.248	0.0179511820287	6.12138931285e-20	1000000.0
0.249	0.0176424565543	5.78047100076e-20	1000000.0
0.25	0.0175718150074	1.53806897236e-21	11000000.0
0.251	0.0174523413954	1.49561198095e-21	11000000.0
0.252	0.0173910366456	1.47487150349e-21	11000000.0
0.253	0.0172776605277	1.43507655591e-21	11000000.0
0.254	0.0171060511403	1.38012284927e-21	11000000.0
0.255	0.0171174259478	1.37183370257e-21	11000000.0
0.256	0.017065168354	1.35403299591e-21	11000000.0
0.257	0.0169590501772	1.31808183852e-21	11000000.0
0.258	0.0168864053207	1.29047554802e-21	11000000.0
0.259	0.0168334685544	1.26970287397e-21	11000000.0
0.26	0.0167041953375	1.22796199166e-21	11000000.0
0.261	0.0166019828282	1.1894347317e-21	11000000.0
0.262	0.0165838612541	1.18506629031e-21	11000000.0
0.263	0.0165577097912	1.17068907708e-21	11000000.0
0.264	0.0164900552075	1.14612966188e-21	11000000.0
0.265	0.0164755417203	1.13485451755e-21	11000000.0
0.266	0.0163649164457	1.09935557792e-21	11000000.0
0.267	0.0163556911514	1.09712989035e-21	11000000.0
0.268	0.0162453562159	1.06297858749e-21	11000000.0
0.269	0.016120188985	1.01611666121e-21	11000000.0
0.27	0.016241269876	1.04594587926e-21	11000000.0
0.271	0.0160955830706	9.99963489065e-22	11000000.0
0.272	0.0160161125929	9.68692207628e-22	11000000.0
0.273	0.0160180888249	9.61237543528e-22	11000000.0
0.274	0.0159277801881	9.34253691865e-22	11000000.0
0.275	0.0159226692342	9.25349495115e-22	11000000.0
0.276	0.0159149141634	9.20706245763e-22	11000000.0
0.277	0.0158404970878	8.94005566555e-22	11000000.0
0.278	0.0158454735041	8.91168029927e-22	11000000.0
0.279	0.0158389096733	8.83829183104e-22	11000000.0
0.28	0.0157354614902	8.46156290124e-22	11000000.0
0.281	0.0157695331544	8.50984138585e-22	11000000.0
0.282	0.0156613902014	8.15571143521e-22	11000000.0
0.283	0.0156855462856	8.18165302811e-22	11000000.0
0.284	0.0155769968527	7.76112601337e-22	11000000.0
0.285	0.0156170265739	7.84973412193e-22	11000000.0
0.286	0.0155794775953	7.69507418195e-22	11000000.0
0.287	0.0156303302135	7.82308704155e-22	11000000.0
0.288	0.0155817933509	7.60117701481e-22	11000000.0
0.289	0.0155856256269	7.5329192479e-22	11000000.0
0.29	0.0156302569215	7.61189647757e-22	11000000.0
0.291	0.0154794165192	7.06488306494e-22	11000000.0
0.292	0.0155555757143	7.24414563503e-22	11000000.0
0.293	0.0154865052097	7.00100880508e-22	11000000.0
0.294	0.0154987744739	6.99610023134e-22	11000000.0
0.295	0.0155875816778	7.19969417809e-22	11000000.0
0.296	0.0154883064624	6.83766198665e-22	11000000.0
0.297	0.0155021987478	6.79796347143e-22	11000000.0
0.298	0.0154381024119	6.4951434596e-22	11000000.0
0.299	0.015445262208	6.45414871985e-22	11000000.0
0.3	0.0154747429181	6.49577493336e-22	11000000.0
0.301	0.0154453667936	6.29812757937e-22	11000000.0
0.302	0.0154570144091	6.27038553397e-22	11000000.0
0.303	0.0155055569771	6.39288639269e-22	11000000.0
0.304	0.0154662063137	6.14749085429e-22	11000000.0
0.305	0.0154560954272	6.01803226739e-22	11000000.0
0.306	0.015517694674	6.1886675062e-22	11000000.0
0.307	0.0154277150345	5.76868197255e-22	11000000.0
0.308	0.0154872549826	5.94525228675e-22	11000000.0
0.309	0.0154866273422	5.78550098158e-22	11000000.0
0.31	0.0155269416205	5.89297711911e-22	11000000.0
0.311	0.0155018573072	5.71494737748e-22	11000000.0
0.312	0.0155651366106	5.77106872643e-22	11000000.0
0.313	0.0155514123382	5.71761105224e-22	11000000.0
0.314	0.0155510436809	5.62340845046e-22	11000000.0
0.315	0.0155338649454	5.53162374005e-22	11000000.0
0.316	0.0155468960683	5.46656176936e-22	11000000.0
0.317	0.0155657807201	5.36786879759e-22	11000000.0
0.318	0.0155951764676	5.41928298269e-22	11000000.0
0.319	0.0155345266506	5.03640736416e-22	11000000.0
0.32	0.015606280071	5.24683412336e-22	11000000.0
0.321	0.015577828048	5.03210997873e-22	11000000.0
0.322	0.015601842424	5.03400646402e-22	11000000.0
0.323	0.0156535849645	5.13102814756e-22	11000000.0
0.324	0.0156418092278	5.02465464357e-22	11000000.0
0.325	0.015687490041	5.04113103233e-22	11000000.0
0.326	0.0156635912097	4.8444972045e-22	11000000.0
0.327	0.0157217830169	4.96145833948e-22	11000000.0
0.328	0.015785011935	5.05133514924e-22	11000000.0
0.329	0.0157304563224	4.79000467412e-22	11000000.0
0.33	0.0157568560744	4.75421804304e-22	11000000.0
0.331	0.0157919913494	4.77537775864e-22	11000000.0
0.332	0.0158038389509	4.65225370276e-22	11000000.0
0.333	0.0158365053357	4.71269609393e-22	11000000.0
0.334	0.0158194705354	4.54741569033e-22	11000000.0
0.335	0.0158553287633	4.62596632198e-22	11000000.0
0.336	0.0158592609711	4.47338605973e-22	11000000.0
0.337	0.0158906257695	4.47613602651e-22	11000000.0
0.338	0.0158992872187	4.43845404952e-22	11000000.0
0.339	0.0159466347547	4.44963018873e-22	11000000.0
0.34	0.0159718015421	4.43903489361e-22	11000000.0
0.341	0.0160012913099	4.38832174539e-22	11000000.0
0.342	0.0159913043976	4.30510220438e-22	11000000.0
0.343	0.0160201271958	4.23646575684e-22	11000000.0
0.344	0.0160435788593	4.2424262175e-22	11000000.0
0.345	0.0160723225472	4.19325979884e-22	11000000.0
0.346	0.0161067781443	4.17092495705e-22	11000000.0
0.347	0.0161496475743	4.23613857788e-22	11000000.0
0.348	0.0161496076814	4.12407939322e-22	11000000.0
0.349	0.0162041457713	4.16713350626e-22	11000000.0
0.35	0.0162021357988	4.07424675143e-22	11000000.0
0.351	0.0162011558711	1.42837901809e-20	1000000.0
0.352	0.0163364920822	1.59671078616e-20	1000000.0
0.353	0.0163376985503	1.54497579842e-20	1000000.0
0.354	0.0162974203368	1.46304456821e-20	1000000.0
0.355	0.0163460192399	1.53126965207e-20	1000000.0
0.356	0.0163231525252	1.39313083252e-20	1000000.0
0.357	0.0164678693063	1.57976860423e-20	1000000.0
0.358	0.0164175595789	1.42558485338e-20	1000000.0
0.359	0.0165607773269	1.49855849775e-20	1000000.0
0.36	0.0164659202551	1.39751156797e-20	1000000.0
0.361	0.0165016283604	1.37411061932e-20	1000000.0
0.362	0.0165489847512	1.26881546991e-20	1000000.0
0.363	0.0165266857088	1.30770591174e-20	1000000.0
0.364	0.016653149041	1.42092544582e-20	1000000.0
0.365	0.0166825601567	1.51125313214e-20	1000000.0
0.366	0.0166443016549	1.28783014652e-20	1000000.0
0.367	0.016652617168	1.27664221354e-20	1000000.0
0.368	0.0166557835709	1.25333479261e-20	1000000.0
0.369	0.016777192451	1.40780829294e-20	1000000.0
0.37	0.0168067574903	1.38180031453e-20	1000000.0
0.371	0.0168086723354	1.28993438642e-20	1000000.0
0.372	0.0168661462944	1.3283772712e-20	1000000.0
0.373	0.0168933942672	1.29269332485e-20	1000000.0
0.374	0.0169363527616	1.41562631685e-20	1000000.0
0.375	0.0169456681564	1.30188541621e-20	1000000.0
0.376	0.0170351201448	1.39082674517e-20	1000000.0
0.377	0.0169835974927	1.30466084015e-20	1000000.0
0.378	0.0171117135644	1.422691506e-20	1000000.0
0.379	0.0170035620925	1.15658679434e-20	1000000.0
0.38	0.0170457454591	1.26376564665e-20	1000000.0
0.381	0.017138489347	1.23361765815e-20	1000000.0
0.382	0.0172290550861	1.4080002145e-20	1000000.0
0.383	0.0171896428208	1.30733323721e-20	1000000.0
0.384	0.0172935164558	1.31749175045e-20	1000000.0
0.385	0.017268675756	1.24387585647e-20	1000000.0
0.386	0.0173013930315	1.28401062559e-20	1000000.0
0.387	0.0173227663462	1.23587731761e-20	1000000.0
0.388	0.0173438954557	1.19929657209e-20	1000000.0
0.389	0.0173891717158	1.35638732006e-20	1000000.0
0.39	0.0174128861754	1.20950275194e-20	1000000.0
0.391	0.0174648928801	1.23610472654e-20	1000000.0
0.392	0.0175095398094	1.34584498179e-20	1000000.0
0.393	0.0175029541021	1.21444814864e-20	1000000.0
0.394	0.0175469339746	1.1098426917e-20	1000000.0
0.395	0.0175896268125	1.1147016524e-20	1000000.0
0.396	0.0176472270369	1.21172971853e-20	1000000.0
0.397	0.0177028431988	1.30933830737e-20	1000000.0
0.398	0.0177523488558	1.23089702774e-20	1000000.0
0.399	0.0176362032221	1.20178499022e-20	1000000.0
0.4	0.0177745115969	1.17080128463e-20	1000000.0
0.41	0.0181738413976	1.36456613824e-20	1000000.0
0.42	0.0185045419603	1.21508527466e-20	1000000.0
0.43	0.0188407012306	1.35534319439e-20	1000000.0
0.44	0.0191655177478	1.26806073101e-20	1000000.0
0.45	0.0194893412888	1.16421939453e-20	1000000.0
0.46	0.0198853049298	1.26119515508e-20	1000000.0
0.47	0.0203273042274	1.36015413288e-20	1000000.0
0.48	0.0206845679846	1.39670478702e-20	1000000.0
0.49	0.0210436258869	1.55195562023e-20	1000000.0
0.5	0.0214996884909	1.5397555236e-20	1000000.0
0.51	0.0218315250573	1.71622858603e-20	1000000.0
0.52	0.0222174212509	1.68525262071e-20	1000000.0
0.53	0.0226103853878	1.76869533432e-20	1000000.0
0.54	0.0229192139308	1.87203932722e-20	1000000.0
0.55	0.0233802476858	2.00110295767e-20	1000000.0
0.56	0.0237526268384	2.08083914188e-20	1000000.0
0.57	0.0241255352163	2.12931379378e-20	1000000.0
0.58	0.0245417138723	2.24930277166e-20	1000000.0
0.59	0.0248939159514	2.32845271036e-20	1000000.0
0.6	0.0253230659084	2.44672843931e-20	1000000.0
0.61	0.0255940670492	2.52124717023e-20	1000000.0
0.62	0.026037492327	2.6532392347e-20	1000000.0
0.63	0.0264466054795	2.77825586306e-20	1000000.0
0.64	0.0268118783671	2.89711372879e-20	1000000.0
0.65	0.0272287457864	3.02308025084e-20	1000000.0
0.66	0.0275963134012	3.14066713109e-20	1000000.0
0.67	0.0279628392496	3.26622755102e-20	1000000.0
0.68	0.0284117483883	3.42151699591e-20	1000000.0
0.69	0.0288465252426	3.58799003517e-20	1000000.0
0.7	0.0291502591771	3.70137039818e-20	1000000.0
0.71	0.0295227852413	3.83528104299e-20	1000000.0
0.72	0.0299270702688	3.98961231213e-20	1000000.0
0.73	0.0302729738652	4.13581180004e-20	1000000.0
0.74	0.0307817270966	4.33041630569e-20	1000000.0
0.75	0.0311011358012	4.47749390262e-20	1000000.0
0.76	0.0313848455726	4.57608438904e-20	1000000.0
0.77	0.0318514998784	4.78939858166e-20	1000000.0
0.78	0.0322614639178	4.97829323178e-20	1000000.0
0.79	0.0326591823999	5.15545812907e-20	1000000.0
0.8	0.0329593337508	5.28982759096e-20	1000000.0
0.81	0.0333728978786	5.48873237809e-20	1000000.0
0.82	0.0337358229018	5.66553052489e-20	1000000.0
0.83	0.0340460748511	5.8072779171e-20	1000000.0
0.84	0.0345179360568	6.07606812437e-20	1000000.0
0.85	0.0349037762825	6.2483197916e-20	1000000.0
0.86	0.035322719073	6.48701795022e-20	1000000.0
0.87	0.0356825250705	6.68550634157e-20	1000000.0
0.88	0.0359944206573	6.8526182222e-20	1000000.0
0.89	0.0362808515758	7.02547921686e-20	1000000.0
0.9	0.0366797820408	7.22741494637e-20	1000000.0
0.91	0.0370063495789	7.44554130461e-20	1000000.0
0.92	0.0374470290045	7.70601021882e-20	1000000.0
0.93	0.0377582914296	7.88076461155e-20	1000000.0
0.94	0.038186158225	8.14681844183e-20	1000000.0
0.95	0.0383651471898	8.26954699307e-20	1000000.0
0.96	0.0388319770284	8.5773044557e-20	1000000.0
0.97	0.0392746758265	8.87221523291e-20	1000000.0
0.98	0.0395566856721	9.05618274834e-20	1000000.0
0.99	0.0398043418122	9.21175408343e-20	1000000.0
1.0	0.0402142362592	9.51561238041e-20	1000000.0
